0,549384600,50,36.740497310578,127.123016710375,51.730731177144,0.0076,0.0070,188.313565,1.0335,8
1,549384650,50,36.740497313491,127.123016729982,51.733211464249,0.0076,0.0070,79.538629,1.0335,8
2,549384700,50,36.740497319231,127.123016724678,51.734352157451,0.0076,0.0070,323.357898,1.0335,8
3,549384750,50,36.740497320447,127.123016723550,51.730443378910,0.0076,0.0070,323.283953,1.0335,8
4,549384800,50,36.740497315937,127.123016728014,51.736182909459,0.0076,0.0070,141.459021,1.0335,8
5,549384850,50,36.740497323863,127.123016713063,51.732621509582,0.0076,0.0070,303.372435,1.0335,8
6,549384900,50,36.740497325403,127.123016723492,51.730083257891,0.0077,0.0070,79.603675,1.0335,8
7,549384950,50,36.740497329533,127.123016728136,51.731359024532,0.0077,0.0070,42.145559,1.0335,8
8,549385000,50,36.740497308908,127.123016743459,51.729296380654,0.0077,0.0070,149.123272,1.0335,8
9,549385050,50,36.740497324625,127.123016739802,51.729092859663,0.0077,0.0070,349.393726,1.0335,8
10,549385100,50,36.740497312165,127.123016719162,51.732993391342,0.0077,0.0070,233.126526,1.0335,8
11,549385150,50,36.740497319988,127.123016715075,51.733371108770,0.0077,0.0070,337.196133,1.0335,8
12,549385200,50,36.740497316294,127.123016730516,51.730165528134,0.0077,0.0070,106.556341,1.0335,8
13,549385250,50,36.740497313540,127.123016732087,51.730340512469,0.0077,0.0070,155.339926,1.0335,8
14,549385300,50,36.740497328443,127.123016746009,51.732904382050,0.0077,0.0070,36.937159,1.0335,8
15,549385350,50,36.740497306035,127.123016727513,51.728506486863,0.0077,0.0070,213.597173,1.0335,8
16,549385400,50,36.740497310498,127.123016729536,51.733444506302,0.0077,0.0070,20.045922,1.0335,8
17,549385450,50,36.740497307447,127.123016728440,51.732469435781,0.0077,0.0070,196.127957,1.0335,8
18,549385500,50,36.740497311039,127.123016738362,51.730066720396,0.0077,0.0070,65.781567,1.0335,8
19,549385550,50,36.740497325787,127.123016748402,51.732809536159,0.0077,0.0070,28.717933,1.0335,8
20,549385600,50,36.740497324705,127.123016738718,51.727624315768,0.0077,0.0070,262.093083,1.0335,8
21,549385650,50,36.740497318690,127.123016733133,51.731109921820,0.0077,0.0070,216.777067,1.0335,8
22,549385700,50,36.740497304635,127.123016731828,51.731140422635,0.0077,0.0070,184.271659,1.0335,8
23,549385750,50,36.740497311823,127.123016737298,51.732790747657,0.0077,0.0070,31.480919,1.0335,8
24,549385800,50,36.740497324371,127.123016739693,51.733594712801,0.0076,0.0069,31.480919,1.0335,8
25,549385850,50,36.740497308690,127.123016749385,51.735726346262,0.0076,0.0069,153.552502,1.0335,8
26,549385900,50,36.740497312467,127.123016743717,51.734526997432,0.0076,0.0069,309.617275,1.0335,8
27,549385950,50,36.740497320626,127.123016741824,51.734974453226,0.0076,0.0069,349.423117,1.0335,8
28,549386000,50,36.740497312854,127.123016748572,51.739875451662,0.0076,0.0069,145.056051,1.0335,8
29,549386050,50,36.740497308079,127.123016742462,51.733400338329,0.0076,0.0069,225.843413,1.0335,8
30,549386100,50,36.740497317001,127.123016747844,51.737000703812,0.0076,0.0069,25.898661,1.0335,8
31,549386150,50,36.740497297365,127.123016741266,51.733538650908,0.0076,0.0069,195.089149,1.0335,8
32,549386200,50,36.740497315609,127.123016744090,51.735705373809,0.0076,0.0069,7.101405,1.0335,8
33,549386250,50,36.740497304963,127.123016751687,51.736035338603,0.0076,0.0069,150.129192,1.0335,8
34,549386300,50,36.740497310288,127.123016745751,51.736178142950,0.0076,0.0069,318.101629,1.0335,8
35,549386350,50,36.740497315936,127.123016755175,51.733808957040,0.0076,0.0070,53.331946,1.0335,8
36,549386400,50,36.740497312998,127.123016742672,51.738182563335,0.0077,0.0070,253.723546,1.0335,8
37,549386450,50,36.740497307347,127.123016743136,51.736058523878,0.0077,0.0070,176.219485,1.0335,8
38,549386500,50,36.740497311664,127.123016759680,51.735862009227,0.0077,0.0070,72.037956,1.0335,8
39,549386550,50,36.740497318663,127.123016737342,51.736235881224,0.0077,0.0070,291.272221,1.0335,8
40,549386600,50,36.740497309554,127.123016743194,51.737051264383,0.0077,0.0070,152.657620,1.0335,8
41,549386650,50,36.740497300850,127.123016736792,51.734559379518,0.0077,0.0070,210.623406,1.0335,8
42,549386700,50,36.740497291829,127.123016744252,51.739084837027,0.0077,0.0070,146.356556,1.0335,8
43,549386750,50,36.740497323473,127.123016732484,51.733460268937,0.0077,0.0070,343.337897,1.0335,8
44,549386800,50,36.740497290322,127.123016727289,51.737315787002,0.0077,0.0070,187.187619,1.0335,8
45,549386850,50,36.740497307238,127.123016755580,51.733202166855,0.0077,0.0070,53.390639,1.0335,8
46,549386900,50,36.740497308371,127.123016724097,51.732609761879,0.0077,0.0070,272.561047,1.0335,8
47,549386950,50,36.740497304043,127.123016730976,51.737093197182,0.0077,0.0070,128.017756,1.0335,8
48,549387000,50,36.740497308211,127.123016739350,51.737156650051,0.0076,0.0069,128.017756,1.0335,8
49,549387050,50,36.740497304558,127.123016727107,51.737640047446,0.0076,0.0069,249.660640,1.0335,8
50,549387100,50,36.740497308705,127.123016757451,51.738612390123,0.0076,0.0069,80.362482,1.0335,8
51,549387150,50,36.740497322444,127.123016740266,51.738257771358,0.0076,0.0069,314.808867,1.0335,8
52,549387200,50,36.740497309903,127.123016731449,51.739625061862,0.0076,0.0069,209.503522,1.0335,8
53,549387250,50,36.740497308974,127.123016740526,51.739474742673,0.0076,0.0069,97.244477,1.0335,8
54,549387300,50,36.740497305842,127.123016741852,51.737351229414,0.0076,0.0070,161.184515,1.0335,8
55,549387350,50,36.740497293173,127.123016725383,51.739446511492,0.0077,0.0070,226.295737,1.0335,8
56,549387400,50,36.740497308494,127.123016741493,51.740359016694,0.0077,0.0070,40.239600,1.0335,8
57,549387450,50,36.740497310577,127.123016758581,51.738672590815,0.0077,0.0070,81.389501,1.0335,8
58,549387500,50,36.740497296345,127.123016740355,51.736541601829,0.0077,0.0070,225.867542,1.0335,8
59,549387550,50,36.740497311956,127.123016753749,51.737681920640,0.0077,0.0070,34.627093,1.0335,8
60,549387600,50,36.740497304003,127.123016739871,51.738285473548,0.0076,0.0069,34.627093,1.0335,8
61,549387650,50,36.740497296029,127.123016750175,51.736511928029,0.0076,0.0069,133.879514,1.0335,8
62,549387700,50,36.740497295624,127.123016740259,51.741235061549,0.0076,0.0069,267.097810,1.0335,8
63,549387750,50,36.740497304029,127.123016739246,51.739157635719,0.0076,0.0069,354.459543,1.0335,8
64,549387800,50,36.740497320355,127.123016759825,51.737056786194,0.0076,0.0069,45.413120,1.0335,8
65,549387850,50,36.740497303585,127.123016730334,51.737030737102,0.0076,0.0069,234.757882,1.0335,8
66,549387900,50,36.740497318925,127.123016748667,51.739318171516,0.0076,0.0069,43.885459,1.0335,8
67,549387950,50,36.740497306167,127.123016759515,51.737263238989,0.0076,0.0069,145.617082,1.0335,8
68,549388000,50,36.740497300336,127.123016747845,51.737966294400,0.0076,0.0069,238.167876,1.0335,8
69,549388050,50,36.740497314073,127.123016757804,51.735449247994,0.0076,0.0070,30.261013,1.0335,8
70,549388100,50,36.740497300188,127.123016738448,51.735909216106,0.0076,0.0070,228.287483,1.0335,8
71,549388150,50,36.740497307622,127.123016748723,51.733724419028,0.0077,0.0070,48.046981,1.0335,8
72,549388200,50,36.740497310614,127.123016743875,51.736942609772,0.0077,0.0070,307.482581,1.0335,8
73,549388250,50,36.740497310985,127.123016752053,51.739516848698,0.0077,0.0070,86.772360,1.0335,8
74,549388300,50,36.740497304703,127.123016740474,51.736467046663,0.0077,0.0070,236.017718,1.0335,8
75,549388350,50,36.740497311344,127.123016755449,51.736571646295,0.0077,0.0070,61.144936,1.0335,8
76,549388400,50,36.740497314692,127.123016743656,51.736084123142,0.0077,0.0070,289.431915,1.0335,8
77,549388450,50,36.740497305164,127.123016746897,51.738436501473,0.0077,0.0070,164.686769,1.0335,8
78,549388500,50,36.740497304312,127.123016760161,51.740306277759,0.0077,0.0070,94.560189,1.0335,8
79,549388550,50,36.740497315379,127.123016736658,51.736500720493,0.0077,0.0070,300.329868,1.0335,8
80,549388600,50,36.740497324683,127.123016766598,51.731904199347,0.0076,0.0069,300.329868,1.0335,8
81,549388650,50,36.740497311770,127.123016746541,51.737562153488,0.0076,0.0069,231.341237,1.0335,8
82,549388700,50,36.740497323369,127.123016746778,51.734959542751,0.0076,0.0069,0.939949,1.0335,8
83,549388750,50,36.740497315614,127.123016747605,51.736638202332,0.0076,0.0069,175.092844,1.0335,8
84,549388800,50,36.740497308686,127.123016741829,51.732150318101,0.0076,0.0069,213.857213,1.0335,8
85,549388850,50,36.740497299631,127.123016744336,51.735436744057,0.0076,0.0069,167.441212,1.0335,8
86,549388900,50,36.740497310431,127.123016761241,51.737360012718,0.0076,0.0069,51.556700,1.0335,8
87,549388950,50,36.740497290234,127.123016756492,51.734642872587,0.0076,0.0069,190.715755,1.0335,8
88,549389000,50,36.740497295052,127.123016746956,51.736314324662,0.0076,0.0069,302.124936,1.0335,8
89,549389050,50,36.740497308385,127.123016760564,51.735011678189,0.0076,0.0070,39.401071,1.0335,8
90,549389100,50,36.740497299407,127.123016741876,51.736188538373,0.0077,0.0070,239.164630,1.0335,8
91,549389150,50,36.740497290540,127.123016756440,51.738213079050,0.0077,0.0070,127.108361,1.0335,8
92,549389200,50,36.740497287600,127.123016778685,51.743317969143,0.0077,0.0070,99.323861,1.0335,8
93,549389250,50,36.740497297209,127.123016752995,51.738516232930,0.0077,0.0070,294.926749,1.0335,8
94,549389300,50,36.740497303675,127.123016753588,51.738074594177,0.0077,0.0070,4.223338,1.0335,8
95,549389350,50,36.740497283541,127.123016739353,51.738224726170,0.0077,0.0070,209.639610,1.0335,8
96,549389400,50,36.740497286825,127.123016752866,51.740673414432,0.0077,0.0070,73.193840,1.0335,8
97,549389450,50,36.740497299750,127.123016752013,51.737535327673,0.0077,0.0070,356.959991,1.0335,8
98,549389500,50,36.740497307387,127.123016758448,51.737262642011,0.0077,0.0070,34.144055,1.0335,8
99,549389550,50,36.740497287890,127.123016742690,51.741452066228,0.0077,0.0070,213.043674,1.0335,8
100,549389600,50,36.740497278019,127.123016744273,51.737648997456,0.0077,0.0070,172.647785,1.0335,8
101,549389650,50,36.740497319621,127.123016737563,51.735131285153,0.0076,0.0069,172.647785,1.0335,8
102,549389700,50,36.740497320345,127.123016749438,51.740419495851,0.0076,0.0069,85.673379,1.0335,8
103,549389750,50,36.740497310991,127.123016742349,51.737010999583,0.0076,0.0069,211.384395,1.0335,8
104,549389800,50,36.740497316444,127.123016742787,51.736863776110,0.0076,0.0069,3.704282,1.0335,8
105,549389850,50,36.740497315105,127.123016752133,51.738901562989,0.0076,0.0069,100.095435,1.0335,8
106,549389900,50,36.740497320892,127.123016745347,51.738597150892,0.0076,0.0069,316.660255,1.0335,8
107,549389950,50,36.740497323850,127.123016751949,51.735119429417,0.0076,0.0069,60.896629,1.0335,8
108,549390000,50,36.740497300814,127.123016740886,51.742694784887,0.0076,0.0069,201.131349,1.0335,8
109,549390050,50,36.740497316772,127.123016746478,51.733202975243,0.0076,0.0069,15.749602,1.0335,8
110,549390100,50,36.740497317338,127.123016747633,51.740521446802,0.0076,0.0069,58.646116,1.0335,8
111,549390150,50,36.740497321741,127.123016759275,51.738779381849,0.0076,0.0069,64.827960,1.0335,8
112,549390200,50,36.740497307107,127.123016732874,51.743057757616,0.0076,0.0070,235.442036,1.0335,8
113,549390250,50,36.740497314017,127.123016741948,51.742543915287,0.0077,0.0070,46.582487,1.0335,8
114,549390300,50,36.740497312695,127.123016753392,51.741598840803,0.0077,0.0070,98.166484,1.0335,8
115,549390350,50,36.740497309399,127.123016757948,51.738944585435,0.0077,0.0070,131.949514,1.0335,8
116,549390400,50,36.740497308474,127.123016738398,51.742703096941,0.0077,0.0070,266.635560,1.0335,8
117,549390450,50,36.740497318922,127.123016741553,51.737752466463,0.0077,0.0070,13.659262,1.0335,8
118,549390500,50,36.740497304240,127.123016736455,51.742008626461,0.0077,0.0070,195.612387,1.0335,8
119,549390550,50,36.740497301196,127.123016753703,51.744357541203,0.0077,0.0070,102.370221,1.0335,8
120,549390600,50,36.740497315890,127.123016751838,51.743127457798,0.0077,0.0070,354.168509,1.0335,8
121,549390650,50,36.740497321129,127.123016739024,51.742679325864,0.0077,0.0070,296.929371,1.0335,8
122,549390700,50,36.740497305415,127.123016750559,51.747825324535,0.0077,0.0070,149.424988,1.0335,8
123,549390750,50,36.740497310610,127.123016752374,51.737889652140,0.0077,0.0070,15.707095,1.0335,8
124,549390800,50,36.740497322337,127.123016728978,51.733233732171,0.0076,0.0069,15.707095,1.0335,8
125,549390850,50,36.740497310631,127.123016726320,51.734950593673,0.0076,0.0069,190.353642,1.0335,8
126,549390900,50,36.740497329554,127.123016749131,51.731578209437,0.0076,0.0069,44.131882,1.0335,8
127,549390950,50,36.740497312265,127.123016732773,51.734537407756,0.0076,0.0069,217.289338,1.0335,8
128,549391000,50,36.740497311620,127.123016731902,51.731161924079,0.0076,0.0069,227.329538,1.0335,8
129,549391050,50,36.740497308488,127.123016725342,51.731870634481,0.0076,0.0069,239.326085,1.0335,8
130,549391100,50,36.740497319439,127.123016692908,51.729178383015,0.0076,0.0069,292.759999,1.0335,8
131,549391150,50,36.740497347290,127.123016667161,51.729771815240,0.0077,0.0069,323.349290,1.0335,8
132,549391200,50,36.740497359904,127.123016631696,51.733983729966,0.0077,0.0069,293.842650,1.0335,8
133,549391250,50,36.740497371477,127.123016566722,51.732570637949,0.0077,0.0070,282.479441,1.0335,8
134,549391300,50,36.740497388784,127.123016513500,51.733756720088,0.0077,0.0070,292.000715,1.0335,8
135,549391350,50,36.740497437377,127.123016429997,51.728725959547,0.0077,0.0070,305.869066,1.0335,8
136,549391400,50,36.740497471406,127.123016369856,51.738110848702,0.0077,0.0070,305.109114,1.0335,8
137,549391450,50,36.740497485857,127.123016268229,51.733087180182,0.0077,0.0070,280.019419,1.0335,8
138,549391500,50,36.740497524254,127.123016195491,51.735126824118,0.0077,0.0070,303.260257,1.0335,8
139,549391550,50,36.740497568152,127.123016074751,51.731393574737,0.0077,0.0070,294.311146,1.0335,8
140,549391600,50,36.740497600701,127.123015931534,51.734800121747,0.0077,0.0070,285.769157,1.0335,8
141,549391650,50,36.740497650616,127.123015800573,51.731726728380,0.0077,0.0070,295.341088,1.0335,8
142,549391700,50,36.740497728180,127.123015615219,51.731138061732,0.0077,0.0070,297.471801,1.0335,8
143,549391750,50,36.740497806885,127.123015407278,51.725825081579,0.0077,0.0070,295.187042,1.0335,8
144,549391800,50,36.740497883759,127.123015205464,51.729103696533,0.0077,0.0070,295.327873,1.0335,8
145,549391850,50,36.740497946038,127.123014945498,51.730763927102,0.0077,0.0070,286.576286,1.0335,8
146,549391900,50,36.740498065500,127.123014699038,51.732331342064,0.0077,0.0070,301.059062,1.0335,8
147,549391950,50,36.740498172515,127.123014423619,51.733173349872,0.0077,0.0070,295.770201,1.0335,8
148,549392000,50,36.740498289153,127.123014087621,51.734949529171,0.0077,0.0070,293.331760,1.0335,8
149,549392050,50,36.740498396981,127.123013729637,51.735135104507,0.0077,0.0070,290.518784,1.0335,8
150,549392100,50,36.740498542724,127.123013351709,51.734296673909,0.0076,0.0069,290.518784,1.0335,8
151,549392150,50,36.740498681212,127.123012947835,51.726371255703,0.0076,0.0070,293.076729,1.0335,8
152,549392200,50,36.740498837783,127.123012544227,51.729657202959,0.0076,0.0070,295.734363,1.0371,8
153,549392250,50,36.740499026454,127.123012102928,51.728967655450,0.0076,0.0070,297.978034,1.0371,8
154,549392300,50,36.740499209296,127.123011620545,51.729640283622,0.0077,0.0070,295.218590,1.0371,8
155,549392350,50,36.740499345679,127.123011104027,51.730833074078,0.0077,0.0070,288.163503,1.0371,8
156,549392400,50,36.740499541617,127.123010551594,51.727544320747,0.0077,0.0070,293.782877,1.0371,8
157,549392450,50,36.740499781344,127.123010022860,51.730776427314,0.0077,0.0070,299.394946,1.0371,8
158,549392500,50,36.740500017030,127.123009438623,51.729019251652,0.0077,0.0070,296.621816,1.0371,8
159,549392550,50,36.740500196426,127.123008768755,51.733531568199,0.0077,0.0070,288.405148,1.0371,8
160,549392600,50,36.740500422791,127.123008110606,51.729861919768,0.0076,0.0069,288.405146,1.0371,8
161,549392650,50,36.740500689467,127.123007401558,51.729352713563,0.0076,0.0069,295.047366,1.0371,8
162,549392700,50,36.740500951428,127.123006671850,51.728243770078,0.0076,0.0069,294.039419,1.0371,8
163,549392750,50,36.740501267854,127.123005897153,51.726471863687,0.0076,0.0069,296.908065,1.0371,8
164,549392800,50,36.740501536289,127.123005090124,51.725324678235,0.0076,0.0069,292.454639,1.0371,8
165,549392850,50,36.740501869310,127.123004290891,51.725277286023,0.0076,0.0069,297.371707,1.0371,8
166,549392900,50,36.740502190957,127.123003404755,51.730218445882,0.0076,0.0070,294.275575,1.0371,8
167,549392950,50,36.740502517246,127.123002492164,51.722612345591,0.0077,0.0070,293.953176,1.0371,8
168,549393000,50,36.740502871106,127.123001538056,51.719657590613,0.0077,0.0070,294.741379,1.0371,8
169,549393050,50,36.740503264638,127.123000596593,51.721037645824,0.0077,0.0070,297.446003,1.0371,8
170,549393100,50,36.740503595159,127.122999599938,51.733189606108,0.0077,0.0070,292.394342,1.0371,8
171,549393150,50,36.740503954183,127.122998529163,51.733891790733,0.0077,0.0070,292.616970,1.0371,8
172,549393200,50,36.740504385443,127.122997471303,51.729291144758,0.0077,0.0070,296.863944,1.0371,8
173,549393250,50,36.740504789149,127.122996379971,51.720148693770,0.0077,0.0070,294.684950,1.0371,8
174,549393300,50,36.740505160650,127.122995223802,51.726740362123,0.0077,0.0070,291.764122,1.0371,8
175,549393350,50,36.740505624949,127.122994071346,51.730368557386,0.0077,0.0070,296.591670,1.0371,8
176,549393400,50,36.740506074179,127.122992891255,51.731746051461,0.0077,0.0070,295.313799,1.0371,8
177,549393450,50,36.740506518499,127.122991628656,51.724178092554,0.0078,0.0070,293.617418,1.0371,8
178,549393500,50,36.740506967634,127.122990363349,51.730776339769,0.0078,0.0070,293.799578,1.0371,8
179,549393550,50,36.740507483027,127.122989065661,51.733097213320,0.0078,0.0070,296.265380,1.0371,8
180,549393600,50,36.740507951760,127.122987726754,51.730623017065,0.0078,0.0070,293.508428,1.0371,8
181,549393650,50,36.740508440828,127.122986384959,51.730116928928,0.0078,0.0070,294.364843,1.0371,8
182,549393700,50,36.740508952852,127.122984962869,51.722911912948,0.0077,0.0070,294.364835,1.0371,8
183,549393750,50,36.740509478263,127.122983523947,51.725722303614,0.0077,0.0070,294.403526,1.0371,8
184,549393800,50,36.740510025979,127.122982115501,51.731889789924,0.0077,0.0070,295.789261,1.0371,8
185,549393850,50,36.740510578220,127.122980613671,51.731789950281,0.0077,0.0070,294.555030,1.0371,8
186,549393900,50,36.740511099249,127.122979134171,51.727444781922,0.0077,0.0070,293.632771,1.0371,8
187,549393950,50,36.740511696319,127.122977604701,51.730072509497,0.0077,0.0070,295.875625,1.0371,8
188,549394000,50,36.740512270902,127.122976071506,51.733693866991,0.0077,0.0070,294.968905,1.0371,8
189,549394050,50,36.740512880074,127.122974502098,51.729672976770,0.0077,0.0070,295.747373,1.0371,8
190,549394100,50,36.740513472160,127.122972909479,51.731850863434,0.0077,0.0070,294.793519,1.0371,8
191,549394150,50,36.740514030822,127.122971236186,51.733495269902,0.0077,0.0070,292.530516,1.0371,8
192,549394200,50,36.740514643301,127.122969592855,51.732769695111,0.0077,0.0070,294.848479,1.0371,8
193,549394250,50,36.740515291708,127.122967952478,51.733366554603,0.0077,0.0070,296.157483,1.0371,8
194,549394300,50,36.740515929844,127.122966292288,51.732859435491,0.0077,0.0070,295.528730,1.0371,8
195,549394350,50,36.740516551730,127.122964597711,51.726165108383,0.0077,0.0070,294.512281,1.0371,8
196,549394400,50,36.740517153642,127.122962844353,51.734563142061,0.0077,0.0070,293.100398,1.0371,8
197,549394450,50,36.740517812381,127.122961102105,51.737334716134,0.0078,0.0070,295.163684,1.0371,8
198,549394500,50,36.740518453070,127.122959341308,51.741126080975,0.0078,0.0070,294.327977,1.0371,8
199,549394550,50,36.740519135827,127.122957567796,51.736563157290,0.0078,0.0070,295.563477,1.0371,8
200,549394600,50,36.740519814215,127.122955787091,51.731752475724,0.0078,0.0070,295.330793,1.0371,8
201,549394650,50,36.740520487472,127.122953940639,51.731337815523,0.0078,0.0070,294.372812,1.0371,8
202,549394700,50,36.740521196496,127.122952085626,51.740600669757,0.0078,0.0070,295.403711,1.0371,8
203,549394750,50,36.740521886028,127.122950219801,51.738893161528,0.0077,0.0070,295.403696,1.0371,8
204,549394800,50,36.740522610515,127.122948371248,51.737620345317,0.0077,0.0070,295.964558,1.0371,8
205,549394850,50,36.740523313203,127.122946470847,51.736385530792,0.0077,0.0070,294.675420,1.0371,8
206,549394900,50,36.740524038824,127.122944560980,51.734725369141,0.0077,0.0070,295.270673,1.0371,8
207,549394950,50,36.740524738202,127.122942594155,51.737677325495,0.0077,0.0070,293.836907,1.0371,8
208,549395000,50,36.740525472050,127.122940670172,51.742056508549,0.0077,0.0070,295.357271,1.0371,8
209,549395050,50,36.740526215203,127.122938731589,51.735160161741,0.0077,0.0070,295.469192,1.0371,8
210,549395100,50,36.740526946286,127.122936776129,51.736132281832,0.0077,0.0070,294.916548,1.0371,8
211,549395150,50,36.740527680319,127.122934781905,51.739792832173,0.0077,0.0070,294.576705,1.0371,8
212,549395200,50,36.740528422887,127.122932794550,51.740128281526,0.0077,0.0070,294.903580,1.0371,8
213,549395250,50,36.740529179555,127.122930808767,51.734439244494,0.0077,0.0070,295.335271,1.0371,8
214,549395300,50,36.740529913960,127.122928775181,51.733168562874,0.0077,0.0070,294.166656,1.0371,8
215,549395350,50,36.740530679402,127.122926761353,51.743839350529,0.0077,0.0070,295.280024,1.0371,8
216,549395400,50,36.740531459554,127.122924735755,51.731832255609,0.0077,0.0070,295.573431,1.0371,8
217,549395450,50,36.740532194882,127.122922710890,51.736281738617,0.0078,0.0070,294.285778,1.0371,8
218,549395500,50,36.740532985862,127.122920656235,51.743070492521,0.0078,0.0070,295.563201,1.0371,8
219,549395550,50,36.740533774710,127.122918597753,51.735804473981,0.0078,0.0070,295.461642,1.0371,8
220,549395600,50,36.740534561272,127.122916507595,51.737755361944,0.0078,0.0070,295.059846,1.0371,8
221,549395650,50,36.740535367185,127.122914435811,51.740532347932,0.0078,0.0070,295.795937,1.0371,8
222,549395700,50,36.740536133655,127.122912282445,51.744514195248,0.0078,0.0070,293.857949,1.0371,8
223,549395750,50,36.740536939306,127.122910153199,51.729810512625,0.0078,0.0070,295.179879,1.0371,8
224,549395800,50,36.740537784745,127.122908002026,51.734298630618,0.0077,0.0070,295.179858,1.0371,8
225,549395850,50,36.740538598010,127.122905814895,51.736820175312,0.0077,0.0070,294.797770,1.0371,8
226,549395900,50,36.740539448985,127.122903614564,51.731209794059,0.0077,0.0070,295.666178,1.0371,8
227,549395950,50,36.740540296236,127.122901396414,51.735597069375,0.0077,0.0070,295.388747,1.0371,8
228,549396000,50,36.740541149681,127.122899129364,51.727369469590,0.0077,0.0070,295.067929,1.0371,8
229,549396050,50,36.740542007353,127.122896874649,51.730435967445,0.0077,0.0070,295.297324,1.0371,8
230,549396100,50,36.740542892303,127.122894556483,51.729303150438,0.0077,0.0070,295.376138,1.0371,8
231,549396150,50,36.740543773407,127.122892277877,51.727256128564,0.0078,0.0070,295.662541,1.0371,8
232,549396200,50,36.740544669034,127.122889908225,51.728057848290,0.0078,0.0070,295.155551,1.0371,8
233,549396250,50,36.740545585305,127.122887559495,51.730318469927,0.0078,0.0070,295.860475,1.0371,8
234,549396300,50,36.740546510121,127.122885147642,51.724864006042,0.0078,0.0070,295.474877,1.0371,8
235,549396350,50,36.740547396712,127.122882677265,51.724113278091,0.0078,0.0070,294.033277,1.0371,8
236,549396400,50,36.740548359273,127.122880267102,51.728149564937,0.0078,0.0070,296.392015,1.0371,8
237,549396450,50,36.740549304675,127.122877782682,51.728383583948,0.0078,0.0070,295.305579,1.0371,8
238,549396500,50,36.740550281029,127.122875246036,51.724675609730,0.0078,0.0070,295.559167,1.0371,8
239,549396550,50,36.740551233843,127.122872663989,51.725857160985,0.0078,0.0070,294.631767,1.0371,8
240,549396600,50,36.740552197885,127.122870099444,51.727387947962,0.0078,0.0071,295.036123,1.0371,8
241,549396650,50,36.740553200506,127.122867531811,51.718975767493,0.0078,0.0071,295.881877,1.0371,8
242,549396700,50,36.740554197655,127.122864880731,51.723611704074,0.0078,0.0071,295.048878,1.0371,8
243,549396750,50,36.740555255300,127.122862270760,51.726971101947,0.0078,0.0071,296.725604,1.0371,8
244,549396800,50,36.740556277644,127.122859584802,51.730904907919,0.0078,0.0071,295.311027,1.0371,8
245,549396850,50,36.740557355084,127.122856868375,51.726627915166,0.0078,0.0071,296.235449,1.0371,8
246,549396900,50,36.740558348321,127.122854166872,51.727902187966,0.0078,0.0071,294.552074,1.0371,8
247,549396950,50,36.740559438526,127.122851422305,51.726785481907,0.0078,0.0071,296.268909,1.0371,8
248,549397000,50,36.740560460378,127.122848640553,51.725027588196,0.0077,0.0070,296.268884,1.0371,8
249,549397050,50,36.740561566220,127.122845857075,51.718817632645,0.0077,0.0070,296.272620,1.0371,8
250,549397100,50,36.740562624575,127.122843022783,51.724618080072,0.0077,0.0070,294.889805,1.0371,8
251,549397150,50,36.740563741278,127.122840162369,51.723814907484,0.0077,0.0070,295.876945,1.0371,8
252,549397200,50,36.740564847336,127.122837295927,51.718384910375,0.0078,0.0070,295.615044,1.0371,8
253,549397250,50,36.740565949868,127.122834407255,51.714757809415,0.0077,0.0070,295.371994,1.0371,8
254,549397300,50,36.740567082936,127.122831499090,51.722384164110,0.0078,0.0070,295.831807,1.0371,8
255,549397350,50,36.740568224037,127.122828545246,51.720931749791,0.0078,0.0070,295.640867,1.0371,8
256,549397400,50,36.740569383084,127.122825575406,51.724915456027,0.0078,0.0070,295.869646,1.0371,8
257,549397450,50,36.740570562829,127.122822568466,51.720086988062,0.0078,0.0070,295.988771,1.0371,8
258,549397500,50,36.740571755377,127.122819513749,51.716075381264,0.0078,0.0070,295.876742,1.0371,8
259,549397550,50,36.740572914751,127.122816483234,51.721060781740,0.0078,0.0070,295.423844,1.0371,8
260,549397600,50,36.740574101803,127.122813402175,51.721922179684,0.0077,0.0070,295.423814,1.0371,8
261,549397650,50,36.740575303350,127.122810325351,51.722370063886,0.0077,0.0070,295.883628,1.0371,8
262,549397700,50,36.740576532725,127.122807205918,51.718335659243,0.0077,0.0070,296.089970,1.0371,8
263,549397750,50,36.740577745732,127.122804036295,51.719506938942,0.0077,0.0070,295.431411,1.0371,8
264,549397800,50,36.740578988918,127.122800885239,51.726430173963,0.0077,0.0070,296.114538,1.0371,8
265,549397850,50,36.740580229149,127.122797697873,51.723172802478,0.0077,0.0070,295.802513,1.0371,8
266,549397900,50,36.740581464618,127.122794465875,51.719556086697,0.0077,0.0070,295.406128,1.0371,8
267,549397950,50,36.740582782637,127.122791293343,51.722991796210,0.0077,0.0070,297.302748,1.0371,8
268,549398000,50,36.740584049786,127.122788010746,51.719622845761,0.0077,0.0070,295.624057,1.0371,8
269,549398050,50,36.740585329601,127.122784710532,51.725006813183,0.0077,0.0070,295.726842,1.0371,8
270,549398100,50,36.740586629352,127.122781401831,51.722455217503,0.0077,0.0070,296.016775,1.0371,8
271,549398150,50,36.740587955911,127.122778097535,51.722565514036,0.0077,0.0070,296.511235,1.0371,8
272,549398200,50,36.740589276836,127.122774738600,51.720142783597,0.0077,0.0070,296.041441,1.0371,8
273,549398250,50,36.740590609221,127.122771328220,51.722117363475,0.0078,0.0070,295.893455,1.0371,8
274,549398300,50,36.740591961476,127.122767937848,51.721055273898,0.0078,0.0070,296.362061,1.0371,8
275,549398350,50,36.740593327706,127.122764534326,51.720415885560,0.0078,0.0070,296.508501,1.0371,8
276,549398400,50,36.740594681861,127.122761051141,51.723265505396,0.0078,0.0070,295.782953,1.0371,8
277,549398450,50,36.740596042466,127.122757578796,51.715778482147,0.0077,0.0070,295.959983,1.0371,8
278,549398500,50,36.740597424430,127.122754054460,51.725241015665,0.0078,0.0070,295.976082,1.0371,8
279,549398550,50,36.740598847521,127.122750587907,51.721482438035,0.0078,0.0070,297.025164,1.0371,8
280,549398600,50,36.740600246611,127.122747059836,51.719770071097,0.0077,0.0070,297.025128,1.0371,8
281,549398650,50,36.740601645401,127.122743489462,51.720714834519,0.0077,0.0070,295.956302,1.0371,8
282,549398700,50,36.740603069109,127.122739859812,51.723808492534,0.0077,0.0070,295.983167,1.0371,8
283,549398750,50,36.740604494238,127.122736244419,51.719055104069,0.0077,0.0070,296.094655,1.0371,8
284,549398800,50,36.740605977088,127.122732618328,51.720199010335,0.0077,0.0070,296.935717,1.0371,8
285,549398850,50,36.740607454384,127.122728918123,51.716170194559,0.0077,0.0070,296.384675,1.0371,8
286,549398900,50,36.740608915523,127.122725231514,51.719662411138,0.0077,0.0070,296.218152,1.0371,8
287,549398950,50,36.740610389899,127.122721505280,51.724598748609,0.0077,0.0070,296.180217,1.0371,8
288,549399000,50,36.740611874947,127.122717742036,51.720359081402,0.0077,0.0070,296.119654,1.0371,8
289,549399050,50,36.740613377671,127.122713985295,51.724894826300,0.0077,0.0070,296.428092,1.0371,8
290,549399100,50,36.740614905216,127.122710207961,51.722868628800,0.0077,0.0070,296.678196,1.0371,8
291,549399150,50,36.740616459022,127.122706417363,51.716745475307,0.0077,0.0070,296.990687,1.0371,8
292,549399200,50,36.740617976664,127.122702583878,51.722308961675,0.0077,0.0070,296.192622,1.0371,8
293,549399250,50,36.740619494783,127.122698709432,51.722152834758,0.0077,0.0070,295.959307,1.0371,8
294,549399300,50,36.740621095298,127.122694854606,51.718559125438,0.0077,0.0070,297.288754,1.0371,8
295,549399350,50,36.740622658438,127.122690912259,51.720041977242,0.0077,0.0070,296.227533,1.0371,8
296,549399400,50,36.740624258937,127.122687054333,51.720549145713,0.0077,0.0070,297.269774,1.0371,8
297,549399450,50,36.740625844030,127.122683102446,51.716918770224,0.0077,0.0070,296.490328,1.0371,8
298,549399500,50,36.740627407107,127.122679169887,51.716098464094,0.0077,0.0070,296.283142,1.0371,8
299,549399550,50,36.740629000957,127.122675240860,51.722176684998,0.0077,0.0070,296.749934,1.0371,8
300,549399600,50,36.740630617564,127.122671294108,51.715523255058,0.0077,0.0070,296.749892,1.0371,8
301,549399650,50,36.740632230876,127.122667333002,51.721660509706,0.0077,0.0070,296.842254,1.0371,8
302,549399700,50,36.740633833588,127.122663332753,51.719437272288,0.0077,0.0070,296.464929,1.0371,8
303,549399750,50,36.740635450117,127.122659347116,51.716231917031,0.0077,0.0070,296.745836,1.0371,8
304,549399800,50,36.740637080725,127.122655311347,51.717030900531,0.0077,0.0070,296.657797,1.0371,8
305,549399850,50,36.740638706673,127.122651319022,51.721198865213,0.0077,0.0070,296.841134,1.0371,8
306,549399900,50,36.740640352751,127.122647294806,51.723118732683,0.0077,0.0070,296.941627,1.0371,8
307,549399950,50,36.740641988523,127.122643245837,51.727120421827,0.0077,0.0070,296.655427,1.0371,8
308,549400000,50,36.740643624515,127.122639203549,51.721041753888,0.0077,0.0070,296.696476,1.0371,8
309,549400050,50,36.740645295301,127.122635169199,51.720986953005,0.0077,0.0070,297.229276,1.0371,8
310,549400100,50,36.740646946114,127.122631064294,51.720952664502,0.0077,0.0070,296.550648,1.0371,8
311,549400150,50,36.740648638529,127.122627018603,51.714178399183,0.0077,0.0070,297.464358,1.0371,8
312,549400200,50,36.740650307463,127.122622927496,51.717791434377,0.0077,0.0070,296.879307,1.0371,8
313,549400250,50,36.740651998568,127.122618836891,51.724317719229,0.0077,0.0070,297.188273,1.0371,8
314,549400300,50,36.740653676464,127.122614724871,51.714252593927,0.0077,0.0070,296.885259,1.0371,8
315,549400350,50,36.740655391234,127.122610615631,51.719357842579,0.0077,0.0070,297.406643,1.0371,8
316,549400400,50,36.740657073908,127.122606495057,51.714532543905,0.0077,0.0070,296.902948,1.0371,8
317,549400450,50,36.740658788791,127.122602374217,51.714532543905,0.0077,0.0070,297.342242,1.0371,8
318,549400500,50,36.740660473061,127.122598214150,51.717069658451,0.0077,0.0070,296.704846,1.0371,8
319,549400550,50,36.740662175229,127.122594076791,51.722493200563,0.0077,0.0070,297.075649,1.0371,8
320,549400600,50,36.740663906455,127.122589902123,51.711092156358,0.0077,0.0070,297.260696,1.0371,8
321,549400650,50,36.740665630339,127.122585787372,51.716632981785,0.0077,0.0070,297.499495,1.0371,8
322,549400700,50,36.740667351605,127.122581615468,51.715125245042,0.0077,0.0070,297.141724,1.0371,8
323,549400750,50,36.740669086220,127.122577498993,51.714883443899,0.0077,0.0070,297.635533,1.0371,8
324,549400800,50,36.740670827923,127.122573354363,51.723209788091,0.0077,0.0069,297.635486,1.0371,8
325,549400850,50,36.740672538301,127.122569205375,51.721628305502,0.0077,0.0070,297.122199,1.0371,8
326,549400900,50,36.740674267396,127.122565041296,51.722179505974,0.0077,0.0069,297.291197,1.0371,8
327,549400950,50,36.740676031319,127.122560925267,51.718427557498,0.0077,0.0070,298.034424,1.0371,8
328,549401000,50,36.740677741938,127.122556717966,51.714479519054,0.0077,0.0070,296.802323,1.0371,8
329,549401050,50,36.740679474146,127.122552569113,51.719140679576,0.0077,0.0070,297.418904,1.0371,8
330,549401100,50,36.740681241241,127.122548425006,51.713685611263,0.0077,0.0070,297.915714,1.0371,8
331,549401150,50,36.740683005876,127.122544260156,51.714569325559,0.0077,0.0070,297.764618,1.0371,8
332,549401200,50,36.740684766919,127.122540095550,51.712363921106,0.0077,0.0070,297.717911,1.0371,8
333,549401250,50,36.740686532368,127.122535923063,51.715636417270,0.0077,0.0070,297.732274,1.0371,8
334,549401300,50,36.740688287650,127.122531750515,51.720323572867,0.0077,0.0070,297.595839,1.0371,8
335,549401350,50,36.740690077769,127.122527567276,51.717554991134,0.0077,0.0070,297.999876,1.0371,8
336,549401400,50,36.740691829027,127.122523355266,51.714869661257,0.0077,0.0070,297.321378,1.0371,8
337,549401450,50,36.740693602875,127.122519189905,51.715728756040,0.0077,0.0070,297.884900,1.0371,8
338,549401500,50,36.740695363658,127.122515006994,51.714151144959,0.0077,0.0070,297.611112,1.0371,8
339,549401550,50,36.740697150552,127.122510821788,51.715911079198,0.0077,0.0070,297.945945,1.0371,8
340,549401600,50,36.740698960729,127.122506641356,51.716764650308,0.0077,0.0070,298.281395,1.0371,8
341,549401650,50,36.740700704745,127.122502424068,51.712101457641,0.0077,0.0070,297.195506,1.0371,8
342,549401700,50,36.740702490576,127.122498218443,51.712107466534,0.0077,0.0070,297.816582,1.0371,8
343,549401750,50,36.740704275908,127.122494038712,51.714712482877,0.0077,0.0070,297.956257,1.0371,8
344,549401800,50,36.740706105080,127.122489849102,51.709269666113,0.0077,0.0070,298.478983,1.0371,8
345,549401850,50,36.740707870786,127.122485629401,51.709808566608,0.0077,0.0070,297.471014,1.0371,8
346,549401900,50,36.740709676284,127.122481413062,51.712015933357,0.0077,0.0070,298.015907,1.0371,8
347,549401950,50,36.740711459615,127.122477229914,51.711455936544,0.0077,0.0070,297.910289,1.0371,8
348,549402000,50,36.740713257194,127.122473043137,51.709709058516,0.0077,0.0070,298.078683,1.0371,8
349,549402050,50,36.740715081876,127.122468840988,51.708259854466,0.0077,0.0070,298.348403,1.0371,8
350,549402100,50,36.740716868962,127.122464618374,51.712193816900,0.0077,0.0070,298.348354,1.0371,8
351,549402150,50,36.740718715907,127.122460436718,51.710935163312,0.0077,0.0070,298.757670,1.0371,8
352,549402200,50,36.740720536530,127.122456186641,51.717668539844,0.0077,0.0070,298.024712,1.0371,8
353,549402250,50,36.740722358132,127.122451987150,51.721847840585,0.0077,0.0070,298.323075,1.0371,8
354,549402300,50,36.740724195204,127.122447792511,51.717841956764,0.0077,0.0070,298.553713,1.0371,8
355,549402350,50,36.740725985376,127.122443542522,51.719080378301,0.0077,0.0070,297.626272,1.0371,8
356,549402400,50,36.740727857030,127.122439344046,51.722430132329,0.0077,0.0070,298.982390,1.0371,8
357,549402450,50,36.740729702009,127.122435135352,51.719224738888,0.0077,0.0070,298.576576,1.0371,8
358,549402500,50,36.740731557318,127.122430894392,51.720622020774,0.0077,0.0070,298.527159,1.0371,8
359,549402550,50,36.740733374931,127.122426663829,51.718171182089,0.0077,0.0070,298.094839,1.0371,8
360,549402600,50,36.740735220967,127.122422407571,51.726658532396,0.0076,0.0069,298.094789,1.0371,8
361,549402650,50,36.740737035981,127.122418172167,51.728954139166,0.0076,0.0070,298.033546,1.0371,8
362,549402700,50,36.740738888468,127.122413937551,51.719358152710,0.0076,0.0070,298.526533,1.0371,8
363,549402750,50,36.740740724451,127.122409740371,51.729979221709,0.0077,0.0070,298.524858,1.0371,8
364,549402800,50,36.740742601556,127.122405523280,51.724063236266,0.0077,0.0070,298.945564,1.0371,8
365,549402850,50,36.740744443192,127.122401289770,51.723086186685,0.0077,0.0070,298.391783,1.0371,8
366,549402900,50,36.740746290125,127.122397077544,51.718658325262,0.0077,0.0070,298.581843,1.0371,8
367,549402950,50,36.740748122882,127.122392844961,51.718658325262,0.0077,0.0070,298.281354,1.0371,8
368,549403000,50,36.740749991390,127.122388635599,51.717870488763,0.0077,0.0070,298.878753,1.0371,8
369,549403050,50,36.740751864139,127.122384436945,51.720211750828,0.0077,0.0070,298.995554,1.0371,8
370,549403100,50,36.740753772844,127.122380216159,51.714984756894,0.0077,0.0070,299.331035,1.0371,8
371,549403150,50,36.740755672026,127.122376054955,51.722034290433,0.0077,0.0070,299.557064,1.0371,8
372,549403200,50,36.740757518995,127.122371823137,51.719432913698,0.0077,0.0070,298.470765,1.0371,8
373,549403250,50,36.740759271251,127.122367605663,51.721928721294,0.0077,0.0070,297.304413,1.0371,8
374,549403300,50,36.740760958617,127.122363283386,51.726558020338,0.0077,0.0070,295.876415,1.0371,8
375,549403350,50,36.740762579871,127.122358940599,51.720276603475,0.0077,0.0070,294.884644,1.0371,8
376,549403400,50,36.740764262686,127.122354638529,51.727767731994,0.0077,0.0070,295.921109,1.0371,8
377,549403450,50,36.740766003878,127.122350390750,51.722749292850,0.0078,0.0070,296.990515,1.0371,8
378,549403500,50,36.740767823972,127.122346192959,51.729494031519,0.0078,0.0070,298.312974,1.0371,8
379,549403550,50,36.740769731805,127.122342016343,51.725141077302,0.0078,0.0070,299.577947,1.0371,8
380,549403600,50,36.740771652097,127.122337964988,51.722438213415,0.0077,0.0070,299.577896,1.0371,8
381,549403650,50,36.740773558205,127.122333820779,51.723305574618,0.0077,0.0070,299.747534,1.0371,8
382,549403700,50,36.740775355480,127.122329638937,51.734579796903,0.0077,0.0070,298.102680,1.0371,8
383,549403750,50,36.740777061871,127.122325406955,51.734403822571,0.0078,0.0070,296.610871,1.0371,8
384,549403800,50,36.740778765199,127.122321147537,51.730614935048,0.0078,0.0070,296.421834,1.0371,8
385,549403850,50,36.740780478411,127.122316907189,51.729746136814,0.0078,0.0070,296.657123,1.0371,8
386,549403900,50,36.740782277377,127.122312713560,51.729121321812,0.0078,0.0070,298.058099,1.0371,8
387,549403950,50,36.740784160533,127.122308651012,51.726424625143,0.0078,0.0070,299.940135,1.0371,8
388,549404000,50,36.740786112426,127.122304586036,51.734805527143,0.0079,0.0070,300.821340,1.0371,8
389,549404050,50,36.740788016997,127.122300490448,51.732904126868,0.0079,0.0071,300.019694,1.0371,8
390,549404100,50,36.740789886442,127.122296424174,51.730686888099,0.0079,0.0071,299.736776,1.0371,8
391,549404150,50,36.740791674709,127.122292299872,51.737612901255,0.0079,0.0071,298.313446,1.0371,8
392,549404200,50,36.740793414088,127.122288159093,51.733759580180,0.0079,0.0071,297.561582,1.0371,8
393,549404250,50,36.740795157021,127.122284006990,51.734149564058,0.0079,0.0071,297.545384,1.0371,8
394,549404300,50,36.740797009978,127.122279944137,51.735628494993,0.0079,0.0071,299.539349,1.0371,8
395,549404350,50,36.740798907111,127.122275898356,51.731455798261,0.0079,0.0071,300.226711,1.0371,8
396,549404400,50,36.740800866361,127.122271922119,51.731269419193,0.0079,0.0071,301.476591,1.0371,8
397,549404450,50,36.740802841226,127.122267941999,51.734133935533,0.0080,0.0071,301.654524,1.0371,8
398,549404500,50,36.740804782680,127.122263940868,51.736781368032,0.0080,0.0071,301.085934,1.0371,8
399,549404550,50,36.740806676816,127.122259906425,51.734327492304,0.0080,0.0071,300.257270,1.0371,8
400,549404600,50,36.740808442586,127.122255807971,51.734945577569,0.0080,0.0071,298.161283,1.0371,8
401,549404650,50,36.740810208515,127.122251747246,51.739038675092,0.0079,0.0071,298.161232,1.0371,8
402,549404700,50,36.740812037814,127.122247718822,51.737399670295,0.0079,0.0071,299.432796,1.0371,8
403,549404750,50,36.740813940175,127.122243759361,51.736501585692,0.0079,0.0071,300.836357,1.0371,8
404,549404800,50,36.740815894120,127.122239842211,51.737019242719,0.0079,0.0071,301.790260,1.0371,8
405,549404850,50,36.740817943285,127.122236003031,51.734113688581,0.0079,0.0071,303.552150,1.0371,8
406,549404900,50,36.740819947510,127.122232069696,51.733270152472,0.0080,0.0071,302.338877,1.0371,8
407,549404950,50,36.740821847341,127.122228149794,51.735213293694,0.0080,0.0071,301.056495,1.0371,8
408,549405000,50,36.740823696196,127.122224161679,51.737083608285,0.0080,0.0071,299.942845,1.0371,8
409,549405050,50,36.740825496635,127.122220149440,51.740274651907,0.0080,0.0071,299.142481,1.0371,8
410,549405100,50,36.740827339768,127.122216189608,51.732188728638,0.0080,0.0071,300.042512,1.0371,8
411,549405150,50,36.740829272612,127.122212309592,51.736613420770,0.0080,0.0071,301.756096,1.0371,8
412,549405200,50,36.740831258541,127.122208430730,51.731287504546,0.0080,0.0071,302.462672,1.0371,8
413,549405250,50,36.740833280474,127.122204660446,51.735704140738,0.0080,0.0071,303.677130,1.0371,8
414,549405300,50,36.740835336515,127.122200877630,51.740419941023,0.0080,0.0072,304.032576,1.0371,8
415,549405350,50,36.740837294480,127.122197029463,51.740124656819,0.0080,0.0072,302.301093,1.0371,8
416,549405400,50,36.740839232177,127.122193158118,51.740106950514,0.0080,0.0072,301.877896,1.0371,8
417,549405450,50,36.740841054791,127.122189208770,51.736281823367,0.0080,0.0072,299.830831,1.0371,8
418,549405500,50,36.740842937734,127.122185358486,51.735513610765,0.0080,0.0072,301.284646,1.0371,8
419,549405550,50,36.740844854786,127.122181476747,51.733524932526,0.0080,0.0072,301.534812,1.0371,8
420,549405600,50,36.740846833084,127.122177714494,51.736502650194,0.0080,0.0072,303.158689,1.0371,8
421,549405650,50,36.740848913126,127.122174032123,51.732565938495,0.0080,0.0072,305.063355,1.0371,8
422,549405700,50,36.740850986633,127.122170301030,51.734910652041,0.0080,0.0072,304.625672,1.0371,8
423,549405750,50,36.740853040323,127.122166590621,51.737439824268,0.0081,0.0072,304.517420,1.0371,8
424,549405800,50,36.740855008764,127.122162795024,51.739331863821,0.0080,0.0071,304.517372,1.0371,8
425,549405850,50,36.740856886391,127.122158976632,51.741006326862,0.0080,0.0071,301.424395,1.0371,8
426,549405900,50,36.740858784249,127.122155172215,51.730638222769,0.0080,0.0071,301.792254,1.0371,8
427,549405950,50,36.740860696835,127.122151387571,51.737536182627,0.0080,0.0071,302.125235,1.0371,8
428,549406000,50,36.740862705258,127.122147673181,51.744806249626,0.0080,0.0071,303.895106,1.0371,8
429,549406050,50,36.740864779710,127.122144030874,51.740448499098,0.0080,0.0071,305.285864,1.0371,8
430,549406100,50,36.740866874872,127.122140374364,51.740671356209,0.0080,0.0071,305.449276,1.0371,8
431,549406150,50,36.740869007084,127.122136801385,51.738361520693,0.0080,0.0071,306.556438,1.0371,8
432,549406200,50,36.740871057109,127.122133127680,51.745144727640,0.0080,0.0071,304.735885,1.0371,8
433,549406250,50,36.740873020216,127.122129400639,51.734783794731,0.0080,0.0071,303.203158,1.0371,8
434,549406300,50,36.740874934508,127.122125644143,51.744860798120,0.0080,0.0072,302.341288,1.0371,8
435,549406350,50,36.740876838679,127.122121855150,51.745296254754,0.0080,0.0072,301.982014,1.0371,8
436,549406400,50,36.740878863884,127.122118202522,51.740989534184,0.0080,0.0072,304.563639,1.0371,8
437,549406450,50,36.740880950988,127.122114640537,51.745373328216,0.0081,0.0072,306.056155,1.0371,8
438,549406500,50,36.740883071139,127.122111062211,51.739666996524,0.0081,0.0072,306.360184,1.0371,8
439,549406550,50,36.740885242106,127.122107526803,51.744715884328,0.0081,0.0072,307.343186,1.0371,8
440,549406600,50,36.740887308254,127.122103913939,51.744935626164,0.0081,0.0072,305.396892,1.0371,8
441,549406650,50,36.740889347025,127.122100251885,51.744949325919,0.0081,0.0072,304.673459,1.0371,8
442,549406700,50,36.740891316112,127.122096550238,51.741499488242,0.0081,0.0072,303.463035,1.0371,8
443,549406750,50,36.740893315754,127.122092847217,51.742342406884,0.0081,0.0072,303.860253,1.0371,8
444,549406800,50,36.740895325205,127.122089162116,51.747638295405,0.0081,0.0072,304.119039,1.0371,8
445,549406850,50,36.740897426357,127.122085581278,51.740455523133,0.0081,0.0072,306.095158,1.0371,8
446,549406900,50,36.740899564981,127.122082072368,51.752566120587,0.0081,0.0072,307.136552,1.0371,8
447,549406950,50,36.740901771181,127.122078584766,51.753953095526,0.0080,0.0072,307.136506,1.0371,8
448,549407000,50,36.740903938200,127.122075069364,51.744290594943,0.0080,0.0072,307.449725,1.0371,8
449,549407050,50,36.740906034717,127.122071478761,51.752469596453,0.0080,0.0072,305.960707,1.0371,8
450,549407100,50,36.740908079288,127.122067859972,51.753226064146,0.0080,0.0072,305.069203,1.0371,8
451,549407150,50,36.740910068761,127.122064217935,51.747657882050,0.0080,0.0072,304.165946,1.0371,8
452,549407200,50,36.740912115152,127.122060587163,51.748283594847,0.0080,0.0072,305.004129,1.0371,8
453,549407250,50,36.740914232761,127.122057035868,51.751785282977,0.0080,0.0072,306.534949,1.0371,8
454,549407300,50,36.740916385006,127.122053542309,51.746250189841,0.0080,0.0072,307.432928,1.0371,8
455,549407350,50,36.740918620155,127.122050116299,51.751420190558,0.0080,0.0072,309.029203,1.0371,8
456,549407400,50,36.740920848326,127.122046697020,51.746424733661,0.0080,0.0072,308.996680,1.0371,8
457,549407450,50,36.740923024914,127.122043160382,51.752400931902,0.0080,0.0072,307.405062,1.0371,8
458,549407500,50,36.740925140492,127.122039672256,51.748706277460,0.0080,0.0072,307.001673,1.0371,8
459,549407550,50,36.740927189302,127.122036123043,51.747289910913,0.0080,0.0072,305.650190,1.0371,8
460,549407600,50,36.740929231188,127.122032523094,51.748627020977,0.0081,0.0072,305.174530,1.0371,8
461,549407650,50,36.740931362042,127.122028990812,51.752787586302,0.0080,0.0072,305.174487,1.0371,8
462,549407700,50,36.740933547227,127.122025552821,51.746700590476,0.0080,0.0072,308.299742,1.0371,8
463,549407750,50,36.740935798237,127.122022161396,51.754191162065,0.0080,0.0072,309.512577,1.0371,8
464,549407800,50,36.740938127712,127.122018791462,51.754121450707,0.0080,0.0072,310.659137,1.0371,8
465,549407850,50,36.740940404028,127.122015406716,51.749822849408,0.0080,0.0072,309.882897,1.0371,8
466,549407900,50,36.740942579433,127.122011913314,51.753251804039,0.0080,0.0072,307.730555,1.0371,8
467,549407950,50,36.740944720172,127.122008405337,51.754797780886,0.0080,0.0072,307.171124,1.0371,8
468,549408000,50,36.740946813101,127.122004806489,51.756856562570,0.0080,0.0072,305.851682,1.0371,8
469,549408050,50,36.740948976294,127.122001322002,51.759026421234,0.0080,0.0072,307.645361,1.0371,8
470,549408100,50,36.740951169409,127.121997899970,51.767480593175,0.0080,0.0072,308.530603,1.0371,8
471,549408150,50,36.740953458642,127.121994506037,51.766012384556,0.0080,0.0072,309.966035,1.0371,8
472,549408200,50,36.740955816911,127.121991154896,51.770337716676,0.0080,0.0072,311.166080,1.0371,8
473,549408250,50,36.740958152312,127.121987775826,51.771111316048,0.0081,0.0072,310.654431,1.0371,8
474,549408300,50,36.740960438075,127.121984399871,51.767931914888,0.0081,0.0072,310.073110,1.0371,8
475,549408350,50,36.740962637506,127.121980883446,51.773377953097,0.0081,0.0072,307.853090,1.0371,8
476,549408400,50,36.740964836326,127.121977370213,51.774841492996,0.0081,0.0072,307.870605,1.0371,8
477,549408450,50,36.740966992709,127.121973835882,51.778093058616,0.0081,0.0072,307.165533,1.0371,8
478,549408500,50,36.740969248170,127.121970393139,51.771329211071,0.0081,0.0072,309.146274,1.0371,8
479,549408550,50,36.740971578090,127.121966959452,51.779213561676,0.0081,0.0072,310.134584,1.0371,8
480,549408600,50,36.740973985586,127.121963649732,51.778419632465,0.0080,0.0072,310.134542,1.0371,8
481,549408650,50,36.740976377183,127.121960294658,51.783390138298,0.0080,0.0072,311.531497,1.0371,8
482,549408700,50,36.740978774448,127.121956853165,51.788755740970,0.0080,0.0072,310.876572,1.0371,8
