0,549295750,50,36.741902683084,127.119556042058,51.753132658079,0.0074,0.0068,193.640597,1.0300,8
1,549295800,50,36.741902717304,127.119556066648,51.740945952013,0.0073,0.0067,193.640596,1.0300,8
2,549295850,50,36.741902724178,127.119556089428,51.746692065150,0.0073,0.0067,69.446997,1.0300,8
3,549295900,50,36.741902710118,127.119556059371,51.744667995721,0.0073,0.0067,239.834434,1.0300,8
4,549295950,50,36.741902717548,127.119556051706,51.741978303529,0.0073,0.0067,320.300372,1.0300,8
5,549296000,50,36.741902705944,127.119556050151,51.746107060462,0.0073,0.0067,186.156931,1.0300,8
6,549296050,50,36.741902718201,127.119556071751,51.747385111637,0.0073,0.0067,54.812008,1.0300,8
7,549296100,50,36.741902712320,127.119556073940,51.746509383433,0.0073,0.0067,163.325245,1.0300,8
8,549296150,50,36.741902697521,127.119556074492,51.745036464185,0.0073,0.0067,178.279754,1.0300,8
9,549296200,50,36.741902714646,127.119556105942,51.746066650376,0.0073,0.0067,55.919086,1.0300,8
10,549296250,50,36.741902704995,127.119556102449,51.747254310176,0.0073,0.0067,196.240638,1.0300,8
11,549296300,50,36.741902701223,127.119556097290,51.743385042064,0.0073,0.0067,227.749039,1.0300,8
12,549296350,50,36.741902705153,127.119556067969,51.747014782391,0.0073,0.0067,279.453868,1.0300,8
13,549296400,50,36.741902701182,127.119556075212,51.748435224406,0.0074,0.0068,124.259353,1.0300,8
14,549296450,50,36.741902691098,127.119556071831,51.747461715713,0.0074,0.0068,195.099420,1.0300,8
15,549296500,50,36.741902710767,127.119556082643,51.740997951478,0.0074,0.0068,23.863870,1.0300,8
16,549296550,50,36.741902700945,127.119556095361,51.743296555243,0.0074,0.0068,133.819191,1.0300,8
17,549296600,50,36.741902706001,127.119556089525,51.746207715012,0.0074,0.0068,317.108558,1.0300,8
18,549296650,50,36.741902704817,127.119556086171,51.750173007138,0.0074,0.0068,246.313577,1.0300,8
19,549296700,50,36.741902696417,127.119556080167,51.749655281194,0.0074,0.0068,209.909944,1.0300,8
20,549296750,50,36.741902706127,127.119556075104,51.750262464397,0.0074,0.0068,337.233418,1.0300,8
21,549296800,50,36.741902703569,127.119556074507,51.749065455981,0.0074,0.0068,190.632940,1.0300,8
22,549296850,50,36.741902703481,127.119556092060,51.750530106016,0.0074,0.0068,90.357815,1.0300,8
23,549296900,50,36.741902696962,127.119556085165,51.751062795520,0.0074,0.0068,220.407683,1.0300,8
24,549296950,50,36.741902692373,127.119556105352,51.746434132569,0.0074,0.0068,105.771830,1.0300,8
25,549297000,50,36.741902703397,127.119556085056,51.750588014722,0.0073,0.0067,105.771830,1.0300,8
26,549297050,50,36.741902713454,127.119556086226,51.748685894534,0.0073,0.0067,5.348576,1.0300,8
27,549297100,50,36.741902711733,127.119556080583,51.749338398688,0.0073,0.0067,249.249617,1.0300,8
28,549297150,50,36.741902711853,127.119556089174,51.750098462217,0.0073,0.0067,89.010475,1.0300,8
29,549297200,50,36.741902709276,127.119556087723,51.751637293957,0.0073,0.0067,204.371817,1.0300,8
30,549297250,50,36.741902713302,127.119556087449,51.752835531719,0.0073,0.0067,356.865006,1.0300,8
31,549297300,50,36.741902712621,127.119556092615,51.751561057754,0.0073,0.0067,99.307831,1.0300,8
32,549297350,50,36.741902711479,127.119556093365,51.748725506477,0.0073,0.0067,152.117686,1.0300,8
33,549297400,50,36.741902720346,127.119556081950,51.749289030209,0.0073,0.0067,313.981239,1.0300,8
34,549297450,50,36.741902724325,127.119556078281,51.750400911085,0.0074,0.0068,323.431463,1.0300,8
35,549297500,50,36.741902709148,127.119556100632,51.752013660036,0.0074,0.0068,130.157093,1.0300,8
36,549297550,50,36.741902697626,127.119556078520,51.751316445880,0.0074,0.0068,237.080505,1.0300,8
37,549297600,50,36.741902712560,127.119556086830,51.741455394775,0.0073,0.0067,237.080505,1.0300,8
38,549297650,50,36.741902706581,127.119556080306,51.747032339685,0.0073,0.0067,221.285396,1.0300,8
39,549297700,50,36.741902697560,127.119556079730,51.746426448226,0.0073,0.0067,182.940869,1.0300,8
40,549297750,50,36.741902700050,127.119556094386,51.741521151736,0.0073,0.0067,78.080734,1.0300,8
41,549297800,50,36.741902702769,127.119556075214,51.744001020677,0.0073,0.0067,279.991599,1.0300,8
42,549297850,50,36.741902686440,127.119556080077,51.749209036119,0.0073,0.0067,166.521478,1.0300,8
43,549297900,50,36.741902698087,127.119556078746,51.749783742242,0.0073,0.0067,354.743941,1.0300,8
44,549297950,50,36.741902687959,127.119556085384,51.745505952276,0.0073,0.0067,152.190234,1.0300,8
45,549298000,50,36.741902698734,127.119556068111,51.749733984470,0.0073,0.0067,307.780404,1.0300,8
46,549298050,50,36.741902692577,127.119556072144,51.746950690635,0.0073,0.0067,152.201253,1.0300,8
47,549298100,50,36.741902714104,127.119556071188,51.746765412390,0.0073,0.0067,357.952839,1.0300,8
48,549298150,50,36.741902704228,127.119556070458,51.744544743560,0.0073,0.0067,183.403905,1.0300,8
49,549298200,50,36.741902703615,127.119556080863,51.746187058277,0.0073,0.0067,94.186968,1.0300,8
50,549298250,50,36.741902699947,127.119556096335,51.749019770883,0.0073,0.0067,106.412004,1.0300,8
51,549298300,50,36.741902691954,127.119556069072,51.749338117428,0.0073,0.0067,249.984208,1.0300,8
52,549298350,50,36.741902695273,127.119556086384,51.747896271758,0.0073,0.0067,76.602852,1.0300,8
53,549298400,50,36.741902703021,127.119556093531,51.748618229292,0.0073,0.0068,36.588265,1.0300,8
54,549298450,50,36.741902707958,127.119556059431,51.750319380313,0.0073,0.0068,280.198026,1.0300,8
55,549298500,50,36.741902691054,127.119556064863,51.751180906780,0.0073,0.0068,165.497175,1.0300,8
56,549298550,50,36.741902701411,127.119556097318,51.749793642201,0.0073,0.0068,68.371205,1.0300,8
57,549298600,50,36.741902702656,127.119556078968,51.742048059590,0.0074,0.0068,274.818068,1.0300,8
58,549298650,50,36.741902698328,127.119556089446,51.747909548692,0.0073,0.0067,274.818067,1.0300,8
59,549298700,50,36.741902711341,127.119556083303,51.743838337250,0.0073,0.0067,339.198967,1.0300,8
60,549298750,50,36.741902702805,127.119556066373,51.746527593583,0.0073,0.0067,237.935370,1.0300,8
61,549298800,50,36.741902699739,127.119556078331,51.746373204514,0.0073,0.0067,107.670520,1.0300,8
62,549298850,50,36.741902686487,127.119556085982,51.744272440672,0.0073,0.0067,155.077025,1.0300,8
63,549298900,50,36.741902699328,127.119556097410,51.745180767961,0.0073,0.0067,35.611114,1.0300,8
64,549298950,50,36.741902695174,127.119556082380,51.750217624940,0.0073,0.0067,251.046328,1.0300,8
65,549299000,50,36.741902706506,127.119556078895,51.746220234782,0.0073,0.0067,346.098624,1.0300,8
66,549299050,50,36.741902693690,127.119556088597,51.744085909799,0.0073,0.0067,148.649318,1.0300,8
67,549299100,50,36.741902693641,127.119556091739,51.744022654369,0.0073,0.0067,91.105542,1.0300,8
68,549299150,50,36.741902714849,127.119556082180,51.743256327696,0.0073,0.0067,340.061969,1.0300,8
69,549299200,50,36.741902680425,127.119556067706,51.748022984713,0.0073,0.0067,198.694856,1.0300,8
70,549299250,50,36.741902710553,127.119556090105,51.742667222396,0.0073,0.0067,30.894015,1.0300,8
71,549299300,50,36.741902710788,127.119556098805,51.745169718750,0.0073,0.0067,88.077419,1.0300,8
72,549299350,50,36.741902697167,127.119556089734,51.744641440921,0.0073,0.0068,208.190310,1.0300,8
73,549299400,50,36.741902717675,127.119556087538,51.738531269133,0.0073,0.0068,355.074393,1.0300,8
74,549299450,50,36.741902705051,127.119556088399,51.746245839633,0.0073,0.0068,176.858813,1.0300,8
75,549299500,50,36.741902700043,127.119556074109,51.742414832115,0.0073,0.0068,246.470218,1.0300,8
76,549299550,50,36.741902707951,127.119556095297,51.741306437179,0.0073,0.0068,65.121965,1.0300,8
77,549299600,50,36.741902717795,127.119556088536,51.742264292203,0.0073,0.0068,331.069956,1.0300,8
78,549299650,50,36.741902727903,127.119556097228,51.737204429694,0.0073,0.0067,331.069956,1.0300,8
79,549299700,50,36.741902720201,127.119556096796,51.735230710357,0.0073,0.0067,182.586349,1.0300,8
80,549299750,50,36.741902732078,127.119556087635,51.737170970999,0.0073,0.0067,328.170049,1.0300,8
81,549299800,50,36.741902732832,127.119556098104,51.735206804238,0.0073,0.0067,84.886619,1.0300,8
82,549299850,50,36.741902728014,127.119556091947,51.732506304979,0.0073,0.0067,225.797920,1.0300,8
83,549299900,50,36.741902748350,127.119556091674,51.732113787904,0.0073,0.0067,359.380908,1.0300,8
84,549299950,50,36.741902736382,127.119556100974,51.735577576794,0.0073,0.0067,147.980904,1.0300,8
85,549300000,50,36.741902724313,127.119556091404,51.734325027093,0.0073,0.0067,212.541891,1.0300,8
86,549300050,50,36.741902732313,127.119556066700,51.734000991099,0.0073,0.0067,291.918585,1.0300,8
87,549300100,50,36.741902725663,127.119556084017,51.736861990765,0.0073,0.0067,115.508487,1.0300,8
88,549300150,50,36.741902732857,127.119556096299,51.732462808490,0.0073,0.0067,53.951210,1.0300,8
89,549300200,50,36.741902744236,127.119556086208,51.734784962609,0.0073,0.0068,324.483255,1.0300,8
90,549300250,50,36.741902721195,127.119556090763,51.730802514590,0.0073,0.0068,170.960173,1.0300,8
91,549300300,50,36.741902716442,127.119556085682,51.732672390528,0.0073,0.0068,220.704343,1.0300,8
92,549300350,50,36.741902749732,127.119556098793,51.730671444908,0.0073,0.0068,17.586838,1.0300,8
93,549300400,50,36.741902742826,127.119556088565,51.735145973973,0.0073,0.0068,230.006287,1.0300,8
94,549300450,50,36.741902733766,127.119556097286,51.733317444101,0.0073,0.0068,142.235129,1.0300,8
95,549300500,50,36.741902729050,127.119556101692,51.731401793659,0.0073,0.0068,143.062261,1.0300,8
96,549300550,50,36.741902728524,127.119556072178,51.733161007054,0.0073,0.0068,268.732353,1.0300,8
97,549300600,50,36.741902758253,127.119556099472,51.734441746958,0.0073,0.0068,36.460859,1.0300,8
98,549300650,50,36.741902744509,127.119556090361,51.729601921514,0.0073,0.0068,208.080219,1.0300,8
99,549300700,50,36.741902737205,127.119556109207,51.733682733960,0.0074,0.0068,115.714351,1.0300,8
100,549300750,50,36.741902738753,127.119556089059,51.731333851814,0.0074,0.0068,275.453741,1.0300,8
101,549300800,50,36.741902733394,127.119556088814,51.730696257204,0.0073,0.0067,275.453741,1.0300,8
102,549300850,50,36.741902734345,127.119556079411,51.732519328594,0.0073,0.0067,277.159741,1.0300,8
103,549300900,50,36.741902742648,127.119556069583,51.733026104979,0.0073,0.0067,316.390155,1.0300,8
104,549300950,50,36.741902729813,127.119556091897,51.736537639983,0.0073,0.0067,125.553728,1.0300,8
105,549301000,50,36.741902747824,127.119556095254,51.731587099843,0.0073,0.0067,8.531539,1.0300,8
106,549301050,50,36.741902740332,127.119556090834,51.726133334450,0.0073,0.0067,205.402237,1.0300,8
107,549301100,50,36.741902734710,127.119556097394,51.728003080934,0.0073,0.0068,136.795687,1.0300,8
108,549301150,50,36.741902730458,127.119556106876,51.729991842993,0.0073,0.0068,119.128296,1.0300,8
109,549301200,50,36.741902745917,127.119556089379,51.728895192966,0.0073,0.0068,317.670552,1.0300,8
110,549301250,50,36.741902730748,127.119556093242,51.728232835419,0.0073,0.0068,168.415949,1.0300,8
111,549301300,50,36.741902727121,127.119556075179,51.731183350086,0.0073,0.0068,255.991069,1.0300,8
112,549301350,50,36.741902740726,127.119556094571,51.728610765189,0.0073,0.0068,48.920337,1.0300,8
113,549301400,50,36.741902747493,127.119556079289,51.730648390949,0.0073,0.0068,298.818705,1.0300,8
114,549301450,50,36.741902739698,127.119556101925,51.727790935896,0.0073,0.0068,113.163419,1.0300,8
115,549301500,50,36.741902749021,127.119556110695,51.724091164768,0.0073,0.0068,37.129012,1.0300,8
116,549301550,50,36.741902736679,127.119556074167,51.732416636311,0.0073,0.0068,247.227595,1.0300,8
117,549301600,50,36.741902732217,127.119556058905,51.730656824075,0.0073,0.0068,250.034583,1.0300,8
118,549301650,50,36.741902736589,127.119556082960,51.728568496183,0.0074,0.0068,77.273992,1.0300,8
119,549301700,50,36.741902733833,127.119556081405,51.726995212957,0.0074,0.0068,204.433986,1.0300,8
120,549301750,50,36.741902720295,127.119556077156,51.728546188213,0.0074,0.0068,194.173238,1.0300,8
121,549301800,50,36.741902729463,127.119556092608,51.728512927890,0.0074,0.0068,53.600684,1.0300,8
122,549301850,50,36.741902730631,127.119556081472,51.731869000942,0.0074,0.0068,277.427884,1.0300,8
123,549301900,50,36.741902738012,127.119556091195,51.726778223179,0.0074,0.0068,46.678053,1.0300,8
124,549301950,50,36.741902733116,127.119556087125,51.730021216907,0.0074,0.0068,213.783018,1.0300,8
125,549302000,50,36.741902735709,127.119556094137,51.724142710678,0.0074,0.0068,65.314365,1.0300,8
126,549302050,50,36.741902717183,127.119556090009,51.726245841011,0.0074,0.0068,190.164435,1.0300,8
127,549302100,50,36.741902716662,127.119556096104,51.731321649626,0.0073,0.0068,190.164434,1.0300,8
128,549302150,50,36.741902728151,127.119556099751,51.733712398447,0.0073,0.0068,14.329768,1.0300,8
129,549302200,50,36.741902720913,127.119556103724,51.732563678175,0.0073,0.0068,156.163176,1.0300,8
130,549302250,50,36.741902720282,127.119556125742,51.735962987877,0.0073,0.0068,92.038045,1.0300,8
131,549302300,50,36.741902716684,127.119556093754,51.730482159182,0.0073,0.0068,262.044327,1.0300,8
132,549302350,50,36.741902732073,127.119556099013,51.731896967627,0.0073,0.0068,15.377422,1.0300,8
133,549302400,50,36.741902734422,127.119556114439,51.730995692313,0.0073,0.0068,79.286128,1.0300,8
134,549302450,50,36.741902721973,127.119556116556,51.732753830962,0.0073,0.0068,172.205254,1.0300,8
135,549302500,50,36.741902720454,127.119556115397,51.732256453484,0.0073,0.0068,211.551995,1.0300,8
136,549302550,50,36.741902736476,127.119556118378,51.727315100841,0.0074,0.0068,8.516107,1.0300,8
137,549302600,50,36.741902728916,127.119556117269,51.735305440612,0.0074,0.0068,186.729984,1.0300,8
138,549302650,50,36.741902700271,127.119556093851,51.739770716988,0.0073,0.0067,186.729983,1.0300,8
139,549302700,50,36.741902707651,127.119556096379,51.737649291754,0.0073,0.0068,15.408903,1.0300,8
140,549302750,50,36.741902690149,127.119556117124,51.737154182978,0.0073,0.0068,136.350484,1.0300,8
141,549302800,50,36.741902683053,127.119556156780,51.742078294978,0.0073,0.0068,102.535285,1.0300,8
142,549302850,50,36.741902680856,127.119556207967,51.741672074422,0.0073,0.0068,93.052476,1.0300,8
143,549302900,50,36.741902658904,127.119556249468,51.736602648161,0.0073,0.0068,123.313645,1.0300,8
144,549302950,50,36.741902633882,127.119556324714,51.740077721886,0.0073,0.0068,112.450240,1.0300,8
145,549303000,50,36.741902626678,127.119556372646,51.740362499841,0.0073,0.0068,100.577593,1.0300,8
146,549303050,50,36.741902594580,127.119556469741,51.739570789039,0.0073,0.0068,112.330929,1.0300,8
147,549303100,50,36.741902547711,127.119556572525,51.739046732895,0.0073,0.0068,119.535367,1.0300,8
148,549303150,50,36.741902523835,127.119556673506,51.741319225170,0.0073,0.0068,106.372109,1.0300,8
149,549303200,50,36.741902462734,127.119556782584,51.742738557979,0.0073,0.0068,124.838733,1.0300,8
150,549303250,50,36.741902412477,127.119556916953,51.745307541452,0.0073,0.0068,114.925729,1.0300,8
151,549303300,50,36.741902348923,127.119557054512,51.743816267699,0.0073,0.0068,119.858976,1.0300,8
152,549303350,50,36.741902290861,127.119557217250,51.745535041206,0.0073,0.0068,113.908335,1.0300,8
153,549303400,50,36.741902220089,127.119557428308,51.744122072123,0.0073,0.0068,112.618786,1.0300,8
154,549303450,50,36.741902144256,127.119557637563,51.738386559300,0.0073,0.0068,114.241555,1.0300,8
155,549303500,50,36.741902056445,127.119557887137,51.738535973243,0.0073,0.0068,113.614059,1.0300,8
156,549303550,50,36.741901973193,127.119558168369,51.732894909568,0.0073,0.0068,110.194601,1.0300,8
157,549303600,50,36.741901874866,127.119558457492,51.727006130852,0.0073,0.0067,110.194601,1.0300,8
158,549303650,50,36.741901740395,127.119558778019,51.731926268898,0.0073,0.0067,117.532182,1.0300,8
159,549303700,50,36.741901611506,127.119559101716,51.733558043838,0.0073,0.0067,116.323991,1.0300,8
160,549303750,50,36.741901466046,127.119559466410,51.735033510253,0.0073,0.0067,116.362513,1.0300,8
161,549303800,50,36.741901301964,127.119559852075,51.737535404041,0.0073,0.0067,117.862667,1.0300,8
162,549303850,50,36.741901161262,127.119560294764,51.735851812176,0.0073,0.0067,111.550124,1.0300,8
163,549303900,50,36.741900996544,127.119560723007,51.738645232283,0.0073,0.0067,115.544372,1.0300,8
164,549303950,50,36.741900803821,127.119561224514,51.732596389949,0.0073,0.0067,115.523958,1.0300,8
165,549304000,50,36.741900627571,127.119561694666,51.732919583097,0.0073,0.0068,114.976173,1.0300,8
166,549304050,50,36.741900434064,127.119562273299,51.733475671150,0.0073,0.0068,112.564311,1.0300,8
167,549304100,50,36.741900204830,127.119562825267,51.732444435358,0.0073,0.0068,117.295030,1.0300,8
168,549304150,50,36.741899996483,127.119563428047,51.727240724489,0.0073,0.0068,113.242228,1.0300,8
169,549304200,50,36.741899730793,127.119564004629,51.734600098804,0.0073,0.0068,119.793854,1.0300,8
170,549304250,50,36.741899503617,127.119564627781,51.735835437663,0.0073,0.0068,114.369533,1.0300,8
171,549304300,50,36.741899239017,127.119565349847,51.733346534893,0.0073,0.0068,114.480938,1.0300,8
172,549304350,50,36.741898978874,127.119566104273,51.731236348860,0.0073,0.0068,113.192911,1.0300,8
173,549304400,50,36.741898705600,127.119566808423,51.722132745199,0.0073,0.0068,115.744056,1.0300,8
174,549304450,50,36.741898391712,127.119567550246,51.732156960294,0.0074,0.0068,117.733399,1.0300,8
175,549304500,50,36.741898125122,127.119568409786,51.726252753288,0.0074,0.0068,111.075454,1.0300,8
176,549304550,50,36.741897799054,127.119569214764,51.728220532648,0.0074,0.0068,116.716455,1.0300,8
177,549304600,50,36.741897464594,127.119570109921,51.729235309176,0.0074,0.0068,114.903172,1.0300,8
178,549304650,50,36.741897150738,127.119570990562,51.729193881154,0.0074,0.0068,113.885357,1.0300,8
179,549304700,50,36.741896752259,127.119571898102,51.731335217133,0.0074,0.0068,118.615415,1.0300,8
180,549304750,50,36.741896374214,127.119572910510,51.727860025130,0.0074,0.0068,114.890196,1.0300,8
181,549304800,50,36.741896011344,127.119573909856,51.729501930065,0.0073,0.0068,114.890199,1.0300,8
182,549304850,50,36.741895609745,127.119574916524,51.728670688346,0.0073,0.0068,116.367377,1.0300,8
183,549304900,50,36.741895204374,127.119575970733,51.733775730245,0.0073,0.0068,115.537897,1.0300,8
184,549304950,50,36.741894815086,127.119577097921,51.727615228854,0.0073,0.0068,113.225316,1.0300,8
185,549305000,50,36.741894398110,127.119578237744,51.732693688013,0.0073,0.0068,114.444226,1.0300,8
186,549305050,50,36.741893939396,127.119579347401,51.726856183261,0.0073,0.0068,117.186988,1.0300,8
187,549305100,50,36.741893485441,127.119580581378,51.728665902279,0.0073,0.0068,114.565271,1.0300,8
188,549305150,50,36.741892989802,127.119581761561,51.723869642243,0.0073,0.0068,117.556650,1.0300,8
189,549305200,50,36.741892539411,127.119583013214,51.729802334681,0.0074,0.0068,114.089880,1.0300,8
190,549305250,50,36.741892070675,127.119584351210,51.722647044808,0.0074,0.0068,113.523194,1.0300,8
191,549305300,50,36.741891563799,127.119585668683,51.727550636046,0.0074,0.0068,115.549838,1.0300,8
192,549305350,50,36.741891039483,127.119587001959,51.724938301370,0.0074,0.0068,116.041605,1.0300,8
193,549305400,50,36.741890506594,127.119588325446,51.733358704485,0.0075,0.0074,116.578529,1.0300,8
194,549305450,50,36.741889988361,127.119589754096,51.726423407905,0.0075,0.0074,114.262054,1.0300,8
195,549305500,50,36.741889416250,127.119591131824,51.725256753154,0.0075,0.0074,117.292417,1.0300,8
196,549305550,50,36.741888875550,127.119592597689,51.727592837065,0.0075,0.0074,114.623044,1.0300,8
197,549305600,50,36.741888328965,127.119594068205,51.727978498675,0.0075,0.0074,114.789603,1.0300,8
198,549305650,50,36.741887750319,127.119595594148,51.729036193341,0.0075,0.0074,115.228678,1.0300,8
199,549305700,50,36.741887143074,127.119597047292,51.737811090425,0.0075,0.0073,117.439878,1.0300,8
200,549305750,50,36.741886577304,127.119598662429,51.727642022073,0.0075,0.0073,113.521105,1.0300,8
201,549305800,50,36.741885934297,127.119600261140,51.732700471766,0.0074,0.0073,113.521115,1.0300,8
202,549305850,50,36.741885342644,127.119601834007,51.728196118958,0.0074,0.0072,115.051113,1.0300,8
203,549305900,50,36.741884756576,127.119603468685,51.736177837476,0.0075,0.0075,114.011798,1.0300,8
204,549305950,50,36.741884115196,127.119605106363,51.727368163876,0.0075,0.0075,115.948772,1.0300,8
205,549306000,50,36.741883467031,127.119606739034,51.728073268197,0.0075,0.0075,116.256252,1.0300,8
206,549306050,50,36.741882830542,127.119608461925,51.726092200726,0.0075,0.0075,114.656572,1.0300,8
207,549306100,50,36.741882158166,127.119610169166,51.739583861083,0.0075,0.0075,116.075112,1.0300,8
208,549306150,50,36.741881503615,127.119611863745,51.726916008629,0.0075,0.0075,115.638377,1.0300,8
209,549306200,50,36.741880821592,127.119613646568,51.728659981862,0.0075,0.0075,115.423321,1.0300,8
210,549306250,50,36.741880147933,127.119615405736,51.730167294852,0.0075,0.0075,115.445939,1.0300,8
211,549306300,50,36.741879424468,127.119617216995,51.735334851779,0.0075,0.0075,116.395255,1.0300,8
212,549306350,50,36.741878756481,127.119619044572,51.735228382982,0.0075,0.0075,114.425241,1.0300,8
213,549306400,50,36.741878001300,127.119620880900,51.736743097194,0.0075,0.0073,117.066379,1.0300,8
214,549306450,50,36.741877337578,127.119622709280,51.730885295197,0.0075,0.0073,114.277907,1.0300,8
215,549306500,50,36.741876566958,127.119624628757,51.735667616129,0.0075,0.0073,116.512059,1.0300,8
216,549306550,50,36.741875828872,127.119626493388,51.731711190194,0.0075,0.0073,116.189721,1.0300,8
217,549306600,50,36.741875099430,127.119628426194,51.736979220994,0.0075,0.0073,115.123395,1.0300,8
218,549306650,50,36.741874357376,127.119630355864,51.733518633060,0.0075,0.0073,115.539211,1.0300,8
219,549306700,50,36.741873592839,127.119632249334,51.734800511040,0.0075,0.0073,116.643124,1.0300,8
220,549306750,50,36.741872850242,127.119634227714,51.735452364199,0.0076,0.0073,115.003961,1.0300,8
221,549306800,50,36.741872102006,127.119636197885,51.742573125288,0.0076,0.0073,115.262261,1.0300,8
222,549306850,50,36.741871303002,127.119638146359,51.734662507661,0.0076,0.0073,116.999806,1.0300,8
223,549306900,50,36.741870545012,127.119640153766,51.734120195732,0.0076,0.0073,115.134838,1.0300,8
224,549306950,50,36.741869769080,127.119642119699,51.740745184012,0.0076,0.0073,116.123980,1.0300,8
225,549307000,50,36.741868976145,127.119644129843,51.740709590726,0.0075,0.0072,116.123997,1.0300,8
226,549307050,50,36.741868162966,127.119646140321,51.741598886438,0.0075,0.0072,116.682655,1.0300,8
227,549307100,50,36.741867358944,127.119648153005,51.740220876411,0.0075,0.0072,116.398117,1.0300,8
228,549307150,50,36.741866567995,127.119650212042,51.745954450220,0.0075,0.0072,115.515190,1.0300,8
229,549307200,50,36.741865749365,127.119652238771,51.750092093833,0.0075,0.0072,116.651169,1.0300,8
230,549307250,50,36.741864941318,127.119654356007,51.742545063607,0.0075,0.0072,115.371016,1.0300,8
231,549307300,50,36.741864147500,127.119656394259,51.748682604171,0.0075,0.0072,115.823121,1.0300,8
232,549307350,50,36.741863303242,127.119658524461,51.746841897257,0.0075,0.0072,116.217943,1.0300,8
233,549307400,50,36.741862463664,127.119660617930,51.742152075283,0.0075,0.0071,116.487685,1.0300,8
234,549307450,50,36.741861645773,127.119662739191,51.750113854185,0.0075,0.0071,115.598211,1.0300,8
235,549307500,50,36.741860760208,127.119664907575,51.749916516244,0.0075,0.0071,116.905435,1.0300,8
236,549307550,50,36.741859925437,127.119667106457,51.752985603176,0.0075,0.0071,115.253649,1.0300,8
237,549307600,50,36.741859084476,127.119669306462,51.748394125141,0.0074,0.0071,115.253671,1.0300,8
238,549307650,50,36.741858172530,127.119671505348,51.753958689980,0.0074,0.0071,117.262833,1.0300,8
239,549307700,50,36.741857323361,127.119673761044,51.745065515861,0.0075,0.0071,115.068230,1.0300,8
240,549307750,50,36.741856414169,127.119676052904,51.745290912688,0.0075,0.0071,116.239556,1.0300,8
241,549307800,50,36.741855493822,127.119678345136,51.748403708450,0.0075,0.0071,116.513960,1.0300,8
242,549307850,50,36.741854593319,127.119680629234,51.745880119503,0.0075,0.0071,116.098710,1.0300,8
243,549307900,50,36.741853635992,127.119682969351,51.751567984931,0.0075,0.0070,116.944801,1.0300,8
244,549307950,50,36.741852685713,127.119685317369,51.746438274160,0.0075,0.0070,116.696569,1.0300,8
245,549308000,50,36.741851726535,127.119687731514,51.745091762394,0.0075,0.0070,116.274535,1.0300,8
246,549308050,50,36.741850771062,127.119690162322,51.754722864367,0.0075,0.0070,116.030866,1.0300,8
247,549308100,50,36.741849848900,127.119692662396,51.747832524590,0.0075,0.0070,114.622595,1.0300,8
248,549308150,50,36.741848866188,127.119695136391,51.745082172565,0.0075,0.0070,116.268856,1.0300,8
249,549308200,50,36.741847834262,127.119697634457,51.746137537062,0.0075,0.0070,117.170432,1.0300,8
250,549308250,50,36.741846851332,127.119700160533,51.740605435334,0.0075,0.0070,115.803110,1.0300,8
251,549308300,50,36.741845829306,127.119702711783,51.744074818678,0.0075,0.0070,116.462104,1.0300,8
252,549308350,50,36.741844781402,127.119705288145,51.742110216059,0.0075,0.0070,116.811348,1.0300,8
253,549308400,50,36.741843740595,127.119707949347,51.753809999675,0.0075,0.0070,115.917860,1.0300,8
254,549308450,50,36.741842657098,127.119710544311,51.742711941712,0.0075,0.0070,117.420510,1.0300,8
255,549308500,50,36.741841650541,127.119713274875,51.740771623328,0.0075,0.0070,114.609171,1.0300,8
256,549308550,50,36.741840519243,127.119715962796,51.741018595174,0.0075,0.0070,117.607757,1.0300,8
257,549308600,50,36.741839454502,127.119718664698,51.740375973284,0.0074,0.0069,117.607783,1.0300,8
258,549308650,50,36.741838335335,127.119721415514,51.745508478954,0.0074,0.0069,116.817660,1.0300,8
259,549308700,50,36.741837242886,127.119724190500,51.740197237581,0.0074,0.0069,116.065880,1.0300,8
260,549308750,50,36.741836099799,127.119727017055,51.752265085466,0.0075,0.0069,116.679193,1.0300,8
261,549308800,50,36.741834940060,127.119729835552,51.744731001556,0.0075,0.0069,117.079324,1.0300,8
262,549308850,50,36.741833829803,127.119732678720,51.738779189996,0.0075,0.0069,115.883068,1.0300,8
263,549308900,50,36.741832649491,127.119735542778,51.738826484419,0.0075,0.0069,117.115278,1.0300,8
264,549308950,50,36.741831476531,127.119738479532,51.733340543695,0.0075,0.0069,116.394100,1.0300,8
265,549309000,50,36.741830298590,127.119741379977,51.742464526556,0.0075,0.0069,116.776522,1.0300,8
266,549309050,50,36.741829136717,127.119744293862,51.742232893594,0.0075,0.0069,116.355812,1.0300,8
267,549309100,50,36.741827924538,127.119747329918,51.736477266997,0.0075,0.0069,116.385758,1.0300,8
268,549309150,50,36.741826692342,127.119750293571,51.729619404301,0.0075,0.0069,117.321191,1.0300,8
269,549309200,50,36.741825502429,127.119753297013,51.728573522530,0.0075,0.0069,116.209622,1.0300,8
270,549309250,50,36.741824270190,127.119756355992,51.737600814551,0.0075,0.0069,116.589119,1.0300,8
271,549309300,50,36.741823031085,127.119759433707,51.733537443914,0.0075,0.0069,116.576514,1.0300,8
272,549309350,50,36.741821765390,127.119762545066,51.731092917733,0.0075,0.0069,116.814745,1.0300,8
273,549309400,50,36.741820498247,127.119765684632,51.730849783868,0.0075,0.0069,116.633357,1.0300,8
274,549309450,50,36.741819221674,127.119768825368,51.725754828192,0.0075,0.0069,116.795389,1.0300,8
275,549309500,50,36.741817947479,127.119771984248,51.724965299480,0.0075,0.0069,116.619963,1.0300,8
276,549309550,50,36.741816615802,127.119775156554,51.721927084029,0.0075,0.0069,117.546199,1.0300,8
277,549309600,50,36.741815303505,127.119778406245,51.724206676707,0.0074,0.0069,117.546231,1.0300,8
278,549309650,50,36.741814006058,127.119781667026,51.722404204309,0.0074,0.0069,116.307641,1.0300,8
279,549309700,50,36.741812633740,127.119784927096,51.723046982661,0.0074,0.0069,117.611400,1.0300,8
280,549309750,50,36.741811294396,127.119788185601,51.720006971620,0.0074,0.0069,117.054228,1.0300,8
281,549309800,50,36.741809935267,127.119791507402,51.718305126764,0.0074,0.0069,116.948210,1.0300,8
282,549309850,50,36.741808580842,127.119794846470,51.719059445895,0.0074,0.0069,116.748460,1.0300,8
283,549309900,50,36.741807234482,127.119798184088,51.720579825342,0.0074,0.0069,116.621135,1.0300,8
284,549309950,50,36.741805837902,127.119801586229,51.716977639124,0.0074,0.0068,117.024296,1.0300,8
285,549310000,50,36.741804446080,127.119804995888,51.716344805434,0.0074,0.0068,116.894162,1.0300,8
286,549310050,50,36.741803038755,127.119808408024,51.723101233132,0.0074,0.0068,117.134155,1.0300,8
287,549310100,50,36.741801583505,127.119811845267,51.722385331988,0.0074,0.0069,117.747038,1.0300,8
288,549310150,50,36.741800144821,127.119815323560,51.726516717114,0.0074,0.0069,117.200124,1.0300,8
289,549310200,50,36.741798708267,127.119818841079,51.724895683117,0.0074,0.0069,116.905480,1.0300,8
290,549310250,50,36.741797226921,127.119822351152,51.720203381963,0.0074,0.0069,117.671697,1.0300,8
291,549310300,50,36.741795772716,127.119825897363,51.722483970225,0.0074,0.0069,117.000120,1.0300,8
292,549310350,50,36.741794273622,127.119829485558,51.720227002166,0.0074,0.0069,117.434312,1.0300,8
293,549310400,50,36.741792778381,127.119833065227,51.708816172555,0.0075,0.0069,117.429742,1.0300,8
294,549310450,50,36.741791269697,127.119836668796,51.718621682376,0.0075,0.0069,117.483566,1.0300,8
295,549310500,50,36.741789759566,127.119840310092,51.718086128123,0.0075,0.0069,117.262343,1.0300,8
296,549310550,50,36.741788249994,127.119843998671,51.713211973198,0.0075,0.0069,116.953902,1.0300,8
297,549310600,50,36.741786707391,127.119847688720,51.710539923050,0.0075,0.0069,117.448811,1.0300,8
298,549310650,50,36.741785166624,127.119851426996,51.713869743980,0.0075,0.0069,117.117927,1.0300,8
299,549310700,50,36.741783611584,127.119855123839,51.715695835650,0.0075,0.0069,117.594163,1.0300,8
300,549310750,50,36.741782043294,127.119858875412,51.713500471786,0.0075,0.0069,117.448314,1.0300,8
301,549310800,50,36.741780441935,127.119862667005,51.713136734441,0.0074,0.0068,117.448352,1.0300,8
302,549310850,50,36.741778845460,127.119866491171,51.712906729430,0.0074,0.0068,117.416667,1.0300,8
303,549310900,50,36.741777250238,127.119870306796,51.705515160225,0.0074,0.0068,117.450644,1.0300,8
304,549310950,50,36.741775615508,127.119874170780,51.704329067841,0.0074,0.0068,117.729808,1.0300,8
305,549311000,50,36.741773976049,127.119877995200,51.707340307534,0.0074,0.0068,118.042005,1.0300,8
306,549311050,50,36.741772367933,127.119881889599,51.709599343129,0.0074,0.0068,117.161400,1.0300,8
307,549311100,50,36.741770756700,127.119885808426,51.709998805076,0.0074,0.0068,117.061071,1.0300,8
308,549311150,50,36.741769099656,127.119889706789,51.713338012807,0.0074,0.0068,117.840845,1.0300,8
309,549311200,50,36.741767445314,127.119893624168,51.712819795124,0.0074,0.0068,117.687382,1.0300,8
310,549311250,50,36.741765797194,127.119897525044,51.705138832331,0.0074,0.0068,117.698079,1.0300,8
311,549311300,50,36.741764127152,127.119901458739,51.702525616623,0.0074,0.0068,117.812250,1.0300,8
312,549311350,50,36.741762447175,127.119905383518,51.693875968456,0.0074,0.0068,118.006589,1.0300,8
313,549311400,50,36.741760773366,127.119909309665,51.703640635125,0.0074,0.0068,117.911048,1.0300,8
314,549311450,50,36.741759096160,127.119913295472,51.706662195735,0.0074,0.0068,117.602807,1.0300,8
315,549311500,50,36.741757390603,127.119917275623,51.696399950422,0.0074,0.0068,118.032760,1.0300,8
316,549311550,50,36.741755708510,127.119921319004,51.705155948177,0.0075,0.0068,117.334721,1.0300,8
317,549311600,50,36.741753980379,127.119925293930,51.702330167405,0.0075,0.0068,118.377907,1.0300,8
318,549311650,50,36.741752261450,127.119929332510,51.709435543977,0.0075,0.0069,117.872287,1.0300,8
319,549311700,50,36.741750572497,127.119933382861,51.701232541353,0.0075,0.0069,117.389632,1.0300,8
320,549311750,50,36.741748831505,127.119937425800,51.703471646644,0.0075,0.0069,118.149637,1.0300,8
321,549311800,50,36.741747066623,127.119941512511,51.700123526156,0.0075,0.0069,118.217871,1.0300,8
322,549311850,50,36.741745265850,127.119945561308,51.701404794119,0.0075,0.0069,118.926625,1.0300,8
323,549311900,50,36.741743552305,127.119949655962,51.697684637271,0.0075,0.0069,117.473405,1.0300,8
324,549311950,50,36.741741768385,127.119953775997,51.701919029467,0.0075,0.0069,118.280160,1.0300,8
325,549312000,50,36.741740008644,127.119957865746,51.701097921468,0.0075,0.0069,118.130563,1.0300,8
326,549312050,50,36.741738230518,127.119961980699,51.704064410180,0.0075,0.0069,118.231919,1.0300,8
327,549312100,50,36.741736449460,127.119966110919,51.705440417863,0.0074,0.0068,118.231963,1.0300,8
328,549312150,50,36.741734662395,127.119970241766,51.703975071199,0.0074,0.0068,118.259656,1.0300,8
329,549312200,50,36.741732850374,127.119974352151,51.699911012314,0.0074,0.0068,118.712000,1.0300,8
330,549312250,50,36.741731053930,127.119978496891,51.698943782598,0.0074,0.0068,118.304518,1.0300,8
331,549312300,50,36.741729240576,127.119982626865,51.701869799756,0.0074,0.0068,118.615080,1.0300,8
332,549312350,50,36.741727439077,127.119986746283,51.698182493448,0.0074,0.0068,118.518822,1.0300,8
333,549312400,50,36.741725629223,127.119990912474,51.697210330516,0.0074,0.0068,118.358952,1.0300,8
334,549312450,50,36.741723822119,127.119995014998,51.698347497731,0.0074,0.0068,118.692613,1.0300,8
335,549312500,50,36.741722002227,127.119999213899,51.699425582774,0.0074,0.0068,118.304155,1.0300,8
336,549312550,50,36.741720163452,127.120003334264,51.700604412705,0.0074,0.0068,119.008230,1.0300,8
337,549312600,50,36.741718346036,127.120007557108,51.699841937050,0.0074,0.0068,119.008277,1.0300,8
338,549312650,50,36.741716512175,127.120011706564,51.694708295166,0.0074,0.0068,118.772904,1.0300,8
339,549312700,50,36.741714641729,127.120015842260,51.698780117556,0.0074,0.0068,119.334147,1.0300,8
340,549312750,50,36.741712808899,127.120020065499,51.690762178972,0.0074,0.0068,118.335386,1.0300,8
341,549312800,50,36.741710971387,127.120024225994,51.690059619956,0.0074,0.0068,118.756761,1.0300,8
342,549312850,50,36.741709128238,127.120028371537,51.689838660881,0.0074,0.0068,118.918056,1.0300,8
343,549312900,50,36.741707286753,127.120032553574,51.691571026109,0.0074,0.0068,118.684193,1.0300,8
344,549312950,50,36.741705427780,127.120036710803,51.695525101386,0.0074,0.0068,119.057320,1.0300,8
345,549313000,50,36.741703589102,127.120040898637,51.689947664738,0.0074,0.0068,118.614029,1.0300,8
346,549313050,50,36.741701694350,127.120045072991,51.687892033719,0.0074,0.0068,119.422458,1.0300,8
347,549313100,50,36.741699811774,127.120049269313,51.689181533642,0.0074,0.0068,119.136603,1.0300,8
348,549313150,50,36.741697961516,127.120053481293,51.688630348071,0.0074,0.0068,118.626758,1.0300,8
349,549313200,50,36.741696084375,127.120057696773,51.685783724301,0.0074,0.0068,118.955522,1.0300,8
350,549313250,50,36.741694211144,127.120061939109,51.682629878633,0.0074,0.0068,118.751221,1.0300,8
351,549313300,50,36.741692334314,127.120066127125,51.686317512766,0.0074,0.0068,119.110390,1.0300,8
352,549313350,50,36.741690457388,127.120070291401,51.687524507754,0.0074,0.0068,119.250279,1.0300,8
353,549313400,50,36.741688560750,127.120074480599,51.682541646995,0.0074,0.0068,119.359855,1.0300,8
354,549313450,50,36.741686700732,127.120078687459,51.676767313853,0.0074,0.0068,118.783079,1.0300,8
355,549313500,50,36.741684820363,127.120082897318,51.678835587576,0.0074,0.0068,119.029653,1.0300,8
356,549313550,50,36.741682916272,127.120087092563,51.674034875818,0.0074,0.0068,119.420578,1.0300,8
357,549313600,50,36.741681025026,127.120091262458,51.680441053584,0.0074,0.0068,119.420628,1.0300,8
358,549313650,50,36.741679121978,127.120095447184,51.681218552403,0.0074,0.0068,119.468774,1.0300,8
359,549313700,50,36.741677229329,127.120099663705,51.683560881764,0.0074,0.0068,119.149632,1.0300,8
360,549313750,50,36.741675316060,127.120103856068,51.680636876263,0.0074,0.0068,119.555555,1.0300,8
361,549313800,50,36.741673441129,127.120108078165,51.677134944126,0.0074,0.0068,118.888913,1.0300,8
362,549313850,50,36.741671516779,127.120112286015,51.682569450699,0.0074,0.0068,119.606894,1.0300,8
363,549313900,50,36.741669564746,127.120116521928,51.677568542771,0.0074,0.0068,119.795188,1.0300,8
364,549313950,50,36.741667669607,127.120120679125,51.679202356376,0.0074,0.0068,119.528546,1.0300,8
365,549314000,50,36.741665761480,127.120124873775,51.684280171059,0.0074,0.0068,119.476035,1.0300,8
366,549314050,50,36.741663815174,127.120129057930,51.676617369056,0.0074,0.0068,120.026868,1.0300,8
367,549314100,50,36.741661900730,127.120133237026,51.679948898032,0.0074,0.0068,119.648635,1.0300,8
368,549314150,50,36.741660017854,127.120137425232,51.678253130987,0.0074,0.0068,119.187678,1.0300,8
369,549314200,50,36.741658088908,127.120141609648,51.680503105745,0.0074,0.0068,119.803421,1.0300,8
370,549314250,50,36.741656128051,127.120145797991,51.686849683523,0.0074,0.0068,120.187178,1.0300,8
371,549314300,50,36.741654191651,127.120149922843,51.675278645940,0.0074,0.0068,120.255069,1.0300,8
372,549314350,50,36.741652271410,127.120154137724,51.682410087436,0.0074,0.0068,119.513248,1.0300,8
373,549314400,50,36.741650350512,127.120158289549,51.675964266062,0.0074,0.0068,119.893400,1.0300,8
374,549314450,50,36.741648420654,127.120162433493,51.678779873997,0.0074,0.0068,120.055904,1.0300,8
375,549314500,50,36.741646495617,127.120166636456,51.681588854641,0.0074,0.0068,119.644251,1.0300,8
376,549314550,50,36.741644570712,127.120170767063,51.676608992741,0.0074,0.0068,120.072135,1.0300,8
377,549314600,50,36.741642591084,127.120174931852,51.683715955354,0.0074,0.0068,120.566268,1.0300,8
378,549314650,50,36.741640669135,127.120179040853,51.676208614372,0.0074,0.0068,120.164340,1.0300,8
379,549314700,50,36.741638757360,127.120183187913,51.682229738683,0.0075,0.0069,119.804035,1.0300,8
380,549314750,50,36.741636818469,127.120187296782,51.686494235881,0.0074,0.0068,119.804086,1.0300,8
381,549314800,50,36.741634876502,127.120191431482,51.689376330003,0.0074,0.0068,120.267207,1.0300,8
382,549314850,50,36.741632948487,127.120195594407,51.683667427860,0.0074,0.0068,119.918887,1.0300,8
383,549314900,50,36.741631000686,127.120199696884,51.689057395793,0.0074,0.0068,120.537877,1.0300,8
384,549314950,50,36.741629052020,127.120203798530,51.686636220664,0.0074,0.0068,120.554076,1.0300,8
385,549315000,50,36.741627141405,127.120207930094,51.686098847538,0.0074,0.0068,119.881640,1.0300,8
386,549315050,50,36.741625177770,127.120212038885,51.684907571413,0.0074,0.0068,120.702580,1.0300,8
387,549315100,50,36.741623209865,127.120216082426,51.690513664857,0.0074,0.0068,121.161853,1.0300,8
388,549315150,50,36.741621302304,127.120220225092,51.693373596296,0.0074,0.0068,119.775720,1.0300,8
389,549315200,50,36.741619361382,127.120224302822,51.682555858977,0.0074,0.0068,120.600901,1.0300,8
390,549315250,50,36.741617406601,127.120228377397,51.685838107951,0.0074,0.0068,120.799324,1.0300,8
391,549315300,50,36.741615442097,127.120232443431,51.693912562914,0.0074,0.0068,120.977524,1.0300,8
392,549315350,50,36.741613484272,127.120236517254,51.688174745068,0.0074,0.0068,120.843192,1.0300,8
393,549315400,50,36.741611515523,127.120240554266,51.683555188589,0.0074,0.0068,121.213739,1.0300,8
394,549315450,50,36.741609565064,127.120244595770,51.685041817836,0.0075,0.0068,120.949099,1.0300,8
395,549315500,50,36.741607606591,127.120248697795,51.692879358307,0.0075,0.0068,120.677802,1.0300,8
396,549315550,50,36.741605695173,127.120252777090,51.693221504800,0.0075,0.0068,120.208201,1.0300,8
397,549315600,50,36.741603911970,127.120256933039,51.690528601408,0.0075,0.0069,118.063573,1.0300,8
398,549315650,50,36.741602192564,127.120261139588,51.691973570734,0.0075,0.0069,116.924936,1.0300,8
399,549315700,50,36.741600521309,127.120265379353,51.700189614668,0.0075,0.0069,116.094953,1.0300,8
400,549315750,50,36.741598850801,127.120269537935,51.692545544356,0.0074,0.0068,116.095002,1.0300,8
401,549315800,50,36.741597137673,127.120273723960,51.698011748493,0.0075,0.0068,116.953510,1.0300,8
402,549315850,50,36.741595353491,127.120277831573,51.696317755617,0.0075,0.0068,118.355934,1.0300,8
403,549315900,50,36.741593513790,127.120281956102,51.688873174600,0.0075,0.0068,118.995908,1.0300,8
404,549315950,50,36.741591594576,127.120285992522,51.694193427451,0.0075,0.0069,120.574165,1.0300,8
405,549316000,50,36.741589590573,127.120289966770,51.691913154908,0.0075,0.0069,122.068837,1.0300,8
406,549316050,50,36.741587556486,127.120293875575,51.695936124772,0.0075,0.0069,122.886455,1.0300,8
407,549316100,50,36.741585570400,127.120297837376,51.693150738254,0.0075,0.0069,121.918361,1.0300,8
408,549316150,50,36.741583580432,127.120301804187,51.694543127902,0.0075,0.0069,121.936088,1.0300,8
409,549316200,50,36.741581687631,127.120305823833,51.700729495846,0.0075,0.0069,120.331487,1.0300,8
410,549316250,50,36.741579866657,127.120309861420,51.694376416504,0.0076,0.0069,119.265678,1.0300,8
411,549316300,50,36.741578169168,127.120313964061,51.696027601138,0.0076,0.0069,117.207777,1.0300,8
412,549316350,50,36.741576512444,127.120318126998,51.695367281325,0.0076,0.0069,116.311853,1.0300,8
413,549316400,50,36.741574820389,127.120322261906,51.695264597423,0.0076,0.0070,116.951366,1.0300,8
414,549316450,50,36.741573074302,127.120326338682,51.701869841665,0.0077,0.0070,118.020797,1.0300,8
415,549316500,50,36.741571231134,127.120330376973,51.700770801865,0.0077,0.0070,119.558311,1.0300,8
416,549316550,50,36.741569339058,127.120334350600,51.700308241881,0.0077,0.0070,120.610235,1.0300,8
417,549316600,50,36.741567329814,127.120338225894,51.698578590527,0.0077,0.0070,122.790393,1.0300,8
418,549316650,50,36.741565231911,127.120342039369,51.697106615640,0.0077,0.0070,124.354537,1.0300,8
419,549316700,50,36.741563192096,127.120345871271,51.699713014066,0.0077,0.0070,123.481720,1.0300,8
420,549316750,50,36.741561140345,127.120349691203,51.700393515639,0.0077,0.0070,123.718419,1.0300,8
421,549316800,50,36.741559155249,127.120353596616,51.696265190840,0.0077,0.0070,122.275176,1.0300,8
422,549316850,50,36.741557251341,127.120357525859,51.698488277383,0.0078,0.0070,121.050609,1.0300,8
423,549316900,50,36.741555476085,127.120361535460,51.705889293924,0.0078,0.0070,118.816485,1.0300,8
424,549316950,50,36.741553761405,127.120365563227,51.698116475716,0.0077,0.0070,118.816534,1.0300,8
425,549317000,50,36.741552048570,127.120369625865,51.698593036272,0.0077,0.0070,117.648138,1.0300,8
426,549317050,50,36.741550304448,127.120373620722,51.702892527916,0.0077,0.0070,118.478817,1.0300,8
427,549317100,50,36.741548484121,127.120377571117,51.702806107700,0.0077,0.0070,119.793361,1.0300,8
428,549317150,50,36.741546593347,127.120381450568,51.701154950075,0.0077,0.0070,121.198468,1.0300,8
429,549317200,50,36.741544592215,127.120385265506,51.705561725423,0.0077,0.0070,123.095077,1.0300,8
430,549317250,50,36.741542511459,127.120389008835,51.701029209420,0.0077,0.0070,124.631555,1.0300,8
431,549317300,50,36.741540389039,127.120392719832,51.703183581121,0.0077,0.0070,125.398929,1.0300,8
432,549317350,50,36.741538291730,127.120396475694,51.699990922585,0.0078,0.0070,124.754383,1.0300,8
433,549317400,50,36.741536237539,127.120400245745,51.694179251790,0.0078,0.0070,124.098638,1.0300,8
434,549317450,50,36.741534292982,127.120404067894,51.696021591313,0.0078,0.0071,122.298937,1.0300,8
435,549317500,50,36.741532436401,127.120407965874,51.698634544387,0.0078,0.0071,120.617320,1.0300,8
436,549317550,50,36.741530657311,127.120411865974,51.699733986519,0.0078,0.0071,119.544423,1.0300,8
437,549317600,50,36.741528951606,127.120415859872,51.701254759915,0.0078,0.0071,117.952868,1.0300,8
438,549317650,50,36.741527201676,127.120419757943,51.692257428542,0.0078,0.0070,117.952915,1.0300,8
439,549317700,50,36.741525386703,127.120423654021,51.698002041318,0.0078,0.0070,120.063411,1.0300,8
440,549317750,50,36.741523499183,127.120427458429,51.696375124156,0.0078,0.0070,121.652496,1.0300,8
441,549317800,50,36.741521540029,127.120431248145,51.690323056653,0.0078,0.0070,122.714413,1.0300,8
442,549317850,50,36.741519461721,127.120434919639,51.691781017929,0.0078,0.0070,125.120727,1.0300,8
443,549317900,50,36.741517323361,127.120438551138,51.695620896295,0.0078,0.0070,126.190903,1.0300,8
444,549317950,50,36.741515162443,127.120442137552,51.693182455376,0.0078,0.0070,126.820662,1.0300,8
445,549318000,50,36.741513080969,127.120445827534,51.691189963371,0.0078,0.0070,125.026390,1.0300,8
446,549318050,50,36.741511045755,127.120449529634,51.693607164547,0.0078,0.0070,124.335964,1.0300,8
447,549318100,50,36.741509097517,127.120453251473,51.691145527177,0.0078,0.0071,123.040546,1.0300,8
448,549318150,50,36.741507252092,127.120457058627,51.694026282988,0.0078,0.0070,121.059889,1.0300,8
449,549318200,50,36.741505490386,127.120460951177,51.688873694278,0.0078,0.0070,119.351113,1.0300,8
450,549318250,50,36.741503702584,127.120464788338,51.692732694559,0.0078,0.0071,120.067187,1.0300,8
451,549318300,50,36.741501886099,127.120468627690,51.695410809480,0.0078,0.0071,120.449878,1.0300,8
452,549318350,50,36.741500011750,127.120472396375,51.693794756196,0.0078,0.0071,121.714745,1.0300,8
453,549318400,50,36.741498065066,127.120476102619,51.693066244014,0.0078,0.0071,123.129651,1.0300,8
454,549318450,50,36.741496005791,127.120479735717,51.691177095287,0.0078,0.0071,125.156086,1.0300,8
455,549318500,50,36.741493877196,127.120483264244,51.693506036885,0.0078,0.0071,126.853674,1.0300,8
456,549318550,50,36.741491714881,127.120486785778,51.696842547506,0.0078,0.0071,127.341567,1.0300,8
457,549318600,50,36.741489545242,127.120490274387,51.695459497161,0.0078,0.0071,127.695141,1.0300,8
458,549318650,50,36.741487492016,127.120493867544,51.684739080258,0.0079,0.0071,125.375220,1.0300,8
459,549318700,50,36.741485419665,127.120497481793,51.695377320051,0.0079,0.0071,125.467713,1.0300,8
460,549318750,50,36.741483517474,127.120501166904,51.687861077487,0.0079,0.0071,122.674886,1.0300,8
461,549318800,50,36.741481667343,127.120504889540,51.694292706437,0.0078,0.0070,122.674931,1.0300,8
462,549318850,50,36.741479912981,127.120508703736,51.697517684661,0.0078,0.0070,119.748288,1.0300,8
463,549318900,50,36.741478108322,127.120512479667,51.689217694104,0.0078,0.0071,120.703949,1.0300,8
464,549318950,50,36.741476274484,127.120516224794,51.690578341484,0.0078,0.0071,121.316964,1.0300,8
465,549319000,50,36.741474290438,127.120519870342,51.689742386341,0.0078,0.0071,124.067727,1.0300,8
466,549319050,50,36.741472274906,127.120523438318,51.694378324784,0.0078,0.0071,125.064896,1.0300,8
467,549319100,50,36.741470161184,127.120526963183,51.691786638461,0.0078,0.0071,126.689561,1.0300,8
468,549319150,50,36.741467979253,127.120530371536,51.688924039714,0.0078,0.0071,128.499782,1.0300,8
469,549319200,50,36.741465833738,127.120533804246,51.684302029200,0.0078,0.0071,127.833066,1.0300,8
470,549319250,50,36.741463672266,127.120537260432,51.687330434099,0.0079,0.0071,127.849562,1.0300,8
471,549319300,50,36.741461578494,127.120540753677,51.689034167677,0.0079,0.0071,126.676590,1.0300,8
472,549319350,50,36.741459592955,127.120544361189,51.687670903280,0.0079,0.0071,124.367184,1.0300,8
473,549319400,50,36.741457670173,127.120547983014,51.685704610310,0.0079,0.0071,123.410484,1.0300,8
474,549319450,50,36.741455794268,127.120551694653,51.689718352631,0.0078,0.0071,122.128257,1.0300,8
475,549319500,50,36.741453967714,127.120555382339,51.690969717689,0.0078,0.0071,121.609684,1.0300,8
476,549319550,50,36.741452085659,127.120559085054,51.692401061766,0.0078,0.0071,122.275006,1.0300,8
477,549319600,50,36.741450140839,127.120562724591,51.692589249462,0.0078,0.0071,122.275050,1.0300,8
478,549319650,50,36.741448123662,127.120566315392,51.696298388764,0.0078,0.0071,124.915225,1.0300,8
479,549319700,50,36.741446005406,127.120569794323,51.689506084658,0.0078,0.0071,127.109349,1.0300,8
480,549319750,50,36.741443820603,127.120573207437,51.692809849977,0.0078,0.0071,128.497559,1.0300,8
481,549319800,50,36.741441577246,127.120576556421,51.690337214619,0.0078,0.0071,129.771318,1.0300,8
482,549319850,50,36.741439351113,127.120579945066,51.687562518753,0.0078,0.0071,129.223509,1.0300,8
483,549319900,50,36.741437153071,127.120583359254,51.680359898135,0.0078,0.0071,128.657490,1.0300,8
484,549319950,50,36.741435033415,127.120586844111,51.685127260163,0.0078,0.0071,127.080660,1.0300,8
485,549320000,50,36.741433008651,127.120590341277,51.682870522141,0.0078,0.0071,125.730798,1.0300,8
486,549320050,50,36.741431075582,127.120593974919,51.682700993493,0.0078,0.0071,123.465245,1.0300,8
487,549320100,50,36.741429182491,127.120597661532,51.691679483280,0.0078,0.0071,122.539591,1.0300,8
488,549320150,50,36.741427317966,127.120601338673,51.683225057088,0.0078,0.0071,122.212255,1.0300,8
489,549320200,50,36.741425348707,127.120604983124,51.687138641253,0.0078,0.0071,123.877076,1.0300,8
490,549320250,50,36.741423307628,127.120608563917,51.688215970993,0.0079,0.0071,125.307976,1.0300,8
491,549320300,50,36.741421183727,127.120612062023,51.684117933735,0.0079,0.0071,127.031203,1.0300,8
492,549320350,50,36.741418982517,127.120615502561,51.679813135415,0.0079,0.0071,128.482954,1.0300,8
493,549320400,50,36.741416683170,127.120618881645,51.683673121966,0.0079,0.0071,130.214327,1.0300,8
494,549320450,50,36.741414366231,127.120622202016,51.683094009757,0.0079,0.0071,130.926187,1.0300,8
495,549320500,50,36.741412113900,127.120625597808,51.678297258914,0.0079,0.0071,129.492985,1.0300,8
496,549320550,50,36.741409876759,127.120629015082,51.677197860554,0.0079,0.0071,129.125812,1.0300,8
497,549320600,50,36.741407716086,127.120632552538,51.678058118559,0.0079,0.0072,127.196024,1.0300,8
498,549320650,50,36.741405657516,127.120636150073,51.683692013845,0.0079,0.0072,125.412562,1.0300,8
499,549320700,50,36.741403669969,127.120639857780,51.674203066155,0.0079,0.0072,123.666196,1.0300,8
500,549320750,50,36.741401733138,127.120643543080,51.673586989753,0.0079,0.0072,123.145154,1.0300,8
501,549320800,50,36.741399734646,127.120647279384,51.676414358430,0.0078,0.0071,123.145196,1.0300,8
502,549320850,50,36.741397657564,127.120650914996,51.682468410581,0.0078,0.0071,125.369943,1.0300,8
503,549320900,50,36.741395481392,127.120654515082,51.676785662770,0.0079,0.0071,126.909447,1.0300,8
504,549320950,50,36.741393235114,127.120658043209,51.675439657643,0.0079,0.0071,128.347070,1.0300,8
505,549321000,50,36.741390862045,127.120661457246,51.670519150794,0.0079,0.0071,130.816158,1.0300,8
506,549321050,50,36.741388495675,127.120664837368,51.681753531098,0.0079,0.0072,131.019087,1.0300,8
507,549321100,50,36.741386047967,127.120668225118,51.671470643952,0.0079,0.0072,131.915764,1.0300,8
508,549321150,50,36.741383708966,127.120671676833,51.668615843169,0.0079,0.0072,130.096616,1.0300,8
509,549321200,50,36.741381407344,127.120675213638,51.665310620330,0.0079,0.0072,128.958620,1.0300,8
510,549321250,50,36.741379201092,127.120678797887,51.674956678413,0.0079,0.0072,127.409642,1.0300,8
511,549321300,50,36.741377029850,127.120682452351,51.661888731644,0.0079,0.0072,126.435710,1.0300,8
512,549321350,50,36.741374929818,127.120686220502,51.652946382761,0.0079,0.0072,124.701532,1.0300,8
513,549321400,50,36.741372873883,127.120690019975,51.669858000241,0.0080,0.0072,123.914627,1.0300,8
514,549321450,50,36.741370790782,127.120693795184,51.685929408297,0.0080,0.0072,124.434728,1.0300,8
515,549321500,50,36.741368559425,127.120697449527,51.680036907084,0.0080,0.0072,127.187226,1.0300,8
516,549321550,50,36.741366184141,127.120701025578,51.674190345220,0.0080,0.0072,129.533142,1.0300,8
517,549321600,50,36.741363781763,127.120704548545,51.669184072874,0.0086,0.0074,130.274620,1.0300,8
518,549321650,50,36.741361247656,127.120707969544,51.658955156803,0.0086,0.0074,132.626459,1.0300,8
519,549321700,50,36.741358722249,127.120711377505,51.658534078859,0.0086,0.0074,132.637282,1.0300,8
520,549321750,50,36.741356198389,127.120714826240,51.655439723283,0.0089,0.0075,132.280422,1.0300,8
521,549321800,50,36.741353772066,127.120718388548,51.665722877719,0.0089,0.0075,130.241057,1.0300,8
522,549321850,50,36.741351327893,127.120721912431,51.659590004012,0.0089,0.0075,130.755302,1.0300,8
523,549321900,50,36.741349096290,127.120725667969,51.667341065593,0.0090,0.0075,126.439471,1.0300,8
524,549321950,50,36.741346845116,127.120729404882,51.654908399098,0.0089,0.0075,126.815393,1.0300,8
525,549322000,50,36.741344639057,127.120733196361,51.658303874545,0.0089,0.0075,125.865319,1.0300,8
526,549322050,50,36.741342448840,127.120737033945,51.658265808597,0.0091,0.0076,125.342059,1.0300,8
527,549322100,50,36.741340165300,127.120740790704,51.648003724404,0.0090,0.0075,125.342101,1.0300,8
528,549322150,50,36.741337774197,127.120744412024,51.643140976317,0.0089,0.0075,129.366130,1.0300,8
529,549322200,50,36.741335391202,127.120748068762,51.652045020834,0.0089,0.0075,128.997726,1.0300,8
530,549322250,50,36.741332790856,127.120751552421,51.644749781117,0.0089,0.0075,132.845012,1.0300,8
531,549322300,50,36.741330178425,127.120755003740,51.648574859835,0.0089,0.0075,133.244096,1.0300,8
532,549322350,50,36.741327577372,127.120758446369,51.647874023765,0.0089,0.0075,133.191379,1.0300,8
533,549322400,50,36.741324965187,127.120761955384,51.643039162271,0.0089,0.0075,132.767595,1.0300,8
534,549322450,50,36.741322430266,127.120765525204,51.646058546379,0.0089,0.0075,131.422373,1.0300,8
535,549322500,50,36.741319994667,127.120769189546,51.639934422448,0.0089,0.0075,129.552438,1.0300,8
536,549322550,50,36.741317609855,127.120772922375,51.633057901636,0.0089,0.0075,128.443142,1.0300,8
537,549322600,50,36.741315335750,127.120776742228,51.636505072005,0.0089,0.0075,126.491112,1.0300,8
538,549322650,50,36.741313052997,127.120780563334,51.647321360186,0.0088,0.0074,126.491155,1.0300,8
539,549322700,50,36.741310724405,127.120784375061,51.645089242607,0.0088,0.0074,127.200698,1.0300,8
540,549322750,50,36.741308336991,127.120788037289,51.639155690558,0.0086,0.0074,129.007610,1.0300,8
541,549322800,50,36.741305832909,127.120791675604,51.636709629558,0.0086,0.0074,130.536105,1.0300,8
542,549322850,50,36.741303255262,127.120795212336,51.636532083154,0.0086,0.0074,132.163300,1.0300,8
543,549322900,50,36.741300565519,127.120798641428,51.638287479058,0.0086,0.0074,134.263672,1.0300,8
544,549322950,50,36.741297879913,127.120802041730,51.631347689778,0.0086,0.0074,134.461065,1.0300,8
545,549323000,50,36.741295168437,127.120805461210,51.628903307952,0.0086,0.0074,134.574562,1.0300,8
546,549323050,50,36.741292528940,127.120808982101,51.638194848783,0.0086,0.0074,132.968229,1.0300,8
547,549323100,50,36.741289989685,127.120812530178,51.626468149945,0.0086,0.0074,131.644697,1.0300,8
548,549323150,50,36.741287513290,127.120816160642,51.632627587765,0.0086,0.0074,130.282738,1.0300,8
549,549323200,50,36.741285077955,127.120819931654,51.630840331316,0.0085,0.0074,128.744475,1.0300,8
550,549323250,50,36.741282757293,127.120823732636,51.627863645554,0.0084,0.0074,127.184419,1.0300,8
551,549323300,50,36.741280328051,127.120827433248,51.629746388644,0.0084,0.0074,129.202255,1.0300,8
552,549323350,50,36.741277927317,127.120831204367,51.632345848717,0.0084,0.0074,128.344094,1.0300,8
553,549323400,50,36.741275410625,127.120834867032,51.626773931086,0.0084,0.0074,130.489455,1.0300,8
554,549323450,50,36.741272840753,127.120838424483,51.631178719923,0.0084,0.0074,131.910749,1.0300,8
555,549323500,50,36.741270158573,127.120841857220,51.632539895363,0.0084,0.0073,134.152574,1.0300,8
556,549323550,50,36.741267393928,127.120845202880,51.630680191331,0.0084,0.0074,135.755967,1.0300,8
557,549323600,50,36.741264619611,127.120848551894,51.615534201264,0.0084,0.0074,135.827277,1.0300,8
558,549323650,50,36.741261913969,127.120851973021,51.623322892934,0.0086,0.0074,135.827320,1.0300,8
559,549323700,50,36.741259194042,127.120855427737,51.625099355355,0.0086,0.0074,134.370054,1.0300,8
560,549323750,50,36.741256586024,127.120858952600,51.629687436856,0.0088,0.0074,132.593347,1.0300,8
561,549323800,50,36.741254079472,127.120862557457,51.630638794973,0.0088,0.0074,130.825678,1.0300,8
562,549323850,50,36.741251673331,127.120866287098,51.629150861874,0.0088,0.0074,128.715715,1.0300,8
563,549323900,50,36.741249242129,127.120870004021,51.629297923297,0.0088,0.0074,129.101496,1.0300,8
564,549323950,50,36.741246781574,127.120873677260,51.620734510012,0.0088,0.0075,129.771150,1.0300,8
565,549324000,50,36.741244229472,127.120877305116,51.608882554807,0.0088,0.0075,131.156130,1.0300,8
566,549324050,50,36.741241659666,127.120880906507,51.617447908036,0.0088,0.0075,131.560623,1.0300,8
567,549324100,50,36.741239031835,127.120884396302,51.625051918440,0.0087,0.0074,133.095148,1.0300,8
568,549324150,50,36.741236311339,127.120887765599,51.633709979244,0.0087,0.0074,135.093207,1.0300,8
569,549324200,50,36.741233465837,127.120891079489,51.622059155256,0.0087,0.0074,136.853935,1.0300,8
570,549324250,50,36.741230692230,127.120894401460,51.627626503818,0.0086,0.0074,136.052096,1.0300,8
571,549324300,50,36.741227917591,127.120897713353,51.620636001229,0.0086,0.0074,136.149726,1.0300,8
572,549324350,50,36.741225218650,127.120901134587,51.610440889373,0.0086,0.0074,134.427102,1.0300,8
573,549324400,50,36.741222628123,127.120904683175,51.617109788582,0.0086,0.0074,132.209940,1.0300,8
574,549324450,50,36.741220087736,127.120908260539,51.616828504950,0.0086,0.0074,131.423555,1.0300,8
575,549324500,50,36.741217668646,127.120911938740,51.624954368919,0.0086,0.0074,129.255172,1.0300,8
