0,546574800,50,36.740409886067,127.122776526074,51.560159225017,0.0074,0.0067,243.857315,0.9428,8
1,546574850,50,36.740409891986,127.122776533036,51.558684091084,0.0074,0.0067,43.430232,0.9428,8
2,546574900,50,36.740409889965,127.122776525086,51.557862453163,0.0074,0.0067,252.472675,0.9428,8
3,546574950,50,36.740409889528,127.122776523472,51.556860630400,0.0074,0.0067,251.393592,0.9428,8
4,546575000,50,36.740409885134,127.122776515976,51.556502395310,0.0074,0.0067,233.933936,0.9428,8
5,546575050,50,36.740409879204,127.122776538818,51.559277848341,0.0074,0.0067,107.878396,0.9428,8
6,546575100,50,36.740409885876,127.122776523378,51.557853366248,0.0074,0.0067,298.233893,0.9428,8
7,546575150,50,36.740409878005,127.122776532151,51.555824177340,0.0074,0.0067,138.105236,0.9428,8
8,546575200,50,36.740409883332,127.122776521415,51.554163367487,0.0074,0.0067,301.650325,0.9428,8
9,546575250,50,36.740409881146,127.122776514352,51.556499690749,0.0074,0.0067,248.964056,0.9428,8
10,546575300,50,36.740409894567,127.122776527651,51.553751409985,0.0074,0.0067,38.571714,0.9428,8
11,546575350,50,36.740409877689,127.122776520188,51.554102984257,0.0074,0.0067,199.589365,0.9428,8
12,546575400,50,36.740409879612,127.122776527964,51.553730783053,0.0074,0.0067,72.919628,0.9428,8
13,546575450,50,36.740409897661,127.122776528985,51.557727028616,0.0074,0.0067,2.605630,0.9428,8
14,546575500,50,36.740409883445,127.122776510542,51.557592792436,0.0074,0.0067,226.235528,0.9428,8
15,546575550,50,36.740409891123,127.122776525804,51.552484586835,0.0074,0.0067,57.989779,0.9428,8
16,546575600,50,36.740409888831,127.122776526101,51.551911421120,0.0074,0.0067,174.051477,0.9428,8
17,546575650,50,36.740409878893,127.122776534901,51.554045821540,0.0074,0.0067,144.525310,0.9428,8
18,546575700,50,36.740409897600,127.122776528074,51.555822110735,0.0074,0.0067,343.633318,0.9428,8
19,546575750,50,36.740409897754,127.122776518396,51.552017369308,0.0074,0.0067,271.133178,0.9428,8
20,546575800,50,36.740409901032,127.122776512727,51.556348872371,0.0074,0.0067,305.694230,0.9428,8
21,546575850,50,36.740409884175,127.122776551079,51.552865958773,0.0074,0.0067,118.639139,0.9428,8
22,546575900,50,36.740409910034,127.122776520600,51.553759294562,0.0074,0.0067,118.639139,0.9428,8
23,546575950,50,36.740409918661,127.122776537573,51.555871584453,0.0074,0.0067,57.724625,0.9428,8
24,546576000,50,36.740409901720,127.122776527540,51.552681500092,0.0074,0.0067,205.483241,0.9428,8
25,546576050,50,36.740409892976,127.122776530646,51.554053799249,0.0074,0.0067,164.044863,0.9428,8
26,546576100,50,36.740409923661,127.122776537178,51.554923554882,0.0074,0.0067,9.721303,0.9428,8
27,546576150,50,36.740409899474,127.122776504013,51.552560629323,0.0074,0.0067,227.818769,0.9428,8
28,546576200,50,36.740409910504,127.122776529821,51.556507489644,0.0074,0.0067,62.031137,0.9428,8
29,546576250,50,36.740409891859,127.122776520943,51.551051811315,0.0074,0.0067,200.969163,0.9428,8
30,546576300,50,36.740409910315,127.122776528491,51.557403911836,0.0074,0.0067,18.218899,0.9428,8
31,546576350,50,36.740409914257,127.122776516461,51.554615115747,0.0074,0.0067,292.155884,0.9428,8
32,546576400,50,36.740409899722,127.122776529578,51.556859552860,0.0074,0.0067,144.008520,0.9428,8
33,546576450,50,36.740409903777,127.122776530333,51.556499562226,0.0074,0.0067,8.516783,0.9428,8
34,546576500,50,36.740409920072,127.122776519362,51.560447629541,0.0074,0.0067,331.548710,0.9428,8
35,546576550,50,36.740409898470,127.122776511215,51.555683676153,0.0074,0.0067,196.884275,0.9428,8
36,546576600,50,36.740409913827,127.122776519820,51.557545611635,0.0074,0.0067,24.273706,0.9428,8
37,546576650,50,36.740409895666,127.122776512359,51.558042364195,0.0074,0.0067,198.296720,0.9428,8
38,546576700,50,36.740409909178,127.122776536845,51.559847340919,0.0074,0.0067,55.562818,0.9428,8
39,546576750,50,36.740409901467,127.122776516994,51.560296626762,0.0074,0.0067,244.236022,0.9428,8
40,546576800,50,36.740409900650,127.122776505267,51.558030920103,0.0074,0.0067,265.053868,0.9428,8
41,546576850,50,36.740409901284,127.122776519371,51.556164692156,0.0074,0.0067,86.806542,0.9428,8
42,546576900,50,36.740409920799,127.122776538406,51.560353419743,0.0075,0.0067,38.131143,0.9428,8
43,546576950,50,36.740409904567,127.122776508961,51.556807503104,0.0074,0.0067,200.498187,0.9428,8
44,546577000,50,36.740409892519,127.122776508961,51.556807503104,0.0074,0.0067,200.498187,0.9428,8
45,546577050,50,36.740409907041,127.122776519622,51.560689348727,0.0074,0.0067,30.575213,0.9428,8
46,546577100,50,36.740409895225,127.122776521907,51.558934554458,0.0074,0.0067,171.150823,0.9428,8
47,546577150,50,36.740409905205,127.122776520321,51.557949692011,0.0074,0.0067,352.708418,0.9428,8
48,546577200,50,36.740409905045,127.122776507732,51.558232440613,0.0074,0.0067,269.097618,0.9428,8
49,546577250,50,36.740409915244,127.122776526055,51.560511957854,0.0074,0.0067,55.332670,0.9428,8
50,546577300,50,36.740409891454,127.122776510329,51.556358878501,0.0074,0.0067,208.015366,0.9428,8
51,546577350,50,36.740409921345,127.122776544838,51.556502628140,0.0074,0.0067,42.897621,0.9428,8
52,546577400,50,36.740409902941,127.122776510436,51.556393144652,0.0074,0.0067,236.387635,0.9428,8
53,546577450,50,36.740409905732,127.122776521842,51.560359764844,0.0074,0.0067,73.089214,0.9428,8
54,546577500,50,36.740409903282,127.122776505343,51.557038255036,0.0074,0.0067,259.545092,0.9428,8
55,546577550,50,36.740409913911,127.122776537491,51.558851619251,0.0074,0.0067,67.665497,0.9428,8
56,546577600,50,36.740409892754,127.122776530877,51.555270680226,0.0073,0.0067,67.665497,0.9428,8
57,546577650,50,36.740409895083,127.122776529159,51.555408657528,0.0073,0.0067,329.311178,0.9428,8
58,546577700,50,36.740409896223,127.122776534312,51.559638462961,0.0073,0.0067,74.637153,0.9428,8
59,546577750,50,36.740409900823,127.122776551584,51.554656658322,0.0073,0.0067,71.689057,0.9428,8
60,546577800,50,36.740409909238,127.122776543370,51.555006979965,0.0073,0.0067,321.848126,0.9428,8
61,546577850,50,36.740409888366,127.122776552676,51.557966079563,0.0073,0.0067,160.260096,0.9428,8
62,546577900,50,36.740409902654,127.122776549296,51.559056813829,0.0074,0.0067,349.218673,0.9428,8
63,546577950,50,36.740409902695,127.122776533349,51.559049227275,0.0073,0.0066,270.182576,0.9428,8
64,546578000,50,36.740409886852,127.122776546994,51.559033470228,0.0073,0.0067,145.270468,0.9428,8
65,546578050,50,36.740409894930,127.122776544440,51.554528286681,0.0074,0.0066,345.724098,0.9428,8
66,546578100,50,36.740409895601,127.122776546307,51.557757999748,0.0074,0.0066,65.927236,0.9428,8
67,546578150,50,36.740409888789,127.122776548377,51.558396049775,0.0074,0.0066,166.257051,0.9428,8
68,546578200,50,36.740409904203,127.122776530904,51.557460687123,0.0074,0.0066,317.625516,0.9428,8
69,546578250,50,36.740409894216,127.122776536044,51.558257754892,0.0074,0.0066,157.501682,0.9428,8
70,546578300,50,36.740409904964,127.122776539654,51.558593137190,0.0074,0.0067,15.128417,0.9428,8
71,546578350,50,36.740409894586,127.122776551243,51.561348752119,0.0074,0.0067,138.053792,0.9428,8
72,546578400,50,36.740409896834,127.122776550509,51.557235488668,0.0074,0.0067,345.277584,0.9428,8
73,546578450,50,36.740409903531,127.122776531302,51.556756406091,0.0074,0.0067,293.424081,0.9428,8
74,546578500,50,36.740409906461,127.122776558411,51.559259136207,0.0074,0.0067,82.351426,0.9428,8
75,546578550,50,36.740409898660,127.122776545354,51.559077057987,0.0074,0.0067,233.408521,0.9428,8
76,546578600,50,36.740409908118,127.122776527330,51.556985458359,0.0073,0.0066,233.408521,0.9428,8
77,546578650,50,36.740409878553,127.122776518066,51.556075126864,0.0073,0.0066,194.152984,0.9428,8
78,546578700,50,36.740409887453,127.122776526013,51.552340394817,0.0073,0.0066,35.702087,0.9428,8
79,546578750,50,36.740409904120,127.122776544052,51.559181666002,0.0073,0.0066,41.057786,0.9428,8
80,546578800,50,36.740409903550,127.122776542844,51.560393016785,0.0073,0.0066,239.620867,0.9428,8
81,546578850,50,36.740409901966,127.122776527611,51.559202085249,0.0073,0.0066,262.638369,0.9428,8
82,546578900,50,36.740409901031,127.122776540998,51.560743830167,0.0073,0.0066,94.963705,0.9428,8
83,546578950,50,36.740409897070,127.122776533555,51.559822153300,0.0073,0.0066,236.524853,0.9428,8
84,546579000,50,36.740409893642,127.122776540670,51.554747834802,0.0073,0.0066,120.909335,0.9428,8
85,546579050,50,36.740409895458,127.122776532498,51.561830732040,0.0073,0.0066,285.441003,0.9428,8
86,546579100,50,36.740409899862,127.122776533917,51.557234589010,0.0073,0.0066,14.548155,0.9428,8
87,546579150,50,36.740409896658,127.122776535894,51.560873954557,0.0074,0.0066,153.592427,0.9428,8
88,546579200,50,36.740409897075,127.122776533982,51.567129261792,0.0074,0.0067,285.149379,0.9428,8
89,546579250,50,36.740409899030,127.122776538686,51.561536221765,0.0074,0.0067,62.685012,0.9428,8
90,546579300,50,36.740409905927,127.122776550412,51.560227360576,0.0074,0.0067,53.838848,0.9428,8
91,546579350,50,36.740409890836,127.122776548231,51.564571249299,0.0074,0.0067,186.633848,0.9428,8
92,546579400,50,36.740409893725,127.122776559741,51.564211028628,0.0074,0.0067,72.675903,0.9428,8
93,546579450,50,36.740409894706,127.122776543250,51.563059457578,0.0074,0.0067,274.227563,0.9428,8
94,546579500,50,36.740409906528,127.122776553594,51.563840210438,0.0074,0.0067,35.152056,0.9428,8
95,546579550,50,36.740409889675,127.122776543582,51.567399065010,0.0074,0.0067,205.552639,0.9428,8
96,546579600,50,36.740409902078,127.122776560471,51.563680416904,0.0074,0.0067,47.621022,0.9428,8
97,546579650,50,36.740409901526,127.122776541947,51.559408635832,0.0073,0.0066,47.621023,0.9428,8
98,546579700,50,36.740409888272,127.122776555397,51.559121656232,0.0073,0.0066,140.762152,0.9428,8
99,546579750,50,36.740409906849,127.122776545231,51.559150890447,0.0073,0.0066,336.229044,0.9428,8
100,546579800,50,36.740409915617,127.122776539397,51.561145876534,0.0073,0.0066,331.831143,0.9428,8
101,546579850,50,36.740409897142,127.122776503769,51.557799541391,0.0073,0.0066,237.206045,0.9428,8
102,546579900,50,36.740409916140,127.122776492096,51.558902213350,0.0073,0.0066,333.689171,0.9428,8
103,546579950,50,36.740409923847,127.122776457629,51.561580790207,0.0073,0.0066,285.525773,0.9428,8
104,546580000,50,36.740409942405,127.122776412563,51.557220308110,0.0073,0.0066,297.097850,0.9428,8
105,546580050,50,36.740409961546,127.122776355375,51.556573688053,0.0073,0.0066,292.580914,0.9428,8
106,546580100,50,36.740409989168,127.122776285301,51.556226773188,0.0073,0.0066,296.094031,0.9428,8
107,546580150,50,36.740410026472,127.122776234271,51.559051503427,0.0073,0.0066,312.248999,0.9428,8
108,546580200,50,36.740410046150,127.122776151246,51.552428796887,0.0074,0.0066,286.409827,0.9428,8
109,546580250,50,36.740410096071,127.122776063123,51.552464317530,0.0074,0.0066,305.140000,0.9428,8
110,546580300,50,36.740410112175,127.122775954608,51.551607127301,0.0074,0.0066,280.448081,0.9428,8
111,546580350,50,36.740410182988,127.122775847540,51.554394935258,0.0074,0.0066,309.412617,0.9428,8
112,546580400,50,36.740410235901,127.122775698406,51.554128662683,0.0074,0.0066,293.789798,0.9428,8
113,546580450,50,36.740410289547,127.122775551170,51.552752603777,0.0074,0.0066,294.357068,0.9428,8
114,546580500,50,36.740410373953,127.122775367410,51.549646929838,0.0074,0.0067,299.714102,0.9428,8
115,546580550,50,36.740410423335,127.122775169654,51.548626495525,0.0074,0.0067,287.237685,0.9428,8
116,546580600,50,36.740410518220,127.122774985982,51.550987091847,0.0074,0.0067,302.695522,0.9428,8
117,546580650,50,36.740410597828,127.122774727554,51.553845412098,0.0074,0.0067,290.944453,0.9428,8
118,546580700,50,36.740410668850,127.122774447997,51.552954895422,0.0074,0.0067,287.519001,0.9428,8
119,546580750,50,36.740410772064,127.122774176642,51.560517769307,0.0074,0.0067,295.295831,0.9428,8
120,546580800,50,36.740410895432,127.122773876524,51.563231216744,0.0073,0.0066,295.295831,0.9428,8
121,546580850,50,36.740411037932,127.122773516579,51.552748532034,0.0073,0.0066,296.192674,0.9428,8
122,546580900,50,36.740411182352,127.122773153734,51.549295403995,0.0073,0.0066,296.314484,0.9428,8
123,546580950,50,36.740411321137,127.122772746078,51.552403287962,0.0073,0.0066,292.928784,0.9428,8
124,546581000,50,36.740411478915,127.122772346725,51.558850530535,0.0073,0.0066,296.146232,0.9428,8
125,546581050,50,36.740411625396,127.122771911385,51.550883931108,0.0073,0.0066,292.688532,0.9428,8
126,546581100,50,36.740411803034,127.122771442748,51.553341104649,0.0073,0.0067,295.219330,0.9428,8
127,546581150,50,36.740412007642,127.122770950519,51.560679714195,0.0074,0.0067,297.315561,0.9428,8
128,546581200,50,36.740412243775,127.122770391550,51.553033060394,0.0074,0.0067,297.694512,0.9428,8
129,546581250,50,36.740412435735,127.122769806959,51.553635210730,0.0074,0.0067,292.195393,0.9428,8
130,546581300,50,36.740412605820,127.122769183658,51.556781864725,0.0074,0.0067,288.729403,0.9428,8
131,546581350,50,36.740412868606,127.122768590770,51.555308555253,0.0074,0.0067,298.842441,0.9428,8
132,546581400,50,36.740413129264,127.122767896634,51.552432591096,0.0074,0.0067,295.012849,0.9428,8
133,546581450,50,36.740413396503,127.122767230327,51.552063507959,0.0074,0.0067,296.488870,0.9428,8
134,546581500,50,36.740413682180,127.122766535069,51.553201896138,0.0074,0.0067,297.046156,0.9428,8
135,546581550,50,36.740413961537,127.122765718441,51.554992835969,0.0074,0.0067,293.027715,0.9428,8
136,546581600,50,36.740414250805,127.122764916182,51.552894275635,0.0074,0.0067,294.132729,0.9428,8
137,546581650,50,36.740414568377,127.122764061830,51.562537332065,0.0074,0.0067,294.790117,0.9428,8
138,546581700,50,36.740414843469,127.122763183433,51.551929406822,0.0074,0.0067,291.262174,0.9428,8
139,546581750,50,36.740415251513,127.122762258256,51.556036275811,0.0074,0.0067,298.722851,0.9428,8
140,546581800,50,36.740415655149,127.122761335521,51.549940330908,0.0074,0.0067,298.524813,0.9428,8
141,546581850,50,36.740415980650,127.122760391519,51.557505707256,0.0075,0.0067,293.191731,0.9428,8
142,546581900,50,36.740416336993,127.122759346362,51.558351845481,0.0075,0.0067,292.958977,0.9428,8
143,546581950,50,36.740416808855,127.122758325897,51.557846969925,0.0075,0.0068,299.878905,0.9428,8
144,546582000,50,36.740417178928,127.122757200223,51.553582427092,0.0075,0.0068,292.219258,0.9428,8
145,546582050,50,36.740417601797,127.122756080882,51.565890330821,0.0075,0.0068,295.145400,0.9428,8
146,546582100,50,36.740418016642,127.122754961766,51.555595167913,0.0074,0.0067,295.145398,0.9428,8
147,546582150,50,36.740418442830,127.122753738620,51.552276186645,0.0074,0.0067,293.409524,0.9428,8
148,546582200,50,36.740418926581,127.122752512297,51.552429337986,0.0074,0.0067,296.111156,0.9428,8
149,546582250,50,36.740419382199,127.122751278018,51.548047446646,0.0074,0.0067,294.638923,0.9428,8
150,546582300,50,36.740419810564,127.122749995429,51.550283246674,0.0074,0.0067,292.537430,0.9428,8
151,546582350,50,36.740420273763,127.122748680557,51.552874322981,0.0074,0.0067,293.639402,0.9428,8
152,546582400,50,36.740420865212,127.122747309920,51.562372784130,0.0075,0.0067,298.198455,0.9428,8
153,546582450,50,36.740421357440,127.122745965068,51.560336886905,0.0075,0.0067,294.454637,0.9428,8
154,546582500,50,36.740421848457,127.122744530440,51.558426361531,0.0075,0.0067,293.038246,0.9428,8
155,546582550,50,36.740422370792,127.122743073709,51.555396603420,0.0075,0.0067,294.014102,0.9428,8
156,546582600,50,36.740422960456,127.122741648969,51.556469595060,0.0074,0.0067,294.014093,0.9428,8
157,546582650,50,36.740423493038,127.122740143060,51.558568309061,0.0074,0.0067,293.722035,0.9428,8
158,546582700,50,36.740424017077,127.122738619411,51.545466292650,0.0074,0.0067,293.139239,0.9428,8
159,546582750,50,36.740424613929,127.122737050101,51.550094570033,0.0074,0.0067,295.293601,0.9428,8
160,546582800,50,36.740425204744,127.122735540015,51.555415783077,0.0074,0.0067,295.925666,0.9428,8
161,546582850,50,36.740425795416,127.122733947801,51.544663624838,0.0075,0.0067,294.746920,0.9428,8
162,546582900,50,36.740426415046,127.122732328116,51.556882858276,0.0075,0.0067,295.423502,0.9428,8
163,546582950,50,36.740427048755,127.122730745199,51.552341772243,0.0075,0.0067,296.447121,0.9428,8
164,546583000,50,36.740427707061,127.122729045476,51.551436234266,0.0075,0.0067,295.698139,0.9428,8
165,546583050,50,36.740428315799,127.122727411546,51.556833053939,0.0075,0.0067,294.839945,0.9428,8
166,546583100,50,36.740428955752,127.122725720801,51.545444101095,0.0075,0.0067,295.187374,0.9428,8
167,546583150,50,36.740429657282,127.122723971531,51.553800927475,0.0075,0.0067,296.487005,0.9428,8
168,546583200,50,36.740430325838,127.122722261209,51.554563039914,0.0075,0.0067,295.905453,0.9428,8
169,546583250,50,36.740430958035,127.122720483296,51.544713499025,0.0075,0.0067,293.836676,0.9428,8
170,546583300,50,36.740431621110,127.122718715171,51.548781691119,0.0075,0.0068,294.983708,0.9428,8
171,546583350,50,36.740432313198,127.122716917844,51.552279948257,0.0075,0.0068,295.568703,0.9428,8
172,546583400,50,36.740433023382,127.122715102367,51.554746856913,0.0075,0.0068,295.922070,0.9428,8
173,546583450,50,36.740433694170,127.122713288336,51.553806503303,0.0075,0.0068,294.676562,0.9428,8
174,546583500,50,36.740434369981,127.122711397856,51.549268907867,0.0075,0.0068,293.949587,0.9428,8
175,546583550,50,36.740435058949,127.122709528250,51.555978585966,0.0075,0.0068,294.602000,0.9428,8
176,546583600,50,36.740435821143,127.122707644848,51.549492143095,0.0075,0.0067,294.601983,0.9428,8
177,546583650,50,36.740436535426,127.122705734828,51.552536533214,0.0075,0.0067,294.922297,0.9428,8
178,546583700,50,36.740437257799,127.122703833033,51.550106541254,0.0075,0.0067,295.265078,0.9428,8
179,546583750,50,36.740438028580,127.122701910633,51.551566719078,0.0075,0.0067,296.481646,0.9428,8
180,546583800,50,36.740438786778,127.122699985488,51.549836840481,0.0075,0.0067,296.074834,0.9428,8
181,546583850,50,36.740439529510,127.122698016551,51.556538505480,0.0075,0.0067,295.112765,0.9428,8
182,546583900,50,36.740440279824,127.122696054589,51.554180781357,0.0075,0.0067,295.415878,0.9428,8
183,546583950,50,36.740441030656,127.122694059053,51.543925732374,0.0075,0.0067,295.056210,0.9428,8
184,546584000,50,36.740441808472,127.122692109002,51.555479921401,0.0075,0.0067,296.363008,0.9428,8
185,546584050,50,36.740442591581,127.122690096977,51.557515812106,0.0075,0.0067,295.808573,0.9428,8
186,546584100,50,36.740443339061,127.122688068041,51.552289523184,0.0075,0.0067,294.596144,0.9428,8
187,546584150,50,36.740444123287,127.122686050316,51.553913746029,0.0075,0.0068,295.777072,0.9428,8
188,546584200,50,36.740444892772,127.122684040341,51.557231803425,0.0075,0.0068,295.439256,0.9428,8
189,546584250,50,36.740445663533,127.122682018972,51.562247984111,0.0075,0.0068,295.350556,0.9428,8
190,546584300,50,36.740446440111,127.122679942005,51.559587423690,0.0075,0.0068,294.918425,0.9428,8
191,546584350,50,36.740447233764,127.122677900839,51.561708714813,0.0075,0.0068,295.786021,0.9428,8
192,546584400,50,36.740448077668,127.122675790134,51.559914465994,0.0076,0.0068,296.417396,0.9428,8
193,546584450,50,36.740448870524,127.122673717610,51.564701321535,0.0076,0.0069,295.423162,0.9428,8
194,546584500,50,36.740449694895,127.122671576669,51.556953255087,0.0077,0.0069,295.567882,0.9428,8
195,546584550,50,36.740450544668,127.122669487133,51.562042644247,0.0077,0.0069,296.807713,0.9428,8
196,546584600,50,36.740451356758,127.122667325220,51.555346366949,0.0076,0.0068,296.807691,0.9428,8
197,546584650,50,36.740452175588,127.122665155085,51.562013583258,0.0076,0.0068,295.118209,0.9428,8
198,546584700,50,36.740452996524,127.122662956179,51.549503285438,0.0076,0.0068,294.885498,0.9428,8
199,546584750,50,36.740453864817,127.122660755948,51.557102655992,0.0076,0.0068,296.120635,0.9428,8
200,546584800,50,36.740454744619,127.122658498382,51.558452669531,0.0076,0.0068,295.837331,0.9428,8
201,546584850,50,36.740455631493,127.122656225556,51.553114138544,0.0076,0.0068,295.865863,0.9428,8
202,546584900,50,36.740456521349,127.122653957507,51.562237245031,0.0076,0.0068,295.988888,0.9428,8
203,546584950,50,36.740457387181,127.122651612418,51.556959535927,0.0076,0.0068,294.643245,0.9428,8
204,546585000,50,36.740458310004,127.122649275338,51.560332411900,0.0076,0.0068,296.133519,0.9428,8
205,546585050,50,36.740459276297,127.122646921427,51.567076660693,0.0076,0.0068,297.024218,0.9428,8
206,546585100,50,36.740460194152,127.122644499901,51.559045525268,0.0076,0.0068,295.218658,0.9428,8
207,546585150,50,36.740461150185,127.122642069126,51.557676056400,0.0076,0.0068,296.044058,0.9428,8
208,546585200,50,36.740462099958,127.122639628867,51.562141336501,0.0076,0.0068,295.808330,0.9428,8
209,546585250,50,36.740463072145,127.122637136109,51.555556410924,0.0076,0.0068,295.854169,0.9428,8
210,546585300,50,36.740464066637,127.122634613847,51.560583627783,0.0076,0.0068,296.100481,0.9428,8
211,546585350,50,36.740465023041,127.122632095824,51.564845865592,0.0076,0.0068,295.264285,0.9428,8
212,546585400,50,36.740466056359,127.122629529990,51.563998357393,0.0076,0.0068,296.582826,0.9428,8
213,546585450,50,36.740467074348,127.122626939122,51.561074884608,0.0076,0.0068,296.021670,0.9428,8
214,546585500,50,36.740468089828,127.122624318904,51.558833300136,0.0076,0.0068,295.712829,0.9428,8
215,546585550,50,36.740469163829,127.122621695406,51.563137033954,0.0076,0.0068,296.960478,0.9428,8
216,546585600,50,36.740470196499,127.122619044428,51.559824000113,0.0076,0.0068,295.827585,0.9428,8
217,546585650,50,36.740471252249,127.122616377189,51.560795456171,0.0076,0.0068,296.188575,0.9428,8
218,546585700,50,36.740472310395,127.122613685188,51.562506691553,0.0076,0.0068,296.030661,0.9428,8
219,546585750,50,36.740473424250,127.122610920198,51.565854051150,0.0076,0.0068,296.589681,0.9428,8
220,546585800,50,36.740474507483,127.122608143877,51.556904014200,0.0075,0.0068,296.589655,0.9428,8
221,546585850,50,36.740475628166,127.122605367284,51.557609469630,0.0075,0.0068,296.633801,0.9428,8
222,546585900,50,36.740476750263,127.122602526648,51.549607588910,0.0075,0.0068,296.142380,0.9428,8
223,546585950,50,36.740477905660,127.122599672336,51.556442312896,0.0075,0.0067,296.700432,0.9428,8
224,546586000,50,36.740479019532,127.122596825636,51.567010928877,0.0075,0.0067,295.927966,0.9428,8
225,546586050,50,36.740480188674,127.122593899308,51.561799148098,0.0075,0.0067,296.400514,0.9428,8
226,546586100,50,36.740481364336,127.122590971860,51.561704687774,0.0075,0.0067,296.518870,0.9428,8
227,546586150,50,36.740482561673,127.122588037220,51.554738115519,0.0075,0.0067,296.882597,0.9428,8
228,546586200,50,36.740483761738,127.122585032682,51.559391640127,0.0075,0.0067,296.394367,0.9428,8
229,546586250,50,36.740484959698,127.122582076463,51.562621207908,0.0075,0.0067,296.725645,0.9428,8
230,546586300,50,36.740486192623,127.122579029303,51.556371905841,0.0075,0.0067,296.690475,0.9428,8
231,546586350,50,36.740487403000,127.122576012250,51.567392800935,0.0075,0.0067,296.494875,0.9428,8
232,546586400,50,36.740488622166,127.122572937774,51.557215403765,0.0075,0.0067,296.230030,0.9428,8
233,546586450,50,36.740489894469,127.122569856454,51.564080984332,0.0075,0.0067,297.159837,0.9428,8
234,546586500,50,36.740491135164,127.122566743907,51.568229543976,0.0075,0.0067,296.348294,0.9428,8
235,546586550,50,36.740492379196,127.122563551823,51.554653605446,0.0075,0.0068,295.838009,0.9428,8
236,546586600,50,36.740493688860,127.122560419066,51.561771953478,0.0075,0.0068,297.449134,0.9428,8
237,546586650,50,36.740494961041,127.122557192928,51.557800239883,0.0075,0.0068,296.103366,0.9428,8
238,546586700,50,36.740496256042,127.122554002098,51.563079558313,0.0075,0.0068,296.760700,0.9428,8
239,546586750,50,36.740497543969,127.122550756261,51.563279888593,0.0075,0.0068,296.244303,0.9428,8
240,546586800,50,36.740498875644,127.122547510463,51.566276850179,0.0075,0.0068,297.011343,0.9428,8
241,546586850,50,36.740500211894,127.122544202827,51.556159862317,0.0075,0.0068,296.654957,0.9428,8
242,546586900,50,36.740501562395,127.122540890541,51.558991262689,0.0075,0.0068,296.866980,0.9428,8
243,546586950,50,36.740502911332,127.122537577572,51.557652677409,0.0075,0.0068,296.835464,0.9428,8
244,546587000,50,36.740504286766,127.122534220043,51.554999756627,0.0074,0.0067,296.835433,0.9428,8
245,546587050,50,36.740505663613,127.122530845697,51.563348487951,0.0074,0.0067,296.884447,0.9428,8
246,546587100,50,36.740507033803,127.122527438459,51.556856431998,0.0075,0.0067,296.549725,0.9428,8
247,546587150,50,36.740508424070,127.122524046506,51.553758294322,0.0075,0.0067,296.988473,0.9428,8
248,546587200,50,36.740509843801,127.122520601218,51.554729636759,0.0075,0.0067,297.113094,0.9428,8
249,546587250,50,36.740511257892,127.122517151956,51.553396514617,0.0075,0.0067,296.993964,0.9428,8
250,546587300,50,36.740512683345,127.122513596518,51.549100070260,0.0075,0.0067,296.480249,0.9428,8
251,546587350,50,36.740514125947,127.122510105739,51.550825217739,0.0075,0.0067,297.179707,0.9428,8
252,546587400,50,36.740515584515,127.122506586163,51.555285262875,0.0075,0.0067,297.244754,0.9428,8
253,546587450,50,36.740517038288,127.122503043190,51.546256467700,0.0075,0.0067,297.014119,0.9428,8
254,546587500,50,36.740518527327,127.122499425085,51.547665156424,0.0075,0.0067,297.083389,0.9428,8
255,546587550,50,36.740520044650,127.122495847292,51.549175125547,0.0075,0.0067,297.786726,0.9428,8
256,546587600,50,36.740521542855,127.122492205162,51.551079056226,0.0075,0.0067,297.072208,0.9428,8
257,546587650,50,36.740523042915,127.122488575912,51.554455887526,0.0074,0.0067,297.072170,0.9428,8
258,546587700,50,36.740524561012,127.122484872663,51.553020580672,0.0074,0.0067,296.992096,0.9428,8
259,546587750,50,36.740526122674,127.122481193653,51.548951495439,0.0074,0.0067,297.808106,0.9428,8
260,546587800,50,36.740527661130,127.122477459652,51.551366705447,0.0074,0.0067,297.109346,0.9428,8
261,546587850,50,36.740529222422,127.122473710718,51.550091614947,0.0074,0.0067,297.359804,0.9428,8
262,546587900,50,36.740530812226,127.122469942275,51.546920956112,0.0074,0.0067,297.662766,0.9428,8
263,546587950,50,36.740532373703,127.122466129064,51.551995497197,0.0074,0.0067,296.966950,0.9428,8
264,546588000,50,36.740533978258,127.122462286002,51.552796845324,0.0074,0.0067,297.419153,0.9428,8
265,546588050,50,36.740535589755,127.122458442643,51.553779786453,0.0074,0.0067,297.518562,0.9428,8
266,546588100,50,36.740537165628,127.122454633312,51.550645119511,0.0074,0.0067,297.203747,0.9428,8
267,546588150,50,36.740538782876,127.122450744468,51.550611319020,0.0074,0.0067,297.326443,0.9428,8
268,546588200,50,36.740540426404,127.122446882257,51.552366162650,0.0074,0.0067,297.867230,0.9428,8
269,546588250,50,36.740542073126,127.122443020426,51.550279207528,0.0074,0.0067,297.915562,0.9428,8
270,546588300,50,36.740543723836,127.122439131190,51.553239480592,0.0074,0.0067,297.805435,0.9428,8
271,546588350,50,36.740545364559,127.122435230631,51.549243913963,0.0074,0.0067,297.593785,0.9428,8
272,546588400,50,36.740547011074,127.122431311517,51.549052435905,0.0074,0.0067,297.565066,0.9428,8
273,546588450,50,36.740548680139,127.122427379197,51.550126261078,0.0074,0.0067,297.806419,0.9428,8
274,546588500,50,36.740550325843,127.122423412942,51.551728211343,0.0074,0.0067,297.273497,0.9428,8
275,546588550,50,36.740551991131,127.122419479655,51.553687768988,0.0074,0.0067,297.747082,0.9428,8
276,546588600,50,36.740553719492,127.122415530959,51.551606030203,0.0074,0.0067,297.747039,0.9428,8
277,546588650,50,36.740555393417,127.122411525449,51.550865065306,0.0074,0.0067,297.440759,0.9428,8
278,546588700,50,36.740557085261,127.122407554516,51.547235189006,0.0074,0.0067,297.895942,0.9428,8
279,546588750,50,36.740558803903,127.122403535476,51.549847383052,0.0074,0.0067,297.983061,0.9428,8
280,546588800,50,36.740560483826,127.122399545946,51.554449903779,0.0074,0.0067,297.618649,0.9428,8
281,546588850,50,36.740562218603,127.122395521426,51.557148528285,0.0074,0.0067,298.172982,0.9428,8
282,546588900,50,36.740563967134,127.122391491783,51.552565199323,0.0074,0.0067,298.331268,0.9428,8
283,546588950,50,36.740565669574,127.122387436408,51.549958694726,0.0074,0.0067,297.546819,0.9428,8
284,546589000,50,36.740567404913,127.122383357256,51.557948350906,0.0074,0.0067,297.860327,0.9428,8
285,546589050,50,36.740569164769,127.122379282260,51.561111798510,0.0074,0.0067,298.218069,0.9428,8
286,546589100,50,36.740570894365,127.122375196911,51.560603394173,0.0074,0.0067,297.746094,0.9428,8
287,546589150,50,36.740572698342,127.122371118863,51.565214047208,0.0074,0.0067,298.795077,0.9428,8
288,546589200,50,36.740574467605,127.122367015479,51.552468245849,0.0075,0.0068,298.179637,0.9428,8
289,546589250,50,36.740576193653,127.122362889475,51.560425602831,0.0075,0.0068,297.464823,0.9428,8
290,546589300,50,36.740577985347,127.122358798617,51.560658358969,0.0075,0.0068,298.554652,0.9428,8
291,546589350,50,36.740579796717,127.122354723455,51.560006165877,0.0075,0.0068,298.911266,0.9428,8
292,546589400,50,36.740581582226,127.122350623838,51.562344474718,0.0075,0.0068,298.420230,0.9428,8
293,546589450,50,36.740583355409,127.122346481088,51.564917011186,0.0076,0.0068,298.005066,0.9428,8
294,546589500,50,36.740585137906,127.122342360248,51.562929447740,0.0076,0.0068,298.256215,0.9428,8
295,546589550,50,36.740586945744,127.122338238393,51.559244071133,0.0076,0.0068,298.588874,0.9428,8
296,546589600,50,36.740588768053,127.122334122499,51.568663207814,0.0076,0.0068,298.816230,0.9428,8
297,546589650,50,36.740590590239,127.122329999437,51.568310668692,0.0075,0.0068,298.816183,0.9428,8
298,546589700,50,36.740592385217,127.122325893856,51.561275996268,0.0075,0.0068,298.512277,0.9428,8
299,546589750,50,36.740594166791,127.122321724194,51.566970675252,0.0075,0.0068,297.963394,0.9428,8
300,546589800,50,36.740596009234,127.122317611168,51.568606424145,0.0075,0.0068,299.099815,0.9428,8
301,546589850,50,36.740597838082,127.122313449090,51.566446658224,0.0075,0.0068,298.633244,0.9428,8
302,546589900,50,36.740599658843,127.122309300960,51.563452287577,0.0075,0.0068,298.607345,0.9428,8
303,546589950,50,36.740601496037,127.122305141005,51.564442367293,0.0075,0.0067,298.755444,0.9428,8
304,546590000,50,36.740603338433,127.122301002383,51.572919307277,0.0075,0.0067,298.948406,0.9428,8
305,546590050,50,36.740605197919,127.122296853272,51.572265921161,0.0075,0.0068,299.111341,0.9428,8
306,546590100,50,36.740607026514,127.122292675745,51.559745690785,0.0075,0.0068,298.540743,0.9428,8
307,546590150,50,36.740608862685,127.122288494896,51.561277012341,0.0075,0.0068,298.621129,0.9428,8
308,546590200,50,36.740610719906,127.122284337512,51.569189609960,0.0075,0.0068,299.033222,0.9428,8
309,546590250,50,36.740612607413,127.122280194643,51.570095404983,0.0075,0.0068,299.513997,0.9428,8
310,546590300,50,36.740614420269,127.122276035600,51.572695392184,0.0075,0.0068,298.439626,0.9428,8
311,546590350,50,36.740616286957,127.122271857853,51.564329082146,0.0075,0.0068,299.038058,0.9428,8
312,546590400,50,36.740618139548,127.122267680824,51.566954983398,0.0075,0.0068,298.858266,0.9428,8
313,546590450,50,36.740620030792,127.122263530077,51.569753543474,0.0075,0.0067,299.515934,0.9428,8
314,546590500,50,36.740621889422,127.122259342862,51.568966121413,0.0075,0.0067,298.878117,0.9428,8
315,546590550,50,36.740623733679,127.122255144876,51.569283334538,0.0075,0.0067,298.628463,0.9428,8
316,546590600,50,36.740625603337,127.122250963291,51.570926025510,0.0075,0.0067,299.054407,0.9428,8
317,546590650,50,36.740627520201,127.122246764851,51.566382775083,0.0075,0.0067,299.565868,0.9428,8
318,546590700,50,36.740629381727,127.122242554944,51.569655494764,0.0075,0.0067,298.784988,0.9428,8
319,546590750,50,36.740631262042,127.122238357071,51.574142828584,0.0075,0.0067,299.098118,0.9428,8
320,546590800,50,36.740633148946,127.122234199793,51.566293302923,0.0074,0.0067,299.098069,0.9428,8
321,546590850,50,36.740635067423,127.122229980895,51.565920320340,0.0074,0.0067,299.467075,0.9428,8
322,546590900,50,36.740636990216,127.122225815339,51.570497014560,0.0074,0.0067,299.835881,0.9428,8
323,546590950,50,36.740638871854,127.122221607992,51.568219603039,0.0074,0.0067,299.060347,0.9428,8
324,546591000,50,36.740640784789,127.122217416675,51.568562285043,0.0074,0.0067,299.557134,0.9428,8
325,546591050,50,36.740642682070,127.122213198426,51.569470955990,0.0074,0.0067,299.198999,0.9428,8
326,546591100,50,36.740644605198,127.122209014811,51.570194071159,0.0074,0.0067,299.733343,0.9428,8
327,546591150,50,36.740646522069,127.122204811056,51.568206285127,0.0074,0.0067,299.534832,0.9428,8
328,546591200,50,36.740648485923,127.122200632878,51.572532683611,0.0074,0.0067,300.285614,0.9428,8
329,546591250,50,36.740650397375,127.122196458405,51.571710045449,0.0074,0.0067,299.637156,0.9428,8
330,546591300,50,36.740652300950,127.122192260261,51.564257247373,0.0074,0.0067,299.396813,0.9428,8
331,546591350,50,36.740654201617,127.122188064589,51.565000884235,0.0074,0.0067,299.373799,0.9428,8
332,546591400,50,36.740656136580,127.122183870922,51.565181612968,0.0074,0.0067,299.825626,0.9428,8
333,546591450,50,36.740658085746,127.122179714694,51.569949896075,0.0074,0.0067,300.229761,0.9428,8
334,546591500,50,36.740659995803,127.122175497944,51.569847553968,0.0074,0.0067,299.371772,0.9428,8
335,546591550,50,36.740661920525,127.122171323501,51.569086757489,0.0074,0.0067,299.808031,0.9428,8
336,546591600,50,36.740663863321,127.122167125395,51.563286390156,0.0074,0.0067,299.899403,0.9428,8
337,546591650,50,36.740665762118,127.122162929223,51.565065951087,0.0075,0.0067,299.346809,0.9428,8
338,546591700,50,36.740667677940,127.122158749829,51.566854789853,0.0075,0.0067,299.664411,0.9428,8
339,546591750,50,36.740669604051,127.122154595899,51.563760174438,0.0075,0.0067,299.947795,0.9428,8
340,546591800,50,36.740671573562,127.122150459441,51.562660120428,0.0075,0.0067,300.608839,0.9428,8
341,546591850,50,36.740673506912,127.122146332065,51.565595339984,0.0075,0.0067,300.200355,0.9428,8
342,546591900,50,36.740675437511,127.122142189057,51.564256981015,0.0075,0.0067,300.070895,0.9428,8
343,546591950,50,36.740677406408,127.122138091253,51.568535346538,0.0075,0.0067,300.837253,0.9428,8
344,546592000,50,36.740679342987,127.122133954099,51.567866003141,0.0075,0.0067,300.182994,0.9428,8
345,546592050,50,36.740681235123,127.122129801996,51.566807775758,0.0075,0.0067,299.519542,0.9428,8
346,546592100,50,36.740683229771,127.122125675394,51.576505991630,0.0074,0.0067,299.519492,0.9428,8
347,546592150,50,36.740685157695,127.122121537167,51.577337671071,0.0074,0.0067,300.065109,0.9428,8
348,546592200,50,36.740687115619,127.122117395306,51.572918617167,0.0074,0.0067,300.428186,0.9428,8
349,546592250,50,36.740689074789,127.122113326001,51.580297888257,0.0074,0.0067,300.888341,0.9428,8
350,546592300,50,36.740691037998,127.122109201278,51.573502212763,0.0074,0.0067,300.599675,0.9428,8
351,546592350,50,36.740692975662,127.122105053553,51.578820701689,0.0074,0.0067,300.133398,0.9428,8
352,546592400,50,36.740694904513,127.122100983193,51.583380297758,0.0074,0.0067,300.489638,0.9428,8
353,546592450,50,36.740696874622,127.122096886861,51.583409123123,0.0074,0.0067,300.861797,0.9428,8
354,546592500,50,36.740698792988,127.122092812042,51.578036760911,0.0074,0.0067,300.325926,0.9428,8
355,546592550,50,36.740700736992,127.122088750884,51.571574322879,0.0075,0.0067,300.742989,0.9428,8
356,546592600,50,36.740702683152,127.122084721480,51.586760257371,0.0075,0.0067,300.968965,0.9428,8
357,546592650,50,36.740704628666,127.122080662404,51.574611830525,0.0074,0.0066,300.968915,0.9428,8
358,546592700,50,36.740706571469,127.122076616594,51.576721571386,0.0074,0.0066,300.822767,0.9428,8
359,546592750,50,36.740708527059,127.122072586836,51.575618468225,0.0074,0.0066,301.089037,0.9428,8
360,546592800,50,36.740710476230,127.122068489874,51.574121552520,0.0074,0.0066,300.589034,0.9428,8
361,546592850,50,36.740712410127,127.122064468979,51.572522515431,0.0074,0.0067,300.862690,0.9428,8
362,546592900,50,36.740714366762,127.122060413226,51.579806744121,0.0074,0.0066,300.939869,0.9428,8
363,546592950,50,36.740716276992,127.122056400408,51.572853998281,0.0074,0.0067,300.603389,0.9428,8
364,546593000,50,36.740718253849,127.122052408492,51.585587549023,0.0074,0.0067,301.604550,0.9428,8
365,546593050,50,36.740720203708,127.122048388678,51.585621021688,0.0074,0.0067,301.077307,0.9428,8
366,546593100,50,36.740722080758,127.122044359977,51.576933665201,0.0074,0.0067,300.067112,0.9428,8
367,546593150,50,36.740723987242,127.122040355310,51.576797276735,0.0074,0.0067,300.605178,0.9428,8
368,546593200,50,36.740725913957,127.122036341977,51.579750000499,0.0074,0.0067,300.816341,0.9428,8
369,546593250,50,36.740727773651,127.122032294900,51.573779652826,0.0074,0.0067,299.724483,0.9428,8
370,546593300,50,36.740729671414,127.122028286345,51.573833453469,0.0074,0.0067,300.465899,0.9428,8
371,546593350,50,36.740731535287,127.122024276590,51.583379247226,0.0074,0.0067,300.009263,0.9428,8
372,546593400,50,36.740733392583,127.122020235612,51.572461126372,0.0074,0.0067,299.729867,0.9428,8
373,546593450,50,36.740735230200,127.122016222775,51.579712670296,0.0074,0.0067,299.639554,0.9428,8
374,546593500,50,36.740737049535,127.122012215378,51.579865611158,0.0074,0.0067,299.427198,0.9428,8
375,546593550,50,36.740738886239,127.122008202540,51.577829414047,0.0074,0.0067,299.627324,0.9428,8
376,546593600,50,36.740740716348,127.122004172664,51.581733429804,0.0074,0.0067,299.434817,0.9428,8
377,546593650,50,36.740742463559,127.122000108715,51.576867195778,0.0073,0.0066,299.434768,0.9428,8
378,546593700,50,36.740744234998,127.121996076065,51.581311177462,0.0073,0.0066,298.625977,0.9428,8
379,546593750,50,36.740746003896,127.121992046369,51.576892889105,0.0073,0.0066,298.609045,0.9428,8
380,546593800,50,36.740747762150,127.121987965653,51.581413036212,0.0073,0.0066,298.162926,0.9428,8
381,546593850,50,36.740749473642,127.121983922123,51.578933606856,0.0073,0.0066,297.740628,0.9428,8
382,546593900,50,36.740751194283,127.121979861401,51.578453552909,0.0073,0.0066,297.766339,0.9428,8
383,546593950,50,36.740752919676,127.121975834692,51.572266271338,0.0073,0.0066,298.030983,0.9428,8
384,546594000,50,36.740754614370,127.121971747902,51.578977741301,0.0073,0.0066,297.259458,0.9428,8
385,546594050,50,36.740756280343,127.121967706157,51.581317589618,0.0073,0.0066,297.119503,0.9428,8
386,546594100,50,36.740757964865,127.121963654119,51.581623689272,0.0073,0.0066,297.318292,0.9428,8
387,546594150,50,36.740759605700,127.121959585600,51.581636859104,0.0074,0.0066,296.615828,0.9428,8
388,546594200,50,36.740761252827,127.121955522183,51.577476941049,0.0074,0.0066,296.732635,0.9428,8
389,546594250,50,36.740762876951,127.121951446934,51.579695213586,0.0074,0.0066,296.343957,0.9428,8
390,546594300,50,36.740764502911,127.121947390056,51.582128391601,0.0074,0.0066,296.472879,0.9428,8
391,546594350,50,36.740766101398,127.121943307113,51.580751175061,0.0074,0.0066,295.940646,0.9428,8
392,546594400,50,36.740767680953,127.121939209282,51.585246329196,0.0074,0.0066,295.591787,0.9428,8
393,546594450,50,36.740769229830,127.121935107197,51.578250342980,0.0074,0.0067,295.133827,0.9428,8
394,546594500,50,36.740770817744,127.121931033583,51.582464267500,0.0074,0.0067,295.842768,0.9428,8
395,546594550,50,36.740772364593,127.121926950478,51.577446162701,0.0074,0.0067,295.207229,0.9428,8
396,546594600,50,36.740773866073,127.121922863382,51.576137107797,0.0073,0.0066,295.207181,0.9428,8
397,546594650,50,36.740775387214,127.121918744910,51.580328963697,0.0073,0.0066,294.651296,0.9428,8
398,546594700,50,36.740776883310,127.121914668924,51.584002567455,0.0073,0.0066,294.516215,0.9428,8
399,546594750,50,36.740778384892,127.121910566873,51.584334644489,0.0073,0.0066,294.457546,0.9428,8
400,546594800,50,36.740779872217,127.121906504348,51.582966819406,0.0073,0.0066,294.460639,0.9428,8
401,546594850,50,36.740781304241,127.121902383187,51.578296710737,0.0073,0.0066,293.352327,0.9428,8
402,546594900,50,36.740782784642,127.121898293280,51.580941086635,0.0073,0.0066,294.215730,0.9428,8
403,546594950,50,36.740784227305,127.121894208729,51.575243210420,0.0073,0.0066,293.694641,0.9428,8
404,546595000,50,36.740785678351,127.121890123427,51.580810410902,0.0073,0.0066,293.813144,0.9428,8
405,546595050,50,36.740787090100,127.121886060859,51.579573133960,0.0073,0.0066,293.353612,0.9428,8
406,546595100,50,36.740788542436,127.121881968806,51.579232760705,0.0073,0.0066,293.797002,0.9428,8
407,546595150,50,36.740789948571,127.121877882760,51.578095333651,0.0073,0.0066,293.151055,0.9428,8
408,546595200,50,36.740791327504,127.121873774027,51.573039674200,0.0073,0.0066,292.636260,0.9428,8
409,546595250,50,36.740792763776,127.121869685232,51.580675696023,0.0073,0.0066,293.579369,0.9428,8
410,546595300,50,36.740794168346,127.121865583889,51.579553990625,0.0074,0.0066,293.050764,0.9428,8
411,546595350,50,36.740795556409,127.121861481799,51.571966206655,0.0074,0.0066,292.803993,0.9428,8
412,546595400,50,36.740796976782,127.121857363804,51.572409651242,0.0074,0.0066,293.198460,0.9428,8
413,546595450,50,36.740798353585,127.121853261263,51.577777230181,0.0074,0.0066,292.635503,0.9428,8
414,546595500,50,36.740799710089,127.121849162702,51.582565451972,0.0074,0.0066,292.354336,0.9428,8
415,546595550,50,36.740801132785,127.121845088616,51.585906423628,0.0074,0.0067,293.455836,0.9428,8
416,546595600,50,36.740802533728,127.121841011166,51.582271466963,0.0074,0.0067,293.118088,0.9428,8
417,546595650,50,36.740803914825,127.121836915138,51.586565994658,0.0074,0.0067,292.731387,0.9428,8
418,546595700,50,36.740805300957,127.121832820765,51.579225323163,0.0074,0.0067,292.814082,0.9428,8
419,546595750,50,36.740806685183,127.121828724348,51.575861116871,0.0074,0.0067,292.775697,0.9428,8
420,546595800,50,36.740808067527,127.121824665066,51.579918725416,0.0074,0.0067,292.934549,0.9428,8
421,546595850,50,36.740809443376,127.121820587261,51.578644885682,0.0074,0.0067,292.744715,0.9428,8
422,546595900,50,36.740810870653,127.121816547303,51.580241692252,0.0073,0.0066,292.744666,0.9428,8
423,546595950,50,36.740812271687,127.121812428007,51.576782323420,0.0073,0.0066,292.908902,0.9428,8
424,546596000,50,36.740813635563,127.121808371331,51.571687103249,0.0073,0.0066,292.672332,0.9428,8
425,546596050,50,36.740815036617,127.121804294332,51.571614409797,0.0073,0.0066,293.121995,0.9428,8
426,546596100,50,36.740816480177,127.121800245254,51.573773058131,0.0073,0.0066,293.892288,0.9428,8
427,546596150,50,36.740817913512,127.121796173917,51.576112522744,0.0073,0.0066,293.626279,0.9428,8
428,546596200,50,36.740819323104,127.121792107689,51.576133443974,0.0073,0.0066,293.303009,0.9428,8
429,546596250,50,36.740820741127,127.121788056041,51.573965520598,0.0073,0.0066,293.502563,0.9428,8
430,546596300,50,36.740822196424,127.121784014060,51.574224849232,0.0074,0.0066,294.102017,0.9428,8
431,546596350,50,36.740823651386,127.121779994849,51.570368401706,0.0074,0.0066,294.217987,0.9428,8
432,546596400,50,36.740825135150,127.121775966413,51.565201193094,0.0074,0.0066,294.591125,0.9428,8
433,546596450,50,36.740826617023,127.121771995015,51.576393489726,0.0074,0.0066,294.873844,0.9428,8
434,546596500,50,36.740828051075,127.121767965453,51.574126077816,0.0074,0.0066,293.854641,0.9428,8
435,546596550,50,36.740829572402,127.121763967444,51.574360634200,0.0074,0.0066,295.305055,0.9428,8
436,546596600,50,36.740831088501,127.121760005311,51.579184871167,0.0074,0.0066,295.428622,0.9428,8
437,546596650,50,36.740832621089,127.121756032632,51.575450093485,0.0074,0.0066,295.610390,0.9428,8
438,546596700,50,36.740834178532,127.121752039246,51.580744944513,0.0074,0.0066,295.854389,0.9428,8
439,546596750,50,36.740835715232,127.121748076790,51.578367183916,0.0074,0.0066,295.727962,0.9428,8
440,546596800,50,36.740837292371,127.121744129852,51.577644975856,0.0074,0.0067,296.404114,0.9428,8
441,546596850,50,36.740838884540,127.121740194214,51.579381673597,0.0074,0.0067,296.687044,0.9428,8
442,546596900,50,36.740840483912,127.121736267625,51.583817258477,0.0074,0.0067,296.844076,0.9428,8
443,546596950,50,36.740842059028,127.121732320566,51.578170455061,0.0074,0.0067,296.374136,0.9428,8
444,546597000,50,36.740843678255,127.121728418025,51.575551860034,0.0073,0.0066,296.374087,0.9428,8
445,546597050,50,36.740845308663,127.121724508170,51.579239710234,0.0073,0.0066,297.390053,0.9428,8
446,546597100,50,36.740846934938,127.121720598495,51.572914779186,0.0073,0.0066,297.331760,0.9428,8
447,546597150,50,36.740848618883,127.121716694450,51.578840950504,0.0073,0.0066,298.188664,0.9428,8
448,546597200,50,36.740850283060,127.121712837100,51.580949751660,0.0073,0.0066,298.194023,0.9428,8
449,546597250,50,36.740851985194,127.121708991571,51.578248921782,0.0073,0.0066,298.809599,0.9428,8
450,546597300,50,36.740853691062,127.121705148182,51.581307192333,0.0073,0.0066,298.876130,0.9428,8
451,546597350,50,36.740855405268,127.121701269173,51.577934309840,0.0073,0.0066,298.770883,0.9428,8
452,546597400,50,36.740857177897,127.121697476911,51.580528265797,0.0073,0.0066,300.147828,0.9428,8
453,546597450,50,36.740858946659,127.121693644351,51.582047812641,0.0073,0.0066,299.831477,0.9428,8
454,546597500,50,36.740860712080,127.121689815058,51.583309744485,0.0074,0.0066,299.805817,0.9428,8
455,546597550,50,36.740862476355,127.121685997780,51.585021261126,0.0074,0.0066,299.867476,0.9428,8
456,546597600,50,36.740864301593,127.121682197995,51.577912299894,0.0074,0.0066,300.830819,0.9428,8
457,546597650,50,36.740866130521,127.121678391202,51.585167354904,0.0073,0.0066,300.830771,0.9428,8
458,546597700,50,36.740867976469,127.121674576319,51.574465683661,0.0073,0.0066,301.015591,0.9428,8
459,546597750,50,36.740869838154,127.121670809581,51.580702584237,0.0073,0.0066,301.554378,0.9428,8
460,546597800,50,36.740871730949,127.121667007810,51.580998037942,0.0073,0.0066,301.741591,0.9428,8
461,546597850,50,36.740873627077,127.121663229304,51.577034664340,0.0073,0.0066,301.944385,0.9428,8
462,546597900,50,36.740875560214,127.121659461558,51.577163686045,0.0073,0.0066,302.517756,0.9428,8
463,546597950,50,36.740877503638,127.121655674479,51.576814129949,0.0073,0.0066,302.522692,0.9428,8
464,546598000,50,36.740879453275,127.121651894427,51.576526809484,0.0073,0.0066,302.653960,0.9428,8
465,546598050,50,36.740881394187,127.121648163601,51.577892405912,0.0073,0.0066,302.878816,0.9428,8
466,546598100,50,36.740883373296,127.121644377522,51.581875696778,0.0073,0.0066,303.003985,0.9428,8
467,546598150,50,36.740885323874,127.121640584031,51.575921532698,0.0073,0.0066,302.574216,0.9428,8
468,546598200,50,36.740887318013,127.121636809857,51.579843509011,0.0073,0.0066,303.285045,0.9428,8
469,546598250,50,36.740889317583,127.121633053506,51.583235957660,0.0073,0.0066,303.481253,0.9428,8
470,546598300,50,36.740891335230,127.121629254339,51.581714769825,0.0073,0.0066,303.419760,0.9428,8
471,546598350,50,36.740893353287,127.121625502289,51.578377855942,0.0073,0.0066,303.754627,0.9428,8
472,546598400,50,36.740895397835,127.121621721400,51.580234234221,0.0073,0.0066,303.897315,0.9428,8
473,546598450,50,36.740897455055,127.121617921042,51.581973483786,0.0073,0.0066,303.924985,0.9428,8
474,546598500,50,36.740899478915,127.121614107621,51.577536773868,0.0074,0.0066,303.402109,0.9428,8
475,546598550,50,36.740901571264,127.121610341617,51.582803281024,0.0074,0.0066,304.618526,0.9428,8
476,546598600,50,36.740903627316,127.121606560575,51.585480409674,0.0074,0.0066,304.045223,0.9428,8
477,546598650,50,36.740905713995,127.121602756858,51.586659532040,0.0073,0.0066,304.045177,0.9428,8
478,546598700,50,36.740907780217,127.121598967331,51.587279556319,0.0073,0.0066,304.116784,0.9428,8
479,546598750,50,36.740909877722,127.121595153721,51.586046088487,0.0073,0.0066,304.348411,0.9428,8
480,546598800,50,36.740911962484,127.121591357489,51.592771220952,0.0073,0.0066,304.307674,0.9428,8
481,546598850,50,36.740914056769,127.121587519367,51.585880368948,0.0073,0.0066,304.136716,0.9428,8
482,546598900,50,36.740916169054,127.121583668790,51.590328972787,0.0073,0.0066,304.278386,0.9428,8
483,546598950,50,36.740918303904,127.121579832094,51.592080696486,0.0073,0.0066,304.659007,0.9428,8
484,546599000,50,36.740920406056,127.121575995245,51.591890932061,0.0073,0.0066,304.245407,0.9428,8
485,546599050,50,36.740922568758,127.121572170609,51.591707553715,0.0073,0.0066,305.092013,0.9428,8
486,546599100,50,36.740924661716,127.121568315393,51.590763818473,0.0073,0.0066,304.001724,0.9428,8
487,546599150,50,36.740926823210,127.121564483338,51.594060677104,0.0073,0.0066,305.024749,0.9428,8
488,546599200,50,36.740928969526,127.121560625562,51.593791233376,0.0073,0.0066,304.655744,0.9428,8
489,546599250,50,36.740931093089,127.121556742695,51.591092461720,0.0073,0.0066,304.197769,0.9428,8
490,546599300,50,36.740933246553,127.121552865104,51.593320040032,0.0074,0.0066,304.607563,0.9428,8
491,546599350,50,36.740935360883,127.121548978842,51.590697109699,0.0074,0.0066,304.058565,0.9428,8
492,546599400,50,36.740937528769,127.121545087666,51.596701194532,0.0074,0.0066,304.692722,0.9428,8
493,546599450,50,36.740939641919,127.121541200376,51.597261327319,0.0074,0.0066,304.036702,0.9428,8
494,546599500,50,36.740941750813,127.121537288691,51.593465076759,0.0074,0.0066,303.817224,0.9428,8
495,546599550,50,36.740943878038,127.121533393700,51.591724557802,0.0074,0.0066,304.160660,0.9428,8
496,546599600,50,36.740945979435,127.121529473524,51.589012159966,0.0074,0.0066,303.665601,0.9428,8
497,546599650,50,36.740948095952,127.121525554865,51.591713928618,0.0073,0.0066,303.665555,0.9428,8
498,546599700,50,36.740950199737,127.121521572897,51.590885308571,0.0073,0.0066,303.283240,0.9428,8
499,546599750,50,36.740952279969,127.121517591014,51.596694673412,0.0073,0.0066,302.988518,0.9428,8
500,546599800,50,36.740954379608,127.121513611548,51.591033897363,0.0073,0.0066,303.247932,0.9428,8
501,546599850,50,36.740956475997,127.121509625586,51.584456342272,0.0073,0.0066,303.164430,0.9428,8
502,546599900,50,36.740958540182,127.121505643149,51.587527481839,0.0073,0.0066,302.782586,0.9428,8
503,546599950,50,36.740960631674,127.121501653018,51.594450599514,0.0073,0.0066,303.075717,0.9428,8
504,546600000,50,36.740962634331,127.121497602377,51.592293404974,0.0073,0.0066,301.562777,0.9428,8
505,546600050,50,36.740964688420,127.121493577679,51.591882355511,0.0073,0.0066,302.380713,0.9428,8
506,546600100,50,36.740966731009,127.121489547312,51.591824536212,0.0073,0.0066,302.199021,0.9428,8
507,546600150,50,36.740968775269,127.121485487488,51.599422325380,0.0073,0.0066,302.032253,0.9428,8
508,546600200,50,36.740970766545,127.121481385294,51.592269816436,0.0073,0.0066,301.095928,0.9428,8
509,546600250,50,36.740972772411,127.121477320289,51.589015861973,0.0073,0.0066,301.513286,0.9428,8
510,546600300,50,36.740974767427,127.121473237196,51.594138310291,0.0073,0.0066,301.262005,0.9428,8
511,546600350,50,36.740976751923,127.121469105342,51.592979639769,0.0073,0.0066,300.827639,0.9428,8
512,546600400,50,36.740978722832,127.121465013774,51.596878440119,0.0074,0.0066,300.901513,0.9428,8
513,546600450,50,36.740980653329,127.121460873131,51.600769176148,0.0074,0.0066,300.083834,0.9428,8
514,546600500,50,36.740982634861,127.121456753615,51.602443640120,0.0074,0.0066,300.865389,0.9428,8
515,546600550,50,36.740984567668,127.121452626295,51.601235846989,0.0074,0.0066,300.193781,0.9428,8
516,546600600,50,36.740986495877,127.121448420806,51.603051739745,0.0074,0.0067,299.669940,0.9428,8
517,546600650,50,36.740988409758,127.121444258246,51.602425743826,0.0074,0.0067,299.739045,0.9428,8
518,546600700,50,36.740990318276,127.121440108144,51.606407776475,0.0074,0.0067,299.743751,0.9428,8
519,546600750,50,36.740992184111,127.121435898714,51.601734482683,0.0074,0.0067,298.843804,0.9428,8
520,546600800,50,36.740994054851,127.121431692274,51.606502372772,0.0073,0.0066,298.843757,0.9428,8
521,546600850,50,36.740995918637,127.121427493706,51.609035170637,0.0073,0.0066,298.879724,0.9428,8
522,546600900,50,36.740997735108,127.121423286191,51.604162859730,0.0073,0.0066,298.210106,0.9428,8
523,546600950,50,36.740999577737,127.121419058826,51.613381966949,0.0073,0.0066,298.439639,0.9428,8
524,546601000,50,36.741001367853,127.121414810979,51.602690949105,0.0073,0.0066,297.637466,0.9428,8
525,546601050,50,36.741003187730,127.121410612620,51.603061974980,0.0073,0.0066,298.306934,0.9428,8
526,546601100,50,36.741004955559,127.121406370288,51.608710796572,0.0073,0.0066,297.373941,0.9428,8
527,546601150,50,36.741006732193,127.121402153614,51.604160533287,0.0073,0.0066,297.632911,0.9428,8
528,546601200,50,36.741008501477,127.121397906771,51.604847231880,0.0073,0.0066,297.368329,0.9428,8
529,546601250,50,36.741010278751,127.121393648945,51.606785574928,0.0073,0.0066,297.413331,0.9428,8
530,546601300,50,36.741012076951,127.121389373262,51.607019955292,0.0073,0.0066,297.589816,0.9428,8
531,546601350,50,36.741013795831,127.121385107366,51.606717300601,0.0073,0.0066,296.595143,0.9428,8
532,546601400,50,36.741015574762,127.121380864291,51.606953799725,0.0073,0.0066,297.516571,0.9428,8
533,546601450,50,36.741017296875,127.121376610414,51.605710373260,0.0073,0.0066,296.703109,0.9428,8
534,546601500,50,36.741019044899,127.121372350077,51.607687165961,0.0073,0.0066,297.012953,0.9428,8
535,546601550,50,36.741020760748,127.121368083342,51.604818211868,0.0073,0.0066,296.550193,0.9428,8
536,546601600,50,36.741022461445,127.121363817369,51.609458440915,0.0073,0.0066,296.351600,0.9428,8
537,546601650,50,36.741024205765,127.121359577113,51.604330757633,0.0073,0.0066,297.073361,0.9428,8
538,546601700,50,36.741025890251,127.121355336836,51.612246326171,0.0074,0.0066,296.271102,0.9428,8
539,546601750,50,36.741027595237,127.121351089928,51.608595397323,0.0074,0.0066,296.511429,0.9428,8
540,546601800,50,36.741029306393,127.121346860576,51.606044261716,0.0074,0.0066,296.689326,0.9428,8
541,546601850,50,36.741031010979,127.121342595820,51.611662625335,0.0074,0.0066,296.410228,0.9428,8
542,546601900,50,36.741032694466,127.121338380214,51.612195765600,0.0074,0.0066,296.390510,0.9428,8
543,546601950,50,36.741034387177,127.121334141587,51.606134225614,0.0074,0.0066,296.390943,0.9428,8
544,546602000,50,36.741036073546,127.121329909187,51.614459716715,0.0074,0.0066,296.338885,0.9428,8
545,546602050,50,36.741037775494,127.121325677901,51.604236120358,0.0074,0.0066,296.554994,0.9428,8
546,546602100,50,36.741039471793,127.121321464677,51.612315435894,0.0073,0.0066,296.554944,0.9428,8
547,546602150,50,36.741041154820,127.121317277259,51.616740426980,0.0073,0.0066,296.537601,0.9428,8
548,546602200,50,36.741042840853,127.121313090377,51.608627403155,0.0073,0.0066,296.581425,0.9428,8
549,546602250,50,36.741044568789,127.121308849941,51.610805821605,0.0073,0.0066,296.853836,0.9428,8
550,546602300,50,36.741046247815,127.121304648884,51.604387142695,0.0073,0.0066,296.408836,0.9428,8
551,546602350,50,36.741047972140,127.121300510795,51.616078538820,0.0073,0.0066,297.373088,0.9428,8
552,546602400,50,36.741049697937,127.121296323333,51.605616541579,0.0073,0.0066,297.116406,0.9428,8
553,546602450,50,36.741051410309,127.121292164539,51.614425430074,0.0073,0.0066,297.094565,0.9428,8
554,546602500,50,36.741053127995,127.121288031620,51.611665538512,0.0073,0.0066,297.312133,0.9428,8
555,546602550,50,36.741054877221,127.121283900052,51.619747230783,0.0073,0.0066,297.747117,0.9428,8
556,546602600,50,36.741056588891,127.121279768754,51.603251696564,0.0072,0.0066,297.747066,0.9428,8
557,546602650,50,36.741058357190,127.121275663267,51.611373327672,0.0072,0.0066,298.154555,0.9428,8
558,546602700,50,36.741060081029,127.121271564145,51.612284400500,0.0072,0.0066,297.588362,0.9428,8
559,546602750,50,36.741061866295,127.121267467191,51.614381522872,0.0072,0.0066,298.432653,0.9428,8
560,546602800,50,36.741063634690,127.121263397513,51.612122979015,0.0072,0.0066,298.365196,0.9428,8
561,546602850,50,36.741065401443,127.121259318071,51.609716748819,0.0072,0.0066,298.285611,0.9428,8
562,546602900,50,36.741067216666,127.121255270156,51.611792786047,0.0073,0.0066,299.126103,0.9428,8
563,546602950,50,36.741069013958,127.121251232869,51.616559569724,0.0073,0.0066,298.948657,0.9428,8
564,546603000,50,36.741070808651,127.121247232919,51.612862544134,0.0073,0.0066,299.139410,0.9428,8
565,546603050,50,36.741072655552,127.121243226312,51.614273441955,0.0073,0.0066,299.802293,0.9428,8
566,546603100,50,36.741074504592,127.121239241612,51.620286419988,0.0073,0.0066,299.966646,0.9428,8
567,546603150,50,36.741076399362,127.121235296019,51.614187684841,0.0073,0.0066,300.824131,0.9428,8
568,546603200,50,36.741078247078,127.121231298221,51.612136239186,0.0073,0.0066,299.867629,0.9428,8
569,546603250,50,36.741080147533,127.121227379373,51.612100041471,0.0073,0.0066,301.071709,0.9428,8
570,546603300,50,36.741082004745,127.121223433998,51.612184074707,0.0073,0.0066,300.323177,0.9428,8
571,546603350,50,36.741083936309,127.121219515126,51.615991885774,0.0073,0.0066,301.484345,0.9428,8
572,546603400,50,36.741085845157,127.121215627531,51.614035340957,0.0073,0.0066,301.387042,0.9428,8
573,546603450,50,36.741087805040,127.121211798866,51.611897433177,0.0073,0.0066,302.458185,0.9428,8
574,546603500,50,36.741089755198,127.121207934843,51.613515162840,0.0073,0.0066,302.091744,0.9428,8
575,546603550,50,36.741091695759,127.121204075420,51.618140629493,0.0073,0.0066,301.995302,0.9428,8
576,546603600,50,36.741093686567,127.121200258236,51.613856684417,0.0073,0.0066,302.944238,0.9428,8
577,546603650,50,36.741095680303,127.121196474544,51.609681595117,0.0072,0.0066,302.944189,0.9428,8
578,546603700,50,36.741097652677,127.121192702774,51.616795597598,0.0072,0.0066,303.013930,0.9428,8
579,546603750,50,36.741099710027,127.121188950520,51.606702760793,0.0072,0.0066,304.265509,0.9428,8
580,546603800,50,36.741101719753,127.121185196111,51.607578131370,0.0073,0.0066,303.628665,0.9428,8
581,546603850,50,36.741103792131,127.121181463654,51.607003828511,0.0073,0.0066,304.601341,0.9428,8
582,546603900,50,36.741105839478,127.121177751758,51.617139962502,0.0073,0.0066,304.424055,0.9428,8
583,546603950,50,36.741107889620,127.121174061286,51.613495325670,0.0073,0.0066,304.615394,0.9428,8
584,546604000,50,36.741110019301,127.121170362363,51.609617436305,0.0073,0.0066,305.579628,0.9428,8
585,546604050,50,36.741112108109,127.121166696595,51.611138986424,0.0073,0.0066,305.298799,0.9428,8
586,546604100,50,36.741114194985,127.121163069030,51.622182875872,0.0073,0.0066,305.557299,0.9428,8
587,546604150,50,36.741116333725,127.121159397404,51.615122946911,0.0073,0.0066,305.896144,0.9428,8
588,546604200,50,36.741118447333,127.121155828772,51.616216558032,0.0073,0.0066,306.349907,0.9428,8
589,546604250,50,36.741120581372,127.121152231981,51.621727660298,0.0073,0.0066,306.398069,0.9428,8
590,546604300,50,36.741122698524,127.121148602566,51.615427672863,0.0073,0.0066,305.934737,0.9428,8
591,546604350,50,36.741124837948,127.121145048031,51.614263624884,0.0073,0.0066,306.791281,0.9428,8
592,546604400,50,36.741127022505,127.121141451149,51.613689915277,0.0073,0.0066,307.039826,0.9428,8
593,546604450,50,36.741129185558,127.121137908270,51.614901259542,0.0073,0.0066,307.184145,0.9428,8
594,546604500,50,36.741131341021,127.121134323945,51.622058941051,0.0073,0.0066,306.767185,0.9428,8
595,546604550,50,36.741133546638,127.121130798446,51.622423018329,0.0074,0.0066,307.859598,0.9428,8
596,546604600,50,36.741135722032,127.121127246104,51.621901242994,0.0074,0.0066,307.267562,0.9428,8
597,546604650,50,36.741137914256,127.121123716519,51.624113541096,0.0073,0.0066,307.267516,0.9428,8
598,546604700,50,36.741140111246,127.121120199642,51.622853709385,0.0073,0.0066,307.818729,0.9428,8
599,546604750,50,36.741142316025,127.121116668625,51.624727167189,0.0073,0.0066,307.805605,0.9428,8
600,546604800,50,36.741144514366,127.121113144567,51.623914859258,0.0073,0.0066,307.779202,0.9428,8
601,546604850,50,36.741146732452,127.121109669243,51.621211157180,0.0073,0.0066,308.415366,0.9428,8
602,546604900,50,36.741148943102,127.121106170383,51.621876050718,0.0073,0.0066,308.133743,0.9428,8
603,546604950,50,36.741151153679,127.121102674227,51.623777794652,0.0073,0.0066,308.154355,0.9428,8
604,546605000,50,36.741153360017,127.121099199163,51.622606421821,0.0073,0.0066,308.269412,0.9428,8
605,546605050,50,36.741155581758,127.121095699348,51.625781355426,0.0073,0.0066,308.265497,0.9428,8
606,546605100,50,36.741157787875,127.121092216609,51.627149338834,0.0073,0.0066,308.205191,0.9428,8
607,546605150,50,36.741160026251,127.121088742509,51.626699482091,0.0073,0.0066,308.679484,0.9428,8
608,546605200,50,36.741162265045,127.121085279154,51.626922307536,0.0073,0.0066,308.771332,0.9428,8
609,546605250,50,36.741164493828,127.121081802264,51.623782844283,0.0073,0.0066,308.537087,0.9428,8
610,546605300,50,36.741166716680,127.121078353897,51.631171040237,0.0073,0.0066,308.692781,0.9428,8
611,546605350,50,36.741168948804,127.121074907262,51.621962424368,0.0073,0.0066,308.823267,0.9428,8
612,546605400,50,36.741171165537,127.121071416355,51.628385166638,0.0074,0.0066,308.273665,0.9428,8
613,546605450,50,36.741173421389,127.121067983704,51.632054875605,0.0074,0.0066,309.233572,0.9428,8
614,546605500,50,36.741175651740,127.121064518520,51.633808879182,0.0074,0.0066,308.650950,0.9428,8
615,546605550,50,36.741177861843,127.121061062586,51.634246256202,0.0074,0.0066,308.470915,0.9428,8
616,546605600,50,36.741180075599,127.121057590368,51.635493822396,0.0074,0.0066,308.385839,0.9428,8
617,546605650,50,36.741182253451,127.121054098950,51.634031164460,0.0074,0.0066,307.777620,0.9428,8
618,546605700,50,36.741184480101,127.121050632876,51.628422760405,0.0074,0.0066,308.597383,0.9428,8
619,546605750,50,36.741186736852,127.121047184240,51.638013230637,0.0074,0.0066,309.114432,0.9428,8
620,546605800,50,36.741188911673,127.121043666336,51.645370602608,0.0073,0.0066,309.114390,0.9428,8
621,546605850,50,36.741191119883,127.121040190835,51.636991191655,0.0073,0.0066,308.289551,0.9428,8
622,546605900,50,36.741193330226,127.121036702906,51.632806807756,0.0073,0.0066,308.217000,0.9428,8
623,546605950,50,36.741195499447,127.121033186116,51.636812541634,0.0073,0.0066,307.467001,0.9428,8
624,546606000,50,36.741197651425,127.121029641504,51.638865697198,0.0073,0.0066,307.029174,0.9428,8
625,546606050,50,36.741199812030,127.121026127495,51.650160544552,0.0073,0.0066,307.378830,0.9428,8
626,546606100,50,36.741201945000,127.121022616381,51.643890582956,0.0073,0.0066,307.046339,0.9428,8
627,546606150,50,36.741204093712,127.121019069873,51.641577294096,0.0073,0.0066,306.972630,0.9428,8
628,546606200,50,36.741206220667,127.121015536759,51.652895034291,0.0073,0.0066,306.796774,0.9428,8
629,546606250,50,36.741208330598,127.121011989349,51.652895034291,0.0073,0.0066,306.465520,0.9428,8
630,546606300,50,36.741210448519,127.121008454175,51.637536504306,0.0073,0.0066,306.663878,0.9428,8
631,546606350,50,36.741212547682,127.121004878369,51.648144390434,0.0074,0.0066,306.107758,0.9428,8
632,546606400,50,36.741214673059,127.121001357275,51.643564645201,0.0074,0.0066,306.870074,0.9428,8
633,546606450,50,36.741216762903,127.120997813868,51.639162669890,0.0074,0.0066,306.234778,0.9428,8
634,546606500,50,36.741218819287,127.120994221248,51.639395523816,0.0074,0.0066,305.420871,0.9428,8
635,546606550,50,36.741220865652,127.120990602406,51.643253314309,0.0074,0.0066,305.092558,0.9428,8
636,546606600,50,36.741222899141,127.120986974721,51.645879146643,0.0074,0.0066,304.857015,0.9428,8
637,546606650,50,36.741224952213,127.120983402300,51.639630314894,0.0076,0.0068,305.529905,0.9428,8
638,546606700,50,36.741226999510,127.120979817949,51.645548720844,0.0076,0.0068,305.363402,0.9428,8
639,546606750,50,36.741228946413,127.120976148880,51.644891545177,0.0076,0.0068,303.397561,0.9428,8
640,546606800,50,36.741231037058,127.120972492572,51.649079804309,0.0076,0.0068,305.392506,0.9428,8
641,546606850,50,36.741233002904,127.120968832208,51.641371445730,0.0076,0.0067,303.715803,0.9428,8
642,546606900,50,36.741235030297,127.120965191482,51.643879430369,0.0076,0.0067,304.680139,0.9428,8
643,546606950,50,36.741237001054,127.120961491885,51.647868646309,0.0076,0.0067,303.500112,0.9428,8
644,546607000,50,36.741238988933,127.120957832577,51.655418346636,0.0075,0.0067,303.500071,0.9428,8
645,546607050,50,36.741240933452,127.120954124442,51.651708509773,0.0076,0.0068,303.087136,0.9428,8
646,546607100,50,36.741242907963,127.120950401370,51.650567422621,0.0076,0.0067,303.383556,0.9428,8
647,546607150,50,36.741244863940,127.120946691820,51.653618560173,0.0076,0.0067,303.231263,0.9499,8
648,546607200,50,36.741246779496,127.120942968816,51.650332997553,0.0076,0.0067,302.590922,0.9499,8
649,546607250,50,36.741248757884,127.120939222208,51.652084409259,0.0076,0.0067,303.269427,0.9499,8
650,546607300,50,36.741250607848,127.120935409392,51.647852771915,0.0076,0.0068,301.084484,0.9499,8
651,546607350,50,36.741252590120,127.120931645960,51.656776128337,0.0077,0.0068,303.203257,0.9499,8
652,546607400,50,36.741254456793,127.120927832205,51.650781507604,0.0077,0.0068,301.306501,0.9499,8
653,546607450,50,36.741256342283,127.120924033544,51.655692519620,0.0077,0.0068,301.663649,0.9499,8
654,546607500,50,36.741258286906,127.120920239273,51.658893493935,0.0077,0.0068,302.489581,0.9499,8
655,546607550,50,36.741260169002,127.120916394773,51.647726579569,0.0076,0.0067,301.311572,0.9499,8
656,546607600,50,36.741262050353,127.120912567113,51.652371672913,0.0075,0.0067,301.311529,0.9499,8
657,546607650,50,36.741263986611,127.120908707694,51.655891431496,0.0075,0.0067,301.938217,0.9499,8
658,546607700,50,36.741265833419,127.120904846332,51.656156009063,0.0075,0.0067,300.721921,0.9499,8
659,546607750,50,36.741267713460,127.120900967336,51.646288030781,0.0075,0.0067,301.057093,0.9499,8
660,546607800,50,36.741269621561,127.120897085381,51.654803984798,0.0075,0.0067,301.414089,0.9499,8
661,546607850,50,36.741271541386,127.120893194485,51.659198939800,0.0077,0.0068,301.511660,0.9499,8
662,546607900,50,36.741273421886,127.120889282978,51.659766633064,0.0077,0.0068,300.852328,0.9499,8
663,546607950,50,36.741275341244,127.120885402225,51.666357907467,0.0077,0.0068,301.572125,0.9499,8
664,546608000,50,36.741277203293,127.120881491189,51.663403548300,0.0077,0.0068,300.607227,0.9499,8
665,546608050,50,36.741279085900,127.120877537046,51.664251497015,0.0078,0.0068,300.607684,0.9499,8
666,546608100,50,36.741280994047,127.120873607746,51.656946326606,0.0078,0.0068,301.106619,0.9499,8
667,546608150,50,36.741282817841,127.120869644724,51.654270080850,0.0078,0.0068,299.761559,0.9499,8
668,546608200,50,36.741284682973,127.120865685912,51.637803933583,0.0078,0.0068,300.344585,0.9499,8
669,546608250,50,36.741286647188,127.120861779683,51.651949672028,0.0078,0.0068,301.996931,0.9499,8
670,546608300,50,36.741288627432,127.120857827428,51.650673396885,0.0078,0.0068,301.904650,0.9499,8
671,546608350,50,36.741290492992,127.120853865679,51.651351852342,0.0078,0.0068,300.331810,0.9499,8
672,546608400,50,36.741292329692,127.120849865319,51.647204834037,0.0078,0.0068,299.704174,0.9499,8
673,546608450,50,36.741294262498,127.120845916023,51.642968174070,0.0078,0.0068,301.303776,0.9499,8
674,546608500,50,36.741296262110,127.120841976311,51.655536992475,0.0078,0.0068,302.237521,0.9499,8
675,546608550,50,36.741298202735,127.120837979873,51.653224094771,0.0077,0.0068,301.105009,0.9499,8
676,546608600,50,36.741300139847,127.120834045362,51.647450698540,0.0077,0.0068,301.104963,0.9499,8
677,546608650,50,36.741302116155,127.120830056616,51.649704564363,0.0077,0.0068,301.617938,0.9499,8
678,546608700,50,36.741304057303,127.120826092745,51.645377459936,0.0077,0.0068,301.319587,0.9499,8
679,546608750,50,36.741306025281,127.120822099812,51.653516022488,0.0077,0.0068,301.483238,0.9499,8
680,546608800,50,36.741307976587,127.120818143555,51.649976173416,0.0077,0.0068,301.501606,0.9499,8
681,546608850,50,36.741309970089,127.120814171823,51.652487498708,0.0077,0.0068,301.949826,0.9499,8
682,546608900,50,36.741311974405,127.120810208833,51.649816888385,0.0077,0.0068,302.146024,0.9499,8
683,546608950,50,36.741313969481,127.120806210980,51.643275135197,0.0077,0.0068,301.801679,0.9499,8
684,546609000,50,36.741316065371,127.120802297249,51.654837369919,0.0077,0.0068,303.639836,0.9499,8
685,546609050,50,36.741318151884,127.120798323441,51.644768621773,0.0076,0.0067,303.120810,0.9499,8
686,546609100,50,36.741320167099,127.120794380928,51.653198217042,0.0076,0.0067,302.420373,0.9499,8
687,546609150,50,36.741322244579,127.120790441259,51.661624002270,0.0076,0.0067,303.233378,0.9499,8
688,546609200,50,36.741324327834,127.120786519484,51.657451025210,0.0076,0.0067,303.426141,0.9499,8
689,546609250,50,36.741326421711,127.120782631226,51.647608690895,0.0076,0.0067,303.787170,0.9499,8
690,546609300,50,36.741328553935,127.120778732150,51.654695075937,0.0076,0.0067,304.195375,0.9499,8
691,546609350,50,36.741330711639,127.120774848401,51.651170230471,0.0076,0.0067,304.617882,0.9499,8
692,546609400,50,36.741332844367,127.120770966508,51.653711007908,0.0076,0.0067,304.319410,0.9499,8
693,546609450,50,36.741335004424,127.120767101026,51.645647858270,0.0076,0.0067,304.773544,0.9499,8
694,546609500,50,36.741337224918,127.120763267871,51.654471189715,0.0076,0.0067,305.745570,0.9499,8
695,546609550,50,36.741339418519,127.120759424692,51.649482011795,0.0075,0.0067,305.344569,0.9499,8
696,546609600,50,36.741341629507,127.120755574693,51.644366473891,0.0075,0.0067,305.510255,0.9499,8
697,546609650,50,36.741343842857,127.120751787535,51.665453004651,0.0075,0.0067,305.510208,0.9499,8
698,546609700,50,36.741346110670,127.120748014702,51.663596346974,0.0075,0.0067,306.754988,0.9499,8
699,546609750,50,36.741348366849,127.120744188957,51.654895824380,0.0075,0.0067,306.232579,0.9499,8
700,546609800,50,36.741350656500,127.120740456417,51.665851084515,0.0075,0.0067,307.314767,0.9499,8
701,546609850,50,36.741352944467,127.120736682848,51.657045086846,0.0075,0.0067,306.992968,0.9499,8
702,546609900,50,36.741355301655,127.120733004616,51.663392340764,0.0075,0.0067,308.529304,0.9499,8
703,546609950,50,36.741357572410,127.120729215737,51.658354108222,0.0075,0.0067,306.674065,0.9499,8
704,546610000,50,36.741359971435,127.120725543461,51.665644422173,0.0075,0.0067,309.066900,0.9499,8
705,546610050,50,36.741362278606,127.120721800321,51.656324867159,0.0075,0.0067,307.447089,0.9499,8
706,546610100,50,36.741364669005,127.120718078874,51.663147798739,0.0075,0.0067,308.593856,0.9499,8
707,546610150,50,36.741367055615,127.120714366483,51.660695669241,0.0075,0.0067,308.617602,0.9499,8
708,546610200,50,36.741369463496,127.120710733479,51.669638516381,0.0075,0.0067,309.472220,0.9499,8
709,546610250,50,36.741371892999,127.120707084405,51.664664356969,0.0075,0.0067,309.599538,0.9499,8
710,546610300,50,36.741374324387,127.120703430135,51.674746072851,0.0075,0.0067,309.581331,0.9499,8
711,546610350,50,36.741376795446,127.120699833948,51.667204143479,0.0075,0.0067,310.490127,0.9499,8
712,546610400,50,36.741379172466,127.120696152424,51.665726448409,0.0075,0.0067,308.738465,0.9499,8
713,546610450,50,36.741381618113,127.120692583567,51.648650670424,0.0075,0.0067,310.413518,0.9499,8
714,546610500,50,36.741384111468,127.120689023541,51.667810813524,0.0075,0.0067,311.030999,0.9499,8
715,546610550,50,36.741386679518,127.120685467316,51.668226948008,0.0076,0.0068,311.900532,0.9499,8
716,546610600,50,36.741389162461,127.120681937436,51.673991676420,0.0076,0.0068,311.153599,0.9499,8
717,546610650,50,36.741391672692,127.120678385906,51.667282846756,0.0076,0.0068,311.290352,0.9499,8
718,546610700,50,36.741394179262,127.120674816739,51.671886734664,0.0076,0.0068,311.108260,0.9499,8
719,546610750,50,36.741396724939,127.120671340471,51.675778878853,0.0075,0.0067,311.108214,0.9499,8
720,546610800,50,36.741399223695,127.120667799105,51.668900841847,0.0075,0.0067,311.241575,0.9499,8
721,546610850,50,36.741401828229,127.120664330342,51.672643797472,0.0075,0.0067,313.013547,0.9499,8
722,546610900,50,36.741404326713,127.120660841825,51.670541575179,0.0075,0.0067,311.665938,0.9499,8
723,546610950,50,36.741406897514,127.120657298874,51.672671484761,0.0075,0.0068,312.037547,0.9499,8
724,546611000,50,36.741409501970,127.120653849614,51.675602548756,0.0075,0.0068,313.173865,0.9499,8
725,546611050,50,36.741412085851,127.120650361341,51.677536349744,0.0075,0.0068,312.625925,0.9499,8
726,546611100,50,36.741414667121,127.120646884852,51.678238925524,0.0075,0.0068,312.693686,0.9499,8
727,546611150,50,36.741417225838,127.120643415271,51.675640531816,0.0075,0.0068,312.499968,0.9499,8
728,546611200,50,36.741419840099,127.120639935920,51.682560342364,0.0075,0.0068,313.032986,0.9499,8
729,546611250,50,36.741422437151,127.120636497801,51.682622125372,0.0075,0.0068,313.184982,0.9499,8
730,546611300,50,36.741425015294,127.120633042505,51.686585819349,0.0075,0.0068,312.833720,0.9499,8
731,546611350,50,36.741427625450,127.120629589403,51.681719041429,0.0075,0.0068,313.204564,0.9499,8
732,546611400,50,36.741430214405,127.120626157418,51.682496785186,0.0075,0.0068,313.146772,0.9499,8
733,546611450,50,36.741432828855,127.120622717314,51.685341804288,0.0075,0.0067,313.359413,0.9499,8
734,546611500,50,36.741435419758,127.120619244600,51.681048463099,0.0075,0.0067,312.831137,0.9499,8
735,546611550,50,36.741438045581,127.120615837726,51.688838614151,0.0075,0.0067,313.761321,0.9499,8
736,546611600,50,36.741440648912,127.120612399065,51.684222278185,0.0078,0.0069,313.249552,0.9499,8
737,546611650,50,36.741443287168,127.120608980464,51.694604172371,0.0078,0.0069,313.798182,0.9499,8
738,546611700,50,36.741445893563,127.120605536378,51.687524508685,0.0078,0.0069,313.238115,0.9499,8
739,546611750,50,36.741448492831,127.120602128904,51.686975292861,0.0077,0.0069,313.465458,0.9499,8
740,546611800,50,36.741451111422,127.120598674178,51.692086330615,0.0077,0.0068,313.283396,0.9499,8
741,546611850,50,36.741453735067,127.120595235665,51.691062446684,0.0077,0.0068,313.473092,0.9499,8
742,546611900,50,36.741456336087,127.120591752961,51.694034237415,0.0077,0.0068,312.860419,0.9499,8
743,546611950,50,36.741458960389,127.120588297583,51.696355791762,0.0077,0.0068,313.340320,0.9499,8
744,546612000,50,36.741461526400,127.120584824840,51.694145077839,0.0077,0.0068,312.555251,0.9499,8
745,546612050,50,36.741464106124,127.120581317836,51.700136492960,0.0078,0.0069,312.427188,0.9499,8
746,546612100,50,36.741466663743,127.120577883429,51.695222084410,0.0077,0.0068,312.427146,0.9499,8
747,546612150,50,36.741469225757,127.120574383004,51.704842466861,0.0077,0.0068,312.284208,0.9499,8
748,546612200,50,36.741471765040,127.120570884137,51.700878879055,0.0077,0.0068,312.042843,0.9499,8
749,546612250,50,36.741474349145,127.120567384257,51.700315423310,0.0077,0.0068,312.533620,0.9499,8
750,546612300,50,36.741476859749,127.120563852217,51.700311380439,0.0077,0.0068,311.450977,0.9499,8
751,546612350,50,36.741479450183,127.120560359306,51.699603891000,0.0077,0.0068,312.660346,0.9499,8
752,546612400,50,36.741481991243,127.120556832685,51.699429904111,0.0077,0.0068,311.837736,0.9499,8
753,546612450,50,36.741484533417,127.120553312963,51.701130526140,0.0077,0.0068,311.905981,0.9499,8
754,546612500,50,36.741487069083,127.120549758350,51.700522916391,0.0077,0.0068,311.552281,0.9499,8
755,546612550,50,36.741489576273,127.120546209702,51.703970923088,0.0076,0.0068,311.279000,0.9499,8
756,546612600,50,36.741492068220,127.120542629153,51.701919996180,0.0075,0.0067,311.278959,0.9499,8
757,546612650,50,36.741494578468,127.120539057580,51.706187882461,0.0075,0.0067,311.130734,0.9499,8
758,546612700,50,36.741497088979,127.120535481259,51.703849791549,0.0075,0.0067,311.096002,0.9499,8
759,546612750,50,36.741499548052,127.120531869313,51.705665268935,0.0075,0.0067,310.229035,0.9499,8
760,546612800,50,36.741502022452,127.120528261092,51.702173277736,0.0075,0.0067,310.433872,0.9499,8
761,546612850,50,36.741504476634,127.120524661648,51.706911819987,0.0075,0.0067,310.270762,0.9499,8
762,546612900,50,36.741506896610,127.120520984249,51.710277364589,0.0075,0.0067,309.271776,0.9499,8
763,546612950,50,36.741509310177,127.120517354286,51.704842525534,0.0075,0.0067,309.562157,0.9499,8
764,546613000,50,36.741511733800,127.120513650783,51.713432321325,0.0075,0.0067,309.115549,0.9499,8
765,546613050,50,36.741514111877,127.120509982900,51.698704287410,0.0074,0.0067,308.854797,0.9499,8
766,546613100,50,36.741516519442,127.120506256847,51.708824836649,0.0074,0.0067,308.759345,0.9499,8
767,546613150,50,36.741518901196,127.120502555185,51.708675074391,0.0074,0.0067,308.641617,0.9499,8
768,546613200,50,36.741521231024,127.120498805995,51.710033538751,0.0074,0.0067,307.673007,0.9499,8
769,546613250,50,36.741523613112,127.120495070590,51.708655814640,0.0074,0.0067,308.392211,0.9499,8
770,546613300,50,36.741525947159,127.120491332122,51.709091536701,0.0074,0.0067,307.802605,0.9499,8
771,546613350,50,36.741528237017,127.120487569750,51.712684364058,0.0074,0.0067,307.097690,0.9499,8
772,546613400,50,36.741530558079,127.120483762189,51.716570305638,0.0074,0.0067,307.141686,0.9499,8
773,546613450,50,36.741532874495,127.120480008981,51.704970394261,0.0075,0.0067,307.483480,0.9499,8
774,546613500,50,36.741535174336,127.120476169298,51.709611197934,0.0074,0.0067,306.657908,0.9499,8
775,546613550,50,36.741537443761,127.120472369685,51.708620537072,0.0074,0.0067,306.580477,0.9499,8
776,546613600,50,36.741539732823,127.120468562664,51.712906864472,0.0073,0.0066,306.580435,0.9499,8
777,546613650,50,36.741541971956,127.120464715794,51.714953753166,0.0073,0.0066,305.875765,0.9499,8
778,546613700,50,36.741544247047,127.120460905372,51.720966786146,0.0073,0.0066,306.570915,0.9499,8
779,546613750,50,36.741546493281,127.120457061266,51.717031658627,0.0073,0.0066,305.981538,0.9499,8
780,546613800,50,36.741548766036,127.120453189887,51.711681579240,0.0073,0.0066,306.108790,0.9499,8
781,546613850,50,36.741550992444,127.120449371710,51.717533429153,0.0073,0.0066,305.924433,0.9499,8
782,546613900,50,36.741553239042,127.120445512163,51.722229840234,0.0073,0.0066,305.876816,0.9499,8
783,546613950,50,36.741555509762,127.120441662965,51.716490928084,0.0073,0.0066,306.241206,0.9499,8
784,546614000,50,36.741557735871,127.120437804928,51.719469733536,0.0073,0.0066,305.638526,0.9499,8
785,546614050,50,36.741559950565,127.120433932947,51.720430583693,0.0073,0.0066,305.401518,0.9499,8
786,546614100,50,36.741562172246,127.120430063389,51.713529137895,0.0073,0.0066,305.503732,0.9499,8
787,546614150,50,36.741564337369,127.120426147504,51.722802432254,0.0073,0.0066,304.489257,0.9499,8
788,546614200,50,36.741566516106,127.120422246578,51.724693277851,0.0073,0.0066,304.759739,0.9499,8
789,546614250,50,36.741568745603,127.120418335644,51.727160853334,0.0073,0.0066,305.310987,0.9499,8
790,546614300,50,36.741570950188,127.120414439086,51.731702695601,0.0073,0.0066,305.107086,0.9499,8
791,546614350,50,36.741573175322,127.120410558575,51.724585513584,0.0073,0.0066,305.469256,0.9499,8
792,546614400,50,36.741575411226,127.120406703584,51.727453075349,0.0073,0.0067,305.779232,0.9499,8
793,546614450,50,36.741577635478,127.120402793306,51.715630603954,0.0073,0.0067,305.251900,0.9499,8
794,546614500,50,36.741579833473,127.120398863454,51.727053708397,0.0073,0.0067,304.797654,0.9499,8
795,546614550,50,36.741582002937,127.120394965892,51.723198798485,0.0074,0.0067,304.668496,0.9499,8
796,546614600,50,36.741584221748,127.120391029180,51.730812986381,0.0074,0.0067,305.004210,0.9499,8
797,546614650,50,36.741586474397,127.120387192373,51.722561069764,0.0074,0.0067,306.111135,0.9499,8
798,546614700,50,36.741588672948,127.120383271132,51.735058235005,0.0076,0.0068,306.111089,0.9499,8
799,546614750,50,36.741590853512,127.120379376739,51.730748898350,0.0076,0.0068,304.827242,0.9499,8
800,546614800,50,36.741593079055,127.120375449121,51.732469994575,0.0076,0.0068,305.148116,0.9499,8
801,546614850,50,36.741595291425,127.120371539387,51.734740548767,0.0076,0.0068,305.111105,0.9499,8
802,546614900,50,36.741597518341,127.120367655417,51.735205342062,0.0076,0.0068,305.466789,0.9499,8
803,546614950,50,36.741599805192,127.120363814591,51.732264135964,0.0082,0.0071,306.494445,0.9499,8
804,546615000,50,36.741602076845,127.120359967799,51.731379939243,0.0082,0.0071,306.269531,1.0679,7
805,546615050,50,36.741604255846,127.120356117002,51.724423143081,0.0082,0.0071,305.110890,1.0679,7
806,546615100,50,36.741606532504,127.120352275179,51.729719485156,0.0082,0.0071,306.365065,0.9509,8
807,546615150,50,36.741608797839,127.120348386819,51.732890625484,0.0082,0.0071,305.900464,0.9509,8
808,546615200,50,36.741611078487,127.120344552265,51.734939693473,0.0082,0.0071,306.464838,0.9509,8
809,546615250,50,36.741613348587,127.120340717866,51.734375108033,0.0082,0.0071,306.339069,0.9509,8
