0,546482250,50,36.742045868891,127.119268217409,51.806333213113,0.0076,0.0066,351.677644,0.9342,8
1,546482300,50,36.742045832780,127.119268206190,51.801089162007,0.0076,0.0066,194.037483,0.9342,8
2,546482350,50,36.742045873878,127.119268228865,51.805632109754,0.0076,0.0066,23.942024,0.9342,8
3,546482400,50,36.742045867291,127.119268223157,51.804579632357,0.0076,0.0066,214.889290,0.9342,8
4,546482450,50,36.742045862812,127.119268219430,51.808565738611,0.0076,0.0066,213.810512,0.9342,8
5,546482500,50,36.742045846893,127.119268215580,51.801422233693,0.0076,0.0066,191.013417,0.9342,8
6,546482550,50,36.742045842419,127.119268225690,51.804479307495,0.0076,0.0066,118.803372,0.9342,8
7,546482600,50,36.742045850410,127.119268223294,51.801927382126,0.0075,0.0066,118.803372,0.9342,8
8,546482650,50,36.742045870609,127.119268231870,51.806959249079,0.0075,0.0066,18.865430,0.9342,8
9,546482700,50,36.742045845621,127.119268220009,51.802478061058,0.0075,0.0066,200.907238,0.9342,8
10,546482750,50,36.742045849824,127.119268212904,51.801286138594,0.0075,0.0066,306.317807,0.9342,8
11,546482800,50,36.742045841993,127.119268204501,51.805043403059,0.0075,0.0066,220.815084,0.9342,8
12,546482850,50,36.742045835678,127.119268217382,51.803462347016,0.0075,0.0066,121.350051,0.9342,8
13,546482900,50,36.742045850467,127.119268232652,51.801597318612,0.0075,0.0066,39.724153,0.9342,8
14,546482950,50,36.742045846333,127.119268231515,51.801457303576,0.0075,0.0066,192.480112,0.9342,8
15,546483000,50,36.742045837602,127.119268230346,51.798250985332,0.0075,0.0066,186.148356,0.9342,8
16,546483050,50,36.742045842279,127.119268220788,51.800373534672,0.0075,0.0066,301.300884,0.9342,8
17,546483100,50,36.742045838470,127.119268217291,51.804141147994,0.0075,0.0066,216.460779,0.9342,8
18,546483150,50,36.742045823605,127.119268219200,51.803813340142,0.0075,0.0066,174.099484,0.9342,8
19,546483200,50,36.742045847302,127.119268223425,51.802502355538,0.0076,0.0066,8.165176,0.9342,8
20,546483250,50,36.742045841355,127.119268215308,51.807056854479,0.0076,0.0066,227.684175,0.9342,8
21,546483300,50,36.742045842268,127.119268219927,51.805226365104,0.0076,0.0066,76.190963,0.9342,8
22,546483350,50,36.742045827875,127.119268221655,51.804109825753,0.0076,0.0066,174.481637,0.9342,8
23,546483400,50,36.742045840799,127.119268222864,51.805483882315,0.0076,0.0066,4.304911,0.9342,8
24,546483450,50,36.742045834789,127.119268234048,51.800339047797,0.0076,0.0066,123.730809,0.9342,8
25,546483500,50,36.742045836489,127.119268226930,51.804099085741,0.0076,0.0066,286.520865,0.9342,8
26,546483550,50,36.742045839370,127.119268231600,51.803061644547,0.0076,0.0066,52.531696,0.9342,8
27,546483600,50,36.742045841936,127.119268246755,51.805727675557,0.0076,0.0066,78.116023,0.9342,8
28,546483650,50,36.742045824484,127.119268242110,51.804757583886,0.0076,0.0066,192.090121,0.9342,8
29,546483700,50,36.742045838176,127.119268229211,51.803955120035,0.0076,0.0066,322.830788,0.9342,8
30,546483750,50,36.742045832374,127.119268228292,51.799594061449,0.0076,0.0066,187.270039,0.9342,8
31,546483800,50,36.742045835014,127.119268253463,51.797363226302,0.0075,0.0066,187.270035,0.9342,8
32,546483850,50,36.742045848194,127.119268265197,51.803519494832,0.0075,0.0066,35.620740,0.9342,8
33,546483900,50,36.742045840719,127.119268244058,51.798978591338,0.0075,0.0066,246.281045,0.9342,8
34,546483950,50,36.742045836912,127.119268224516,51.802813964896,0.0075,0.0066,256.394612,0.9342,8
35,546484000,50,36.742045836490,127.119268243159,51.798872468993,0.0075,0.0066,91.611507,0.9342,8
36,546484050,50,36.742045827904,127.119268249860,51.800107673742,0.0075,0.0067,147.866900,0.9342,8
37,546484100,50,36.742045839413,127.119268250991,51.801191730425,0.0075,0.0067,4.522722,0.9342,8
38,546484150,50,36.742045846388,127.119268244178,51.803286885843,0.0075,0.0067,321.827529,0.9342,8
39,546484200,50,36.742045856173,127.119268246332,51.800572380424,0.0075,0.0067,10.047564,0.9342,8
40,546484250,50,36.742045835092,127.119268242671,51.801961741410,0.0075,0.0067,187.956078,0.9342,8
41,546484300,50,36.742045838332,127.119268254074,51.799741068855,0.0075,0.0067,70.555560,0.9342,8
42,546484350,50,36.742045840995,127.119268238524,51.803045000881,0.0076,0.0067,282.012303,0.9342,8
43,546484400,50,36.742045849808,127.119268263855,51.803177983500,0.0076,0.0067,66.620146,0.9342,8
44,546484450,50,36.742045847969,127.119268249712,51.800904318690,0.0076,0.0067,260.822548,0.9342,8
45,546484500,50,36.742045850393,127.119268254713,51.801958988421,0.0076,0.0067,58.947223,0.9342,8
46,546484550,50,36.742045836476,127.119268252810,51.804364114068,0.0076,0.0067,186.282197,0.9342,8
47,546484600,50,36.742045853285,127.119268255295,51.800887566991,0.0076,0.0067,6.786980,0.9342,8
48,546484650,50,36.742045849826,127.119268253317,51.801492674276,0.0075,0.0067,6.786979,0.9342,8
49,546484700,50,36.742045848328,127.119268220440,51.797313295305,0.0075,0.0067,266.760248,0.9342,8
50,546484750,50,36.742045852019,127.119268244825,51.798729064874,0.0075,0.0067,79.348475,0.9342,8
51,546484800,50,36.742045866755,127.119268252563,51.800850533880,0.0075,0.0067,22.910758,0.9342,8
52,546484850,50,36.742045851754,127.119268248751,51.799963835627,0.0075,0.0067,191.558109,0.9342,8
53,546484900,50,36.742045841765,127.119268240135,51.801156660542,0.0075,0.0067,214.769070,0.9342,8
54,546484950,50,36.742045848972,127.119268231567,51.801181247458,0.0075,0.0067,316.264669,0.9342,8
55,546485000,50,36.742045839723,127.119268228274,51.796513640322,0.0075,0.0067,195.986356,0.9342,8
56,546485050,50,36.742045855423,127.119268247136,51.800247929990,0.0075,0.0067,44.035404,0.9342,8
57,546485100,50,36.742045856403,127.119268238202,51.800937488675,0.0075,0.0067,277.762540,0.9342,8
58,546485150,50,36.742045848959,127.119268230589,51.801346809603,0.0075,0.0067,219.457186,0.9342,8
59,546485200,50,36.742045854421,127.119268222493,51.799703426659,0.0075,0.0067,309.970436,0.9342,8
60,546485250,50,36.742045848659,127.119268235580,51.803405546583,0.0075,0.0067,118.682708,0.9342,8
61,546485300,50,36.742045854943,127.119268237404,51.798796721734,0.0075,0.0067,13.153482,0.9342,8
62,546485350,50,36.742045851431,127.119268245503,51.800995747559,0.0075,0.0067,118.321986,0.9342,8
63,546485400,50,36.742045851896,127.119268252129,51.802072044462,0.0076,0.0067,85.016261,0.9342,8
64,546485450,50,36.742045825318,127.119268288014,51.794516085647,0.0076,0.0067,132.622353,0.9342,8
65,546485500,50,36.742045816785,127.119268326262,51.803642031737,0.0076,0.0067,105.492399,0.9342,8
66,546485550,50,36.742045798214,127.119268376035,51.805053148419,0.0076,0.0067,114.872998,0.9342,8
67,546485600,50,36.742045767675,127.119268414361,51.800065141171,0.0076,0.0067,134.714572,0.9342,8
68,546485650,50,36.742045741029,127.119268488579,51.801329632290,0.0076,0.0067,114.041825,0.9342,8
69,546485700,50,36.742045722567,127.119268564585,51.804581103846,0.0076,0.0067,106.794447,0.9342,8
70,546485750,50,36.742045702888,127.119268665025,51.802748041227,0.0076,0.0067,103.682832,0.9342,8
71,546485800,50,36.742045674695,127.119268736175,51.800265464000,0.0075,0.0066,103.682832,0.9342,8
72,546485850,50,36.742045618956,127.119268854271,51.796059162356,0.0075,0.0066,120.389628,0.9342,8
73,546485900,50,36.742045573969,127.119268973322,51.799215354025,0.0075,0.0066,115.151682,0.9342,8
74,546485950,50,36.742045525719,127.119269097554,51.795025986619,0.0075,0.0066,115.761295,0.9342,8
75,546486000,50,36.742045466997,127.119269254230,51.794990851544,0.0075,0.0066,114.971285,0.9342,8
76,546486050,50,36.742045392150,127.119269427983,51.801689494401,0.0075,0.0066,118.157605,0.9342,8
77,546486100,50,36.742045323559,127.119269604913,51.799445056356,0.0075,0.0066,115.720028,0.9359,8
78,546486150,50,36.742045242429,127.119269820359,51.796200850047,0.0075,0.0066,115.074909,0.9359,8
79,546486200,50,36.742045131728,127.119270042928,51.805609256960,0.0075,0.0067,121.716512,0.9359,8
80,546486250,50,36.742045037080,127.119270311300,51.799631145783,0.0075,0.0067,113.663564,0.9359,8
81,546486300,50,36.742044899071,127.119270610470,51.801983613521,0.0076,0.0067,119.820873,0.9359,8
82,546486350,50,36.742044767700,127.119270937694,51.801857221872,0.0076,0.0067,116.512071,0.9359,8
83,546486400,50,36.742044655004,127.119271246087,51.804664649069,0.0076,0.0067,114.420796,0.9359,8
84,546486450,50,36.742044507605,127.119271606083,51.807754165493,0.0076,0.0067,116.964794,0.9359,8
85,546486500,50,36.742044366070,127.119271965522,51.807344883680,0.0076,0.0067,116.071167,0.9359,8
86,546486550,50,36.742044187408,127.119272394093,51.801438296214,0.0076,0.0067,117.383643,0.9359,8
87,546486600,50,36.742044011948,127.119272834472,51.801642373204,0.0076,0.0067,116.338252,0.9359,8
88,546486650,50,36.742043844137,127.119273312127,51.803748415783,0.0076,0.0067,113.582839,0.9359,8
89,546486700,50,36.742043660181,127.119273823014,51.806642398238,0.0076,0.0067,114.103818,0.9359,8
90,546486750,50,36.742043472974,127.119274354280,51.795084670186,0.0076,0.0067,113.645946,0.9359,8
91,546486800,50,36.742043250433,127.119274892125,51.791935247369,0.0076,0.0068,117.208468,0.9359,8
92,546486850,50,36.742043022093,127.119275476480,51.794146857224,0.0076,0.0068,115.897850,0.9359,8
93,546486900,50,36.742042789194,127.119276107639,51.796309831552,0.0076,0.0067,114.631450,0.9359,8
94,546486950,50,36.742042497276,127.119276741664,51.808386479504,0.0077,0.0067,119.773389,0.9359,8
95,546487000,50,36.742042215072,127.119277403208,51.803795345128,0.0075,0.0067,119.773389,0.9359,8
96,546487050,50,36.742041966110,127.119278151487,51.807834777050,0.0075,0.0067,112.460572,0.9359,8
97,546487100,50,36.742041698156,127.119278926423,51.804075116292,0.0075,0.0067,113.250263,0.9359,8
98,546487150,50,36.742041398971,127.119279684811,51.806297561154,0.0075,0.0067,116.113300,0.9359,8
99,546487200,50,36.742041034238,127.119280479217,51.802991853096,0.0075,0.0067,119.703971,0.9359,8
100,546487250,50,36.742040682284,127.119281332505,51.805406277068,0.0076,0.0067,117.135453,0.9359,8
101,546487300,50,36.742040368373,127.119282188636,51.798675597645,0.0076,0.0067,114.493553,0.9359,8
102,546487350,50,36.742039992605,127.119283134748,51.811899629422,0.0076,0.0067,116.266332,0.9359,8
103,546487400,50,36.742039592148,127.119284101994,51.810796660371,0.0076,0.0067,117.222746,0.9359,8
104,546487450,50,36.742039242284,127.119285085455,51.803508682176,0.0076,0.0067,113.846886,0.9359,8
105,546487500,50,36.742038851858,127.119286120812,51.800895480439,0.0076,0.0067,115.105541,0.9359,8
106,546487550,50,36.742038402415,127.119287151282,51.797430963255,0.0076,0.0067,118.454847,0.9359,8
107,546487600,50,36.742037980210,127.119288255617,51.805744163692,0.0075,0.0067,118.454852,0.9359,8
108,546487650,50,36.742037537534,127.119289390681,51.806286622770,0.0075,0.0067,115.854394,0.9359,8
109,546487700,50,36.742037105692,127.119290540716,51.810285281390,0.0075,0.0067,115.012659,0.9359,8
110,546487750,50,36.742036605223,127.119291736305,51.805766075850,0.0075,0.0067,117.479860,0.9359,8
111,546487800,50,36.742036168528,127.119292965679,51.802394617349,0.0075,0.0067,113.815278,0.9359,8
112,546487850,50,36.742035630736,127.119294178455,51.810060209595,0.0075,0.0067,118.854290,0.9359,8
113,546487900,50,36.742035123039,127.119295461059,51.807817277499,0.0075,0.0068,116.189637,0.9359,8
114,546487950,50,36.742034621125,127.119296802655,51.816884977743,0.0076,0.0068,114.931573,0.9359,8
115,546488000,50,36.742034110555,127.119298159619,51.809956688434,0.0076,0.0068,115.056830,0.9359,8
116,546488050,50,36.742033550083,127.119299501009,51.792729234323,0.0076,0.0068,117.436889,0.9359,8
117,546488100,50,36.742032963222,127.119300875995,51.816165983677,0.0076,0.0068,117.938368,0.9359,8
118,546488150,50,36.742032418695,127.119302313532,51.818069967441,0.0076,0.0068,115.204597,0.9359,8
119,546488200,50,36.742031866695,127.119303790009,51.825027942657,0.0076,0.0068,114.916655,0.9359,8
120,546488250,50,36.742031232075,127.119305262165,51.814138354734,0.0076,0.0068,118.175076,0.9359,8
121,546488300,50,36.742030650923,127.119306731354,51.810616937466,0.0076,0.0068,116.174009,0.9359,8
122,546488400,50,36.742029440264,127.119309846822,51.824971966445,0.0076,0.0068,115.263057,0.9359,8
123,546488400,50,36.742029440264,127.119309846822,51.824971966445,0.0076,0.0068,115.263057,0.9359,8
124,546488450,50,36.742028757226,127.119311371394,51.828895055689,0.0077,0.0068,119.103830,0.9359,8
125,546488500,50,36.742028144588,127.119312987889,51.829074994661,0.0077,0.0068,115.216266,0.9359,8
126,546488550,50,36.742027472599,127.119314601885,51.828877708875,0.0077,0.0068,117.353912,0.9359,8
127,546488600,50,36.742026848468,127.119316220560,51.837647899985,0.0077,0.0068,115.599034,0.9359,8
128,546488650,50,36.742026207603,127.119317879409,51.809876429848,0.0076,0.0068,115.599046,0.9359,8
129,546488700,50,36.742025542076,127.119319601436,51.811057235114,0.0076,0.0068,115.650972,0.9359,8
130,546488750,50,36.742024826169,127.119321287053,51.826091842726,0.0082,0.0069,117.821679,0.9359,8
131,546488800,50,36.742024167928,127.119323023540,51.820454255678,0.0083,0.0069,115.220514,0.9359,8
132,546488850,50,36.742023482881,127.119324765595,51.819487006404,0.0094,0.0073,116.040859,0.9359,8
133,546488900,50,36.742022791087,127.119326541963,51.811867527664,0.0095,0.0074,115.822197,0.9359,8
134,546488950,50,36.742022071907,127.119328293675,51.806892596185,0.0095,0.0075,117.027673,0.9359,8
135,546489000,50,36.742021380915,127.119330160420,51.815857229754,0.0095,0.0074,114.699360,0.9359,8
136,546489050,50,36.742020618293,127.119331963093,51.808199878782,0.0095,0.0074,117.728939,0.9359,8
137,546489100,50,36.742019910762,127.119333783309,51.802387432195,0.0096,0.0074,115.779726,1.0552,7
138,546489150,50,36.742019174273,127.119335692077,51.799834673293,0.0100,0.0080,115.614290,1.0552,7
139,546489200,50,36.742018416461,127.119337556466,51.809927058406,0.0100,0.0080,116.796030,1.0552,7
140,546489250,50,36.742017622008,127.119339395110,51.805931216106,0.0100,0.0080,118.230589,1.0552,7
141,546489300,50,36.742016889889,127.119341342099,51.802178626880,0.0101,0.0080,115.043213,1.0552,7
142,546489350,50,36.742016119235,127.119343299781,51.800384468399,0.0101,0.0080,116.064714,1.0552,7
143,546489400,50,36.742015384568,127.119345225575,51.803020533174,0.0101,0.0080,115.361547,1.0552,7
144,546489450,50,36.742014520042,127.119347145126,51.792346955277,0.0101,0.0081,119.231899,1.0552,7
145,546489500,50,36.742013747553,127.119349095871,51.805835503154,0.0101,0.0081,116.199039,1.0552,7
146,546489550,50,36.742012999853,127.119351072627,51.805046208203,0.0101,0.0080,115.172751,1.0552,7
147,546489600,50,36.742012163744,127.119353029978,51.814721626230,0.0101,0.0080,117.957852,1.0552,7
148,546489650,50,36.742011373122,127.119355002874,51.811983757652,0.0098,0.0080,117.957870,1.0552,7
149,546489700,50,36.742010584276,127.119357025153,51.800566039979,0.0098,0.0080,115.858800,1.0552,7
150,546489750,50,36.742009805760,127.119359042587,51.804885849357,0.0098,0.0080,115.617131,1.0552,7
151,546489800,50,36.742008951271,127.119361043737,51.797885237262,0.0098,0.0080,117.948700,1.0552,7
152,546489850,50,36.742008155517,127.119363095778,51.803255977109,0.0098,0.0080,115.726585,1.0552,7
153,546489900,50,36.742007294577,127.119365086254,51.801317802630,0.0099,0.0080,118.255075,1.0552,7
154,546489950,50,36.742006462089,127.119367204374,51.796658146195,0.0099,0.0080,116.028829,1.0552,7
155,546490000,50,36.742005626060,127.119369274998,51.800180763938,0.0099,0.0080,116.642117,1.0552,7
156,546490050,50,36.742004815217,127.119371362616,51.800192547031,0.0099,0.0080,115.762317,1.0552,7
157,546490100,50,36.742003942065,127.119373471039,51.789913495071,0.0099,0.0080,117.228815,1.0552,7
158,546490150,50,36.742003052521,127.119375556891,51.806608567946,0.0099,0.0080,117.919027,1.0552,7
159,546490200,50,36.742002197886,127.119377748701,51.801222619601,0.0099,0.0080,115.849810,0.9364,8
160,546490250,50,36.742001322131,127.119379904495,51.803285316564,0.0099,0.0080,116.782790,0.9364,8
161,546490300,50,36.742000425897,127.119382133643,51.799247241579,0.0099,0.0081,116.545054,0.9364,8
162,546490350,50,36.741999532015,127.119384305645,51.804909316823,0.0099,0.0081,117.083469,0.9364,8
163,546490400,50,36.741998627300,127.119386561336,51.802456743084,0.0100,0.0081,116.489710,0.9364,8
164,546490450,50,36.741997683796,127.119388821937,51.802158886567,0.0100,0.0081,117.411034,0.9364,8
165,546490500,50,36.741996772670,127.119391109053,51.793409070931,0.0100,0.0081,116.335067,0.9364,8
166,546490550,50,36.741995800328,127.119393375127,51.804704043083,0.0100,0.0081,118.064535,0.9364,8
167,546490600,50,36.741994849683,127.119395741198,51.798933553509,0.0100,0.0081,116.529670,0.9364,8
168,546490650,50,36.741993885502,127.119398119120,51.801518630236,0.0100,0.0081,116.739541,0.9364,8
169,546490700,50,36.741992935812,127.119400498065,51.795139729977,0.0100,0.0081,116.382693,0.9364,8
170,546490750,50,36.741991927819,127.119402895875,51.787097906694,0.0090,0.0080,116.382716,0.9364,8
171,546490800,50,36.741990918624,127.119405304732,51.788553521968,0.0090,0.0080,117.499781,0.9364,8
172,546490850,50,36.741989903488,127.119407798674,51.785969665274,0.0090,0.0080,116.828593,0.9364,8
173,546490900,50,36.741988824144,127.119410296678,51.780975363217,0.0090,0.0080,118.230366,0.9364,8
174,546490950,50,36.741987813242,127.119412841055,51.789557082579,0.0090,0.0080,116.274131,0.9364,8
175,546491000,50,36.741986782464,127.119415401367,51.786982156336,0.0090,0.0080,116.576198,0.9364,8
176,546491050,50,36.741985714844,127.119417976730,51.783355461434,0.0090,0.0080,117.252735,0.9364,8
177,546491100,50,36.741984635850,127.119420598090,51.788912967779,0.0090,0.0081,117.087341,0.9364,8
178,546491150,50,36.741983580899,127.119423241076,51.784063853323,0.0090,0.0081,116.379532,0.9364,8
179,546491200,50,36.741982456853,127.119425926736,51.787475123070,0.0090,0.0081,117.476499,0.9364,8
180,546491250,50,36.741981369015,127.119428598366,51.780529361218,0.0090,0.0081,116.836544,0.9364,8
181,546491300,50,36.741980236782,127.119431307309,51.787687217817,0.0090,0.0081,117.444249,0.9364,8
182,546491350,50,36.741979106197,127.119434035444,51.791231838986,0.0090,0.0081,117.245169,0.9364,8
183,546491400,50,36.741977917204,127.119436786134,51.795154877938,0.0090,0.0081,118.239750,0.9364,8
184,546491450,50,36.741976789808,127.119439642599,51.785239951685,0.0090,0.0081,116.123609,0.9364,8
185,546491500,50,36.741975602600,127.119442404069,51.794226652943,0.0090,0.0081,118.110640,0.9364,8
186,546491550,50,36.741974422651,127.119445239248,51.795851805247,0.0091,0.0081,117.344357,0.9364,8
187,546491600,50,36.741973239879,127.119448127977,51.790921803564,0.0091,0.0081,116.964626,0.9364,8
188,546491650,50,36.741972039007,127.119451044220,51.794302828610,0.0091,0.0081,117.096984,0.9364,8
189,546491700,50,36.741970823595,127.119453921124,51.785835536197,0.0091,0.0081,117.696587,0.9364,8
190,546491750,50,36.741969570950,127.119456904606,51.778582802042,0.0091,0.0081,117.550610,0.9364,8
191,546491800,50,36.741968347609,127.119459828208,51.792136674747,0.0091,0.0081,117.470873,0.9364,8
192,546491850,50,36.741967086593,127.119462901128,51.782383342274,0.0091,0.0081,117.016616,0.9364,8
193,546491900,50,36.741965832392,127.119465891320,51.784076313488,0.0091,0.0082,117.526987,0.9364,8
194,546491950,50,36.741964527430,127.119468873786,51.781370440498,0.0091,0.0082,118.531333,0.9364,8
195,546492000,50,36.741963254845,127.119471941385,51.792715508491,0.0091,0.0082,117.269348,0.9364,8
196,546492050,50,36.741961979374,127.119475089564,51.792172590271,0.0091,0.0082,116.720979,0.9364,8
197,546492100,50,36.741960641342,127.119478145416,51.789654550143,0.0091,0.0082,118.548600,0.9364,8
198,546492150,50,36.741959317482,127.119481276643,51.781984215602,0.0091,0.0082,117.714451,0.9364,8
199,546492200,50,36.741957980610,127.119484452067,51.784818268381,0.0089,0.0079,117.714479,0.9364,8
200,546492250,50,36.741956624442,127.119487640408,51.787742256187,0.0089,0.0079,117.857103,0.9364,8
201,546492300,50,36.741955272442,127.119490862869,51.788613354787,0.0089,0.0079,117.533553,0.9364,8
202,546492350,50,36.741953885600,127.119494002272,51.787212026305,0.0089,0.0079,118.762079,0.9364,8
203,546492400,50,36.741952523460,127.119497322410,51.780760911293,0.0089,0.0079,117.011098,0.9364,8
204,546492450,50,36.741951110539,127.119500547646,51.787582481280,0.0089,0.0079,118.560894,0.9364,8
205,546492500,50,36.741949704082,127.119503891582,51.787804488093,0.0089,0.0079,117.591951,0.9364,8
206,546492550,50,36.741948302871,127.119507240130,51.780664820224,0.0089,0.0079,117.471813,0.9364,8
207,546492600,50,36.741946898397,127.119510580307,51.777693914250,0.0090,0.0079,117.585209,0.9364,8
208,546492650,50,36.741945425216,127.119513961749,51.783114334568,0.0090,0.0079,118.428017,0.9364,8
209,546492750,50,36.741942516246,127.119520794125,51.779206879437,0.0087,0.0074,118.694903,0.9364,8
210,546492750,50,36.741942516246,127.119520794125,51.779206879437,0.0087,0.0074,118.694903,0.9364,8
211,546492800,50,36.741941062212,127.119524268091,51.776731172577,0.0087,0.0074,117.477342,0.9364,8
212,546492850,50,36.741939552139,127.119527737526,51.783693461679,0.0087,0.0074,118.405109,0.9364,8
213,546492950,50,36.741936512486,127.119534760979,51.770158213563,0.0087,0.0073,118.251515,0.9364,8
214,546492950,50,36.741936512486,127.119534760979,51.770158213563,0.0087,0.0073,118.251515,0.9364,8
215,546493000,50,36.741935020604,127.119538315375,51.765888187103,0.0087,0.0073,117.543253,0.9364,8
216,546493050,50,36.741933476899,127.119541884610,51.765612169169,0.0087,0.0073,118.253557,0.9364,8
217,546493100,50,36.741931957759,127.119545504236,51.762689785101,0.0087,0.0073,117.541382,0.9364,8
218,546493150,50,36.741930391855,127.119549085373,51.763556400314,0.0087,0.0073,118.515928,0.9364,8
219,546493200,50,36.741928829049,127.119552726947,51.751977264881,0.0087,0.0073,118.068384,0.9364,8
220,546493250,50,36.741927260106,127.119556450933,51.762646644376,0.0087,0.0073,117.631546,0.9364,8
221,546493300,50,36.741925648507,127.119560108435,51.750587004237,0.0087,0.0073,118.700479,0.9364,8
222,546493350,50,36.741924041843,127.119563819491,51.750853515230,0.0087,0.0073,118.277677,0.9364,8
223,546493400,50,36.741922419095,127.119567537485,51.752522833645,0.0087,0.0073,118.471554,0.9364,8
224,546493450,50,36.741920805399,127.119571323395,51.747390845791,0.0087,0.0073,117.906310,0.9364,8
225,546493500,50,36.741919169786,127.119575090489,51.751459260471,0.0088,0.0073,118.346318,0.9364,8
226,546493550,50,36.741917488270,127.119578884545,51.741579697467,0.0088,0.0073,118.841013,0.9364,8
227,546493600,50,36.741915845903,127.119582741773,51.755353228189,0.0088,0.0073,117.881391,0.9364,8
228,546493650,50,36.741914159163,127.119586552949,51.752059740014,0.0088,0.0073,118.807111,0.9364,8
229,546493700,50,36.741912481467,127.119590425786,51.746332632378,0.0086,0.0072,118.807150,0.9364,8
230,546493750,50,36.741910802849,127.119594295498,51.747028093785,0.0086,0.0072,118.324258,0.9364,8
231,546493800,50,36.741909122276,127.119598196779,51.750817802735,0.0087,0.0072,118.158001,0.9364,8
232,546493850,50,36.741907411685,127.119602107775,51.744326182641,0.0087,0.0072,118.522260,0.9364,8
233,546493900,50,36.741905685522,127.119605965506,51.736700839363,0.0087,0.0072,119.073115,0.9364,8
234,546493950,50,36.741903972909,127.119609889736,51.751443610527,0.0087,0.0072,118.469485,0.9364,8
235,546494000,50,36.741902255317,127.119613847529,51.753174213693,0.0087,0.0072,118.334922,0.9364,8
236,546494050,50,36.741900502225,127.119617764877,51.748546517454,0.0087,0.0072,119.076620,0.9364,8
237,546494100,50,36.741897030991,127.119625646645,51.755296397023,0.0087,0.0072,118.794967,0.9364,8
238,546494150,50,36.741897030991,127.119625646645,51.755296397023,0.0087,0.0072,118.582685,0.9364,8
239,546494200,50,36.741895287441,127.119629624187,51.750464932993,0.0087,0.0072,118.575475,0.9364,8
240,546494250,50,36.741893479060,127.119633623013,51.741481766105,0.0087,0.0072,119.331962,0.9364,8
241,546494300,50,36.741891702029,127.119637550393,51.754644598812,0.0087,0.0072,119.345191,0.9364,8
242,546494350,50,36.741889950044,127.119641575752,51.752004598267,0.0088,0.0072,118.404329,0.9364,8
243,546494400,50,36.741888165157,127.119645622886,51.753467677161,0.0088,0.0072,118.722193,0.9364,8
244,546494450,50,36.741886364218,127.119649670368,51.755343179218,0.0088,0.0072,118.936805,0.9364,8
245,546494500,50,36.741884586705,127.119653760695,51.758256570436,0.0088,0.0072,118.367294,0.9364,8
246,546494550,50,36.741882732205,127.119657759194,51.758947161026,0.0088,0.0072,119.954199,0.9364,8
247,546494600,50,36.741880921395,127.119661805212,51.749868984334,0.0088,0.0072,119.078398,0.9364,8
248,546494650,50,36.741879139779,127.119665895138,51.760949257761,0.0088,0.0072,118.424906,0.9364,8
249,546494700,50,36.741877264992,127.119669953763,51.753443603404,0.0088,0.0072,119.854019,1.0558,7
250,546494750,50,36.741875412237,127.119673998094,51.766190362163,0.0087,0.0072,119.854063,1.0558,7
251,546494800,50,36.741873607188,127.119678135883,51.769203016534,0.0087,0.0072,118.459292,1.0558,7
252,546494850,50,36.741871772572,127.119682230367,51.767086403444,0.0087,0.0072,119.106521,1.0558,7
253,546494900,50,36.741869890549,127.119686282478,51.769188535400,0.0087,0.0072,119.989258,1.0558,7
254,546494950,50,36.741868082304,127.119690353382,51.765729524195,0.0090,0.0072,118.895070,1.0558,7
255,546495000,50,36.741866224581,127.119694482862,51.770703779534,0.0090,0.0072,119.204135,1.0558,7
256,546495050,50,36.741864327145,127.119698545215,51.759963082150,0.0091,0.0072,120.129147,1.0558,7
257,546495100,50,36.741862474591,127.119702629800,51.763771845028,0.0090,0.0072,119.403322,1.0558,7
258,546495150,50,36.741860626433,127.119706723620,51.761445396580,0.0090,0.0072,119.289877,1.0558,7
259,546495200,50,36.741858771287,127.119710830595,51.759048404172,0.0090,0.0072,119.303721,1.0558,7
260,546495250,50,36.741856872188,127.119714952664,51.765444220044,0.0090,0.0072,119.789097,1.0558,7
261,546495300,50,36.741855043579,127.119719072066,51.758798725903,0.0090,0.0072,118.879437,1.0558,7
262,546495350,50,36.741853143392,127.119723174195,51.766443867236,0.0090,0.0072,119.923211,1.0558,7
263,546495400,50,36.741851228912,127.119727277664,51.758630930446,0.0090,0.0072,120.101081,1.0558,7
264,546495450,50,36.741849350963,127.119731390831,51.755066373385,0.0090,0.0072,119.566335,1.0558,7
265,546495500,50,36.741847462378,127.119735515101,51.755163160153,0.0090,0.0072,119.638996,1.0558,7
266,546495550,50,36.741845578491,127.119739630658,51.759881677106,0.0090,0.0072,119.629719,1.0558,7
267,546495600,50,36.741843655033,127.119743766096,51.756136605516,0.0090,0.0072,120.024496,1.0558,7
268,546495650,50,36.741841749180,127.119747915397,51.747584368102,0.0090,0.0072,119.714171,1.0558,7
269,546495700,50,36.741839864945,127.119752037210,51.740919529460,0.0090,0.0072,119.596874,1.0558,7
270,546495750,50,36.741837956067,127.119756170876,51.748200836591,0.0090,0.0072,119.846583,1.0558,7
271,546495800,50,36.741836001585,127.119760275554,51.742213883437,0.0090,0.0072,120.610364,1.0558,7
272,546495850,50,36.741834103181,127.119764408979,51.754164517857,0.0089,0.0071,120.610413,0.9370,8
273,546495900,50,36.741832217815,127.119768542033,51.754420896061,0.0089,0.0071,119.544691,0.9370,8
274,546495950,50,36.741830314261,127.119772690919,51.751480194740,0.0089,0.0071,119.686896,1.0559,7
275,546496000,50,36.741828359031,127.119776793680,51.745514741167,0.0089,0.0071,120.631742,1.0559,7
276,546496050,50,36.741826399847,127.119780940268,51.747237590142,0.0090,0.0071,120.416029,1.0559,7
277,546496100,50,36.741824479313,127.119785139153,51.749749721959,0.0090,0.0071,119.610558,1.0559,7
278,546496150,50,36.741822555145,127.119789280316,51.751437089406,0.0090,0.0071,119.999354,1.0559,7
279,546496200,50,36.741820611603,127.119793443328,51.747546138242,0.0090,0.0071,120.117473,1.0559,7
280,546496250,50,36.741818683417,127.119797596054,51.744863441214,0.0090,0.0071,119.981912,1.0559,7
281,546496300,50,36.741816723395,127.119801745761,51.745391157456,0.0090,0.0071,120.407904,1.0559,7
282,546496350,50,36.741814762931,127.119805862388,51.741628192365,0.0090,0.0071,120.614106,1.0559,7
283,546496400,50,36.741812815792,127.119810022588,51.739402412437,0.0090,0.0071,120.180300,1.0559,7
284,546496450,50,36.741810830653,127.119814203721,51.743103859015,0.0090,0.0071,120.537819,1.0559,7
285,546496500,50,36.741808876020,127.119818348655,51.735688286833,0.0090,0.0071,120.367830,1.0559,7
286,546496550,50,36.741806910929,127.119822510819,51.744848879054,0.0090,0.0071,120.397502,1.0559,7
287,546496600,50,36.741804924426,127.119826693915,51.744531275705,0.0090,0.0071,120.543273,1.0559,7
288,546496650,50,36.741802908487,127.119830836456,51.740137545392,0.0090,0.0071,121.160022,1.0559,7
289,546496700,50,36.741800923031,127.119835011851,51.743817134760,0.0090,0.0071,120.576259,1.0559,7
290,546496750,50,36.741798943182,127.119839180705,51.742615770549,0.0090,0.0071,120.544648,1.0559,7
291,546496800,50,36.741797016014,127.119843336615,51.733357561752,0.0090,0.0071,119.949786,1.0559,7
292,546496850,50,36.741795004156,127.119847471435,51.733255602419,0.0090,0.0071,121.155934,1.0559,7
293,546496900,50,36.741793034146,127.119851633663,51.735423885286,0.0090,0.0071,120.459661,1.0559,7
294,546496950,50,36.741791033669,127.119855784127,51.735649012960,0.0090,0.0071,120.916744,1.0559,7
295,546497000,50,36.741788999937,127.119859913446,51.729454737157,0.0090,0.0071,121.464886,1.0559,7
296,546497050,50,36.741787043010,127.119864109462,51.732005147263,0.0090,0.0071,120.091740,1.0559,7
297,546497100,50,36.741785008969,127.119868267131,51.727051119320,0.0088,0.0070,120.091790,1.0559,7
298,546497150,50,36.741783051723,127.119872435689,51.727512270212,0.0088,0.0071,120.259298,0.9372,8
299,546497200,50,36.741781038394,127.119876556278,51.717369853519,0.0088,0.0071,121.262060,0.9372,8
300,546497250,50,36.741778994758,127.119880713552,51.726544709876,0.0088,0.0071,121.416746,0.9372,8
301,546497300,50,36.741777000319,127.119884853912,51.729051777162,0.0088,0.0071,120.902001,0.9372,8
302,546497350,50,36.741775003102,127.119888992776,51.720432424918,0.0088,0.0071,120.946274,0.9372,8
303,546497400,50,36.741773012295,127.119893100643,51.721869901754,0.0088,0.0071,121.055108,0.9372,8
304,546497450,50,36.741770984937,127.119897219991,51.716155252419,0.0088,0.0071,121.446500,0.9372,8
305,546497500,50,36.741769012589,127.119901344841,51.727639519610,0.0088,0.0071,120.715854,0.9372,8
306,546497550,50,36.741766973691,127.119905429366,51.725314986892,0.0088,0.0071,121.808888,0.9372,8
307,546497600,50,36.741765009465,127.119909576442,51.713170226663,0.0088,0.0071,120.477354,0.9372,8
308,546497650,50,36.741763002129,127.119913689856,51.710185352713,0.0088,0.0071,121.230582,0.9372,8
309,546497700,50,36.741760968015,127.119917762280,51.715284151956,0.0090,0.0071,121.230631,0.9372,8
310,546497750,50,36.741758961254,127.119921871318,51.716830478050,0.0090,0.0071,121.250372,0.9372,8
311,546497800,50,36.741756956378,127.119925971075,51.714280962013,0.0090,0.0071,121.283958,0.9372,8
312,546497850,50,36.741754924938,127.119930051087,51.715561058372,0.0090,0.0071,121.743284,0.9372,8
313,546497900,50,36.741752902501,127.119934181679,51.714455259033,0.0090,0.0071,121.315202,0.9372,8
314,546497950,50,36.741750887388,127.119938226483,51.703921056353,0.0090,0.0071,121.758576,0.9372,8
315,546498000,50,36.741748871540,127.119942295537,51.715933858417,0.0090,0.0071,121.614849,0.9372,8
316,546498050,50,36.741746856347,127.119946388461,51.716765820049,0.0090,0.0071,121.457138,0.9372,8
317,546498100,50,36.741744814657,127.119950431616,51.708065594546,0.0090,0.0071,122.106044,0.9372,8
318,546498150,50,36.741742816655,127.119954488817,51.707988327369,0.0090,0.0071,121.462225,0.9372,8
319,546498200,50,36.741740807911,127.119958528357,51.708244729787,0.0090,0.0071,121.710807,0.9372,8
320,546498250,50,36.741738821860,127.119962604126,51.701864691451,0.0091,0.0071,121.193348,0.9372,8
321,546498300,50,36.741736811095,127.119966651523,51.700265513733,0.0091,0.0071,121.686792,0.9372,8
322,546498350,50,36.741734773307,127.119970721573,51.699924420565,0.0091,0.0071,121.886072,0.9372,8
323,546498400,50,36.741732747645,127.119974748757,51.709823445417,0.0091,0.0071,122.004914,0.9372,8
324,546498450,50,36.741730703791,127.119978774482,51.700993207283,0.0091,0.0071,122.244958,0.9372,8
325,546498500,50,36.741728658303,127.119982772986,51.696231643669,0.0091,0.0071,122.441343,0.9372,8
326,546498550,50,36.741726636013,127.119986828378,51.697694040835,0.0091,0.0071,121.782681,0.9372,8
327,546498600,50,36.741724590748,127.119990815408,51.696624608710,0.0091,0.0071,122.513101,0.9372,8
328,546498650,50,36.741722581297,127.119994843550,51.703075321391,0.0091,0.0071,121.792249,0.9372,8
329,546498700,50,36.741720572671,127.119998836437,51.684595494531,0.0083,0.0070,121.792298,0.9372,8
330,546498750,50,36.741718557354,127.120002844752,51.677801300772,0.0083,0.0070,121.994023,0.9372,8
331,546498800,50,36.741716548633,127.120006883209,51.681086773053,0.0083,0.0070,121.717411,0.9372,8
332,546498850,50,36.741714481864,127.120010846919,51.678639264777,0.0083,0.0070,122.938541,0.9372,8
333,546498900,50,36.741712498503,127.120014908428,51.677796707489,0.0083,0.0070,121.247945,0.9372,8
334,546498950,50,36.741710472789,127.120018891556,51.677248870954,0.0083,0.0070,122.289526,0.9372,8
335,546499000,50,36.741708475329,127.120022903615,51.676153596491,0.0083,0.0070,121.741378,0.9372,8
336,546499050,50,36.741706479727,127.120026883236,51.675582863390,0.0083,0.0070,121.925925,0.9372,8
337,546499100,50,36.741704519966,127.120030912297,51.672562379390,0.0083,0.0070,121.147676,0.9372,8
338,546499150,50,36.741702573342,127.120034953159,51.675431702286,0.0083,0.0070,120.903460,0.9372,8
339,546499200,50,36.741700619286,127.120038954285,51.672472340055,0.0083,0.0070,121.250295,0.9372,8
340,546499250,50,36.741698672916,127.120043003982,51.672689451836,0.0083,0.0070,120.845044,0.9372,8
341,546499300,50,36.741696728913,127.120047021640,51.666376961395,0.0084,0.0070,121.014943,0.9372,8
342,546499350,50,36.741694778230,127.120051055230,51.668281357735,0.0084,0.0070,121.001608,0.9372,8
343,546499400,50,36.741692860059,127.120055103786,51.669515634887,0.0084,0.0071,120.485292,0.9372,8
344,546499450,50,36.741690950764,127.120059132796,51.678236186504,0.0083,0.0070,120.490329,0.9372,8
345,546499500,50,36.741689055003,127.120063163448,51.673386450857,0.0084,0.0070,120.302269,0.9372,8
346,546499550,50,36.741687174296,127.120067184491,51.668546557426,0.0084,0.0071,120.163019,0.9372,8
347,546499600,50,36.741685343587,127.120071282152,51.667827249505,0.0084,0.0071,119.035672,0.9372,8
348,546499650,50,36.741683450010,127.120075293028,51.671767467633,0.0084,0.0071,120.396331,0.9372,8
349,546499700,50,36.741681599186,127.120079373210,51.671061853878,0.0084,0.0071,119.406769,0.9372,8
350,546499750,50,36.741679768713,127.120083466642,51.669252930209,0.0082,0.0070,119.406818,0.9372,8
351,546499800,50,36.741677968013,127.120087542780,51.673063790426,0.0083,0.0070,118.762711,0.9372,8
352,546499850,50,36.741676121650,127.120091581077,51.667694455013,0.0083,0.0070,119.600950,0.9372,8
353,546499900,50,36.741674339078,127.120095681600,51.666260970756,0.0083,0.0070,118.375709,0.9372,8
354,546499950,50,36.741672574369,127.120099730406,51.666509069502,0.0083,0.0070,118.438539,0.9372,8
355,546500000,50,36.741670828086,127.120103840181,51.678389287554,0.0083,0.0070,117.832358,0.9372,8
356,546500050,50,36.741669102037,127.120107925135,51.673290678300,0.0083,0.0070,117.700183,0.9372,8
357,546500100,50,36.741667388086,127.120112043786,51.670406760648,0.0083,0.0070,117.342158,0.9372,8
358,546500150,50,36.741665645537,127.120116157397,51.665514041670,0.0083,0.0070,117.759720,0.9372,8
359,546500200,50,36.741663930694,127.120120254876,51.669163622893,0.0083,0.0070,117.474995,0.9372,8
360,546500250,50,36.741662255880,127.120124381670,51.676766142249,0.0083,0.0070,116.760278,0.9372,8
361,546500300,50,36.741660568863,127.120128469820,51.670573992655,0.0083,0.0070,117.146104,0.9372,8
362,546500350,50,36.741658917061,127.120132598130,51.672078434378,0.0083,0.0070,116.434491,0.9372,8
363,546500400,50,36.741657295304,127.120136723285,51.668428381905,0.0083,0.0070,116.034836,0.9372,8
364,546500450,50,36.741655665334,127.120140850917,51.665104894899,0.0083,0.0071,116.135544,0.9372,8
365,546500500,50,36.741654043360,127.120144979726,51.662360266782,0.0083,0.0071,116.017845,0.9372,8
366,546500550,50,36.741652432170,127.120149137505,51.666926077567,0.0084,0.0071,115.710545,0.9372,8
367,546500600,50,36.741650835164,127.120153270514,51.669903146103,0.0084,0.0071,115.646390,0.9372,8
368,546500650,50,36.741649212630,127.120157398148,51.669412270188,0.0084,0.0071,116.032061,0.9372,8
369,546500700,50,36.741647660483,127.120161531799,51.669767945074,0.0084,0.0071,115.011738,0.9372,8
370,546500750,50,36.741646115518,127.120165709570,51.671664925292,0.0084,0.0071,114.678474,0.9372,8
371,546500800,50,36.741644516025,127.120169843402,51.677841391414,0.0077,0.0067,114.678523,0.9372,8
372,546500850,50,36.741642943749,127.120173982586,51.678029551171,0.0077,0.0067,115.266210,0.9372,8
373,546500900,50,36.741641390983,127.120178144414,51.685188469477,0.0077,0.0067,114.871664,0.9372,8
374,546500950,50,36.741639840529,127.120182258889,51.680370318703,0.0077,0.0067,115.089970,0.9372,8
375,546501000,50,36.741638322665,127.120186385438,51.676595104858,0.0077,0.0067,114.562188,0.9372,8
376,546501050,50,36.741636817455,127.120190555317,51.676516452804,0.0076,0.0067,114.157096,0.9372,8
377,546501100,50,36.741635276554,127.120194678872,51.676536646672,0.0076,0.0067,114.905953,0.9372,8
378,546501150,50,36.741633734668,127.120198788696,51.676578475162,0.0076,0.0067,114.993060,0.9372,8
379,546501200,50,36.741632218254,127.120202929694,51.679088296369,0.0076,0.0067,114.465897,0.9372,8
380,546501250,50,36.741630734510,127.120207074070,51.681330754422,0.0076,0.0067,113.981514,0.9372,8
381,546501300,50,36.741629237931,127.120211240483,51.679883623496,0.0076,0.0067,114.051999,0.9372,8
382,546501350,50,36.741627772557,127.120215361792,51.685940911993,0.0076,0.0067,113.835515,0.9372,8
383,546501400,50,36.741626268894,127.120219490605,51.678975058720,0.0076,0.0067,114.347373,0.9372,8
384,546501450,50,36.741624753779,127.120223600822,51.678960271180,0.0076,0.0067,114.608822,0.9372,8
385,546501500,50,36.741623252468,127.120227697156,51.680310625583,0.0076,0.0067,114.483916,0.9372,8
386,546501550,50,36.741621732808,127.120231823179,51.682729101740,0.0076,0.0066,114.590556,0.9372,8
387,546501600,50,36.741620277123,127.120235904152,51.689044297673,0.0076,0.0066,113.903376,0.9372,8
388,546501650,50,36.741618770120,127.120240032808,51.688963232562,0.0076,0.0066,114.395961,0.9372,8
389,546501700,50,36.741617280179,127.120244133956,51.681755526923,0.0076,0.0066,114.294776,0.9372,8
390,546501750,50,36.741615777418,127.120248190572,51.684609977528,0.0076,0.0066,114.716131,0.9372,8
391,546501800,50,36.741614252683,127.120252311997,51.683987582102,0.0076,0.0066,114.687129,0.9372,8
392,546501850,50,36.741612744970,127.120256358735,51.689139546826,0.0076,0.0066,114.841003,0.9372,8
393,546501900,50,36.741611238363,127.120260440757,51.690201669000,0.0076,0.0066,114.635980,0.9372,8
394,546501950,50,36.741609696030,127.120264468951,51.696519752033,0.0076,0.0066,115.442465,0.9372,8
395,546502000,50,36.741608184708,127.120268523210,51.689928400330,0.0076,0.0066,114.852672,0.9372,8
396,546502050,50,36.741606658643,127.120272545912,51.693710278720,0.0076,0.0066,115.237697,0.9372,8
397,546502100,50,36.741605116638,127.120276577763,51.696178746410,0.0076,0.0066,115.417565,0.9372,8
398,546502150,50,36.741603570668,127.120280607650,51.689717529342,0.0076,0.0066,115.485494,0.9372,8
399,546502200,50,36.741602032259,127.120284637501,51.697033093311,0.0075,0.0066,115.485544,0.9372,8
400,546502250,50,36.741600468330,127.120288682402,51.695509874262,0.0075,0.0066,115.660252,0.9372,8
401,546502300,50,36.741598862350,127.120292672283,51.695838714018,0.0075,0.0066,116.571171,0.9372,8
402,546502350,50,36.741597283609,127.120296672844,51.690907124430,0.0075,0.0066,116.120465,0.9372,8
403,546502400,50,36.741595636837,127.120300586457,51.698430186138,0.0075,0.0066,117.601955,0.9372,8
404,546502450,50,36.741594003158,127.120304543640,51.701016412117,0.0075,0.0066,117.156166,0.9372,8
405,546502500,50,36.741592392214,127.120308464178,51.703611546196,0.0075,0.0066,117.046680,0.9372,8
406,546502550,50,36.741590765808,127.120312390523,51.696873877198,0.0075,0.0066,117.234443,0.9372,8
407,546502600,50,36.741589144871,127.120316326586,51.697645529173,0.0075,0.0066,117.098523,0.9372,8
408,546502650,50,36.741587434122,127.120320192331,51.694629974663,0.0075,0.0066,118.804982,0.9372,8
409,546502700,50,36.741585781813,127.120324114677,51.694542080164,0.0075,0.0066,117.628489,0.9372,8
410,546502750,50,36.741584094158,127.120328043176,51.690766881220,0.0074,0.0065,117.628537,0.9372,8
411,546502800,50,36.741582398065,127.120331918818,51.691047196276,0.0074,0.0065,118.535846,0.9372,8
412,546502850,50,36.741580660403,127.120335763278,51.693507231772,0.0082,0.0070,119.319068,1.0566,7
413,546502900,50,36.741578935336,127.120339589374,51.684621077962,0.0082,0.0070,119.258291,0.9378,8
414,546502950,50,36.741577229073,127.120343426334,51.692643029615,0.0082,0.0070,118.922452,0.9378,8
415,546503000,50,36.741575418400,127.120347225136,51.690485150553,0.0082,0.0070,120.635815,0.9378,8
416,546503050,50,36.741573667796,127.120351022692,51.692115731537,0.0083,0.0070,119.803319,0.9378,8
417,546503100,50,36.741571935370,127.120354854000,51.694810664281,0.0083,0.0070,119.329058,0.9378,8
418,546503150,50,36.741570083332,127.120358598688,51.690583528019,0.0083,0.0070,121.571807,0.9378,8
419,546503200,50,36.741568325007,127.120362367852,51.683788876049,0.0083,0.0071,120.098382,0.9378,8
420,546503250,50,36.741566515027,127.120366112579,51.687158145010,0.0083,0.0071,120.987511,0.9378,8
421,546503300,50,36.741564620855,127.120369802607,51.684626418166,0.0083,0.0071,122.530391,0.9378,8
422,546503350,50,36.741562769159,127.120373526879,51.687239764258,0.0084,0.0071,121.706958,0.9378,8
423,546503400,50,36.741560911028,127.120377189843,51.692358335480,0.0084,0.0071,122.223346,0.9378,8
424,546503450,50,36.741559040969,127.120380850537,51.686839456670,0.0084,0.0071,122.405025,0.9378,8
425,546503500,50,36.741557177655,127.120384525560,51.687390839681,0.0084,0.0071,122.210384,0.9378,8
426,546503550,50,36.741555247884,127.120388219157,51.685556013137,0.0084,0.0071,122.990629,0.9378,8
427,546503600,50,36.741553322023,127.120391866818,51.687533423305,0.0084,0.0071,123.265611,0.9378,8
428,546503650,50,36.741551344392,127.120395483405,51.684010588564,0.0084,0.0071,124.193784,0.9378,8
429,546503700,50,36.741549407633,127.120399102226,51.691387767904,0.0083,0.0071,124.193831,0.9378,8
430,546503750,50,36.741547411635,127.120402705519,51.685365264304,0.0083,0.0071,124.538959,0.9378,8
431,546503800,50,36.741545433074,127.120406369515,51.688215942122,0.0083,0.0071,123.860256,0.9378,8
432,546503850,50,36.741543450032,127.120409951819,51.688302644528,0.0083,0.0071,124.521018,0.9378,8
433,546503900,50,36.741541470093,127.120413533619,51.689274433069,0.0083,0.0071,124.482895,0.9378,8
434,546503950,50,36.741539475075,127.120417142088,51.685171648860,0.0083,0.0071,124.487398,0.9378,8
435,546504000,50,36.741537483221,127.120420674750,51.692971919663,0.0083,0.0071,125.014533,0.9378,8
436,546504050,50,36.741535511472,127.120424275378,51.692995293066,0.0083,0.0071,124.232295,0.9378,8
437,546504100,50,36.741533449400,127.120427811314,51.682567885146,0.0084,0.0071,125.927510,0.9378,8
438,546504150,50,36.741531415111,127.120431391114,51.694849424064,0.0084,0.0071,125.225516,0.9378,8
439,546504200,50,36.741529373908,127.120434906718,51.690845284611,0.0084,0.0071,125.807669,0.9378,8
440,546504250,50,36.741527311730,127.120438460936,51.691253731959,0.0084,0.0071,125.788631,0.9378,8
441,546504300,50,36.741525225644,127.120442040968,51.691245554015,0.0084,0.0071,125.905303,0.9378,8
442,546504350,50,36.741523199806,127.120445606733,51.683112977073,0.0084,0.0071,125.219166,0.9378,8
443,546504400,50,36.741521116073,127.120449120163,51.689591074362,0.0084,0.0071,126.386985,0.9378,8
444,546504450,50,36.741519041720,127.120452690667,51.693500373513,0.0084,0.0071,125.824366,0.9378,8
445,546504500,50,36.741516972210,127.120456227235,51.690310375765,0.0084,0.0071,126.020692,0.9378,8
446,546504550,50,36.741514896668,127.120459782594,51.687431524508,0.0084,0.0071,125.955624,0.9378,8
447,546504600,50,36.741512831995,127.120463332553,51.696357306093,0.0085,0.0071,125.854089,0.9378,8
448,546504650,50,36.741510739184,127.120466888735,51.691032502800,0.0085,0.0071,126.175213,0.9378,8
449,546504700,50,36.741508614858,127.120470384885,51.687864322215,0.0083,0.0071,126.175257,0.9378,8
450,546504750,50,36.741506522705,127.120473964967,51.687927133404,0.0083,0.0071,125.984028,0.9378,8
451,546504800,50,36.741504417964,127.120477526563,51.680876454338,0.0083,0.0071,126.288973,0.9378,8
452,546504850,50,36.741502310334,127.120481055347,51.692626432516,0.0083,0.0071,126.579913,0.9378,8
453,546504900,50,36.741500153793,127.120484639417,51.697322654538,0.0083,0.0071,126.782907,0.9378,8
454,546504950,50,36.741498080382,127.120488239584,51.694050701335,0.0083,0.0071,125.587394,0.9378,8
455,546505000,50,36.741495945984,127.120491781230,51.688844248652,0.0083,0.0071,126.826500,0.9378,8
456,546505050,50,36.741493838339,127.120495400588,51.691374612972,0.0084,0.0071,125.887810,0.9378,8
457,546505100,50,36.741491687120,127.120498964922,51.694174714386,0.0084,0.0071,126.866767,0.9378,8
458,546505150,50,36.741489559181,127.120502564510,51.692796199583,0.0084,0.0071,126.298557,0.9378,8
459,546505200,50,36.741487411864,127.120506191247,51.685835146345,0.0084,0.0071,126.340951,0.9378,8
460,546505250,50,36.741485263641,127.120509822703,51.690792676061,0.0084,0.0071,126.316947,0.9378,8
461,546505300,50,36.741483152535,127.120513510206,51.694359436631,0.0084,0.0071,125.426114,0.9378,8
462,546505350,50,36.741480978119,127.120517134133,51.688794681802,0.0084,0.0071,126.705856,0.9378,8
463,546505400,50,36.741478861965,127.120520805043,51.690372671001,0.0084,0.0071,125.613016,0.9378,8
464,546505450,50,36.741476713762,127.120524485062,51.685498046689,0.0084,0.0071,125.954181,0.9378,8
465,546505500,50,36.741474561325,127.120528169829,51.687550721690,0.0084,0.0071,125.972692,0.9378,8
466,546505550,50,36.741472470584,127.120531892529,51.689633256756,0.0084,0.0071,124.908343,0.9378,8
467,546505600,50,36.741470340758,127.120535603282,51.689495539293,0.0084,0.0071,125.494961,0.9378,8
468,546505650,50,36.741468248918,127.120539327122,51.687150523067,0.0084,0.0071,124.914243,0.9378,8
469,546505700,50,36.741466176470,127.120543096340,51.684634596109,0.0084,0.0071,124.340237,0.9378,8
470,546505750,50,36.741464074582,127.120546868768,51.688334529288,0.0084,0.0071,124.694807,0.9378,8
471,546505800,50,36.741461974006,127.120550663036,51.680339927785,0.0084,0.0071,124.523473,0.9378,8
472,546505850,50,36.741459888892,127.120554502399,51.680016921833,0.0084,0.0071,124.011499,0.9378,8
473,546505900,50,36.741457753137,127.120558300574,51.686416782439,0.0082,0.0070,124.011541,0.9378,8
474,546505950,50,36.741455688741,127.120562172240,51.688287121244,0.0082,0.0070,123.525365,0.9378,8
475,546506000,50,36.741453585916,127.120566034616,51.685292450711,0.0082,0.0070,124.077497,0.9378,8
476,546506050,50,36.741451533037,127.120569962830,51.682380379178,0.0082,0.0070,122.997363,0.9378,8
477,546506100,50,36.741449463032,127.120573838339,51.687895438634,0.0082,0.0070,123.570779,0.9378,8
478,546506150,50,36.741447475306,127.120577778408,51.694082709961,0.0082,0.0070,122.081194,0.9378,8
479,546506200,50,36.741445393804,127.120581658102,51.681904655881,0.0082,0.0070,123.688592,0.9378,8
480,546506250,50,36.741443420571,127.120585664099,51.683009548113,0.0082,0.0070,121.467898,0.9378,8
481,546506300,50,36.741441346163,127.120589595006,51.685239396989,0.0082,0.0070,123.252934,0.9378,8
482,546506350,50,36.741439346673,127.120593571302,51.689889808185,0.0082,0.0070,121.997401,0.9378,8
483,546506400,50,36.741437340594,127.120597580378,51.682421592996,0.0083,0.0070,121.870864,0.9378,8
484,546506450,50,36.741435338288,127.120601598351,51.693030921742,0.0083,0.0070,121.765626,0.9378,8
485,546506500,50,36.741433395504,127.120605637515,51.685111094266,0.0083,0.0070,120.864133,0.9378,8
486,546506550,50,36.741431403639,127.120609674464,51.684367110953,0.0083,0.0070,121.511285,0.9378,8
487,546506600,50,36.741429443336,127.120613756187,51.686497101560,0.0083,0.0070,120.826170,0.9378,8
488,546506650,50,36.741427490558,127.120617832368,51.684293044731,0.0083,0.0071,120.763501,0.9378,8
489,546506700,50,36.741425528688,127.120621891524,51.687339575030,0.0083,0.0072,120.986326,0.9378,8
490,546506750,50,36.741423566851,127.120626004899,51.681833116338,0.0083,0.0072,120.651421,0.9378,8
491,546506800,50,36.741421667422,127.120630130988,51.687819411047,0.0083,0.0072,119.769158,0.9378,8
492,546506850,50,36.741419760241,127.120634255496,51.686772300862,0.0083,0.0072,119.879312,0.9378,8
493,546506900,50,36.741417820450,127.120638370513,51.682134543546,0.0083,0.0073,120.358224,0.9378,8
494,546506950,50,36.741415934259,127.120642505220,51.683133221231,0.0083,0.0073,119.545428,0.9378,8
495,546507000,50,36.741414045970,127.120646661614,51.684013656341,0.0076,0.0068,119.545472,0.9378,8
496,546507050,50,36.741412162030,127.120650829752,51.680865191855,0.0077,0.0069,119.318726,0.9378,8
497,546507100,50,36.741410257813,127.120655005352,51.682125310414,0.0077,0.0069,119.537355,0.9378,8
498,546507150,50,36.741408356099,127.120659173618,51.673927864991,0.0077,0.0069,119.548230,0.9378,8
499,546507200,50,36.741406472946,127.120663368391,51.678211636841,0.0077,0.0069,119.152959,0.9378,8
500,546507250,50,36.741404585955,127.120667534578,51.681360915303,0.0078,0.0069,119.369780,0.9378,8
501,546507300,50,36.741402724394,127.120671737370,51.683720693924,0.0078,0.0069,118.826476,0.9378,8
502,546507350,50,36.741400881293,127.120675926402,51.691913364455,0.0078,0.0069,118.664927,0.9378,8
503,546507400,50,36.741398989986,127.120680145229,51.683105583303,0.0078,0.0069,119.118915,0.9378,8
504,546507450,50,36.741397126517,127.120684343615,51.677977715619,0.0078,0.0069,118.876673,0.9378,8
505,546507500,50,36.741395275552,127.120688560614,51.680264534429,0.0078,0.0069,118.607150,0.9378,8
506,546507550,50,36.741393440160,127.120692769665,51.688375493512,0.0077,0.0068,118.449402,0.9378,8
507,546507600,50,36.741391541186,127.120697014770,51.677090656012,0.0077,0.0068,119.066214,0.9378,8
508,546507650,50,36.741389629205,127.120701192708,51.677424132824,0.0077,0.0068,119.623641,0.9378,8
509,546507700,50,36.741387809753,127.120705427481,51.679961070418,0.0076,0.0068,119.623689,0.9378,8
510,546507750,50,36.741386036102,127.120709677536,51.695205939002,0.0076,0.0068,117.408340,0.9378,8
511,546507800,50,36.741384218137,127.120713907503,51.690929418430,0.0077,0.0068,118.102892,0.9378,8
512,546507850,50,36.741382300494,127.120718075243,51.681290108711,0.0077,0.0068,119.756829,0.9378,8
513,546507900,50,36.741380385575,127.120722274139,51.675144021399,0.0077,0.0068,119.538357,0.9378,8
514,546507950,50,36.741378502788,127.120726466886,51.674294968136,0.0077,0.0068,119.160012,0.9378,8
515,546508000,50,36.741376704954,127.120730765278,51.681641861796,0.0077,0.0068,117.460659,0.9378,8
516,546508050,50,36.741374805558,127.120734974208,51.681673621759,0.0077,0.0067,119.280357,0.9378,8
517,546508100,50,36.741372944583,127.120739183177,51.685821098275,0.0077,0.0067,118.783322,0.9378,8
518,546508150,50,36.741370994885,127.120743321432,51.681305778213,0.0077,0.0067,120.344821,0.9378,8
519,546508200,50,36.741369139059,127.120747552106,51.677236090414,0.0077,0.0067,118.592362,0.9378,8
520,546508250,50,36.741367244617,127.120751704771,51.684154796414,0.0077,0.0067,119.546210,0.9378,8
521,546508300,50,36.741365315263,127.120755869167,51.683851038106,0.0077,0.0067,119.927223,0.9378,8
522,546508350,50,36.741363423485,127.120760033188,51.682296331972,0.0077,0.0067,119.444591,0.9378,8
523,546508400,50,36.741361508693,127.120764199089,51.686315132305,0.0077,0.0067,119.730965,0.9378,8
524,546508450,50,36.741359575869,127.120768326364,51.683154316619,0.0077,0.0067,120.194250,0.9378,8
525,546508500,50,36.741357590080,127.120772429351,51.676238789223,0.0077,0.0067,121.021183,0.9378,8
526,546508550,50,36.741355681436,127.120776581886,51.682653480209,0.0077,0.0067,119.730894,0.9378,8
527,546508600,50,36.741353726327,127.120780683450,51.685385700315,0.0077,0.0067,120.637324,0.9378,8
528,546508650,50,36.741351700630,127.120784733573,51.680861523375,0.0077,0.0067,121.859130,0.9378,8
529,546508700,50,36.741349737388,127.120788806675,51.683074279688,0.0077,0.0067,120.917290,0.9378,8
530,546508750,50,36.741347742655,127.120792842727,51.686998471618,0.0076,0.0067,120.917340,0.9378,8
531,546508800,50,36.741345673225,127.120796865487,51.683597229421,0.0076,0.0066,122.586390,0.9378,8
532,546508850,50,36.741343683110,127.120800939091,51.684046937153,0.0076,0.0067,121.258662,0.9378,8
533,546508900,50,36.741341649425,127.120804944262,51.685315033421,0.0076,0.0066,122.248235,0.9378,8
534,546508950,50,36.741339602833,127.120808954633,51.686752593145,0.0076,0.0066,122.378394,0.9378,8
535,546509000,50,36.741337490049,127.120812944159,51.683671244420,0.0076,0.0066,123.345684,0.9378,8
536,546509050,50,36.741335416695,127.120816933795,51.679708349518,0.0076,0.0066,122.851166,0.9378,8
537,546509100,50,36.741333324466,127.120820867604,51.682879807428,0.0076,0.0066,123.458574,0.9378,8
538,546509150,50,36.741331196618,127.120824781717,51.685794702731,0.0076,0.0066,124.038190,0.9378,8
539,546509200,50,36.741329066266,127.120828719881,51.682074846700,0.0076,0.0066,123.906768,0.9378,8
540,546509250,50,36.741326931365,127.120832598208,51.680994763039,0.0076,0.0066,124.370993,0.9378,8
541,546509300,50,36.741324793811,127.120836511361,51.685678861104,0.0076,0.0066,124.165766,0.9378,8
542,546509350,50,36.741322618341,127.120840384386,51.678324017674,0.0076,0.0066,124.912044,0.9378,8
543,546509400,50,36.741320473471,127.120844244212,51.681248035282,0.0076,0.0066,124.623469,0.9378,8
544,546509450,50,36.741318212485,127.120848051113,51.676962758414,0.0076,0.0066,126.425699,0.9378,8
545,546509500,50,36.741316038679,127.120851885212,51.683880458586,0.0076,0.0066,125.163478,0.9378,8
546,546509550,50,36.741313842601,127.120855700110,51.685254792683,0.0076,0.0066,125.574951,0.9378,8
547,546509600,50,36.741311549214,127.120859420820,51.681591472588,0.0076,0.0066,127.447445,0.9378,8
548,546509650,50,36.741309378532,127.120863203343,51.685137368739,0.0076,0.0066,125.490693,0.9378,8
549,546509700,50,36.741307144518,127.120866999182,51.681970644742,0.0076,0.0066,126.177146,0.9378,8
550,546509750,50,36.741304774182,127.120870702858,51.674287768081,0.0075,0.0066,126.177195,0.9378,8
551,546509800,50,36.741302406221,127.120874368813,51.667922623456,0.0075,0.0066,128.750074,0.9378,8
552,546509850,50,36.741300093852,127.120881732102,51.673418637365,0.0075,0.0066,128.023627,0.9378,8
553,546509900,50,36.741297812978,127.120881732102,51.673418637365,0.0075,0.0066,127.533523,0.9378,8
554,546509950,50,36.741295438170,127.120885379345,51.681298876181,0.0076,0.0066,128.974148,0.9378,8
555,546510050,50,36.741290739701,127.120892610700,51.686312298290,0.0076,0.0066,128.874517,0.9378,8
556,546510050,50,36.741290739701,127.120892610700,51.686312298290,0.0076,0.0066,128.874517,0.9378,8
557,546510100,50,36.741288334374,127.120896208767,51.683448717929,0.0076,0.0066,129.714149,0.9378,8
558,546510150,50,36.741285944102,127.120899800895,51.672804565169,0.0078,0.0068,129.583903,0.9378,8
559,546510200,50,36.741283536292,127.120903369486,51.676692306995,0.0078,0.0068,129.975070,0.9378,8
560,546510250,50,36.741281099358,127.120906920670,51.662510315888,0.0085,0.0071,130.452829,0.9378,8
561,546510300,50,36.741278733168,127.120910490788,51.669517672621,0.0085,0.0071,129.471944,0.9378,8
562,546510350,50,36.741276328437,127.120914052441,51.667061908171,0.0085,0.0071,129.993868,0.9378,8
563,546510400,50,36.741273949654,127.120917613871,51.673614565283,0.0085,0.0071,129.689849,0.9378,8
564,546510450,50,36.741271514414,127.120921125782,51.671919408254,0.0085,0.0071,130.747964,0.9378,8
565,546510500,50,36.741269020594,127.120924581235,51.667167033069,0.0085,0.0071,131.883688,0.9378,8
566,546510550,50,36.741266630975,127.120928119866,51.663023334928,0.0085,0.0071,129.998959,0.9378,8
567,546510600,50,36.741264220814,127.120931641124,51.672978381626,0.0085,0.0071,130.379721,0.9378,8
568,546510650,50,36.741261707129,127.120935089591,51.660766975023,0.0085,0.0072,132.167411,0.9378,8
569,546510700,50,36.741259287598,127.120938590420,51.665852253325,0.0085,0.0072,130.654162,0.9378,8
570,546510750,50,36.741256867004,127.120942058017,51.664174277335,0.0086,0.0072,130.936916,0.9378,8
571,546510800,50,36.741254375764,127.120945531510,51.661753710359,0.0086,0.0072,131.705961,0.9378,8
572,546510850,50,36.741251979481,127.120949011177,51.659917996265,0.0086,0.0072,130.552480,0.9378,8
573,546510900,50,36.741249485315,127.120952487888,51.660915516317,0.0079,0.0068,130.552526,0.9378,8
574,546510950,50,36.741247026227,127.120955899074,51.656929767691,0.0078,0.0067,131.851487,0.9378,8
575,546511000,50,36.741244562769,127.120959340803,51.656801417470,0.0079,0.0067,131.648290,0.9378,8
576,546511050,50,36.741242105235,127.120962743338,51.655723612756,0.0078,0.0067,131.905791,0.9378,8
577,546511100,50,36.741239658833,127.120966217462,51.658024214208,0.0078,0.0067,131.184534,0.9378,8
578,546511150,50,36.741237160993,127.120969628430,51.653849746101,0.0078,0.0067,132.298883,0.9378,8
579,546511200,50,36.741234701323,127.120973071659,51.651026218198,0.0078,0.0067,131.592116,0.9378,8
580,546511250,50,36.741232264435,127.120976499582,51.648007368669,0.0078,0.0067,131.454172,0.9378,8
581,546511300,50,36.741229781380,127.120979872380,51.648224777542,0.0078,0.0067,132.450570,0.9378,8
582,546511350,50,36.741227362027,127.120983325151,51.652829614468,0.0078,0.0067,131.043921,0.9378,8
583,546511400,50,36.741224934733,127.120986773512,51.649237353355,0.0078,0.0067,131.173203,0.9378,8
584,546511450,50,36.741222438297,127.120990143230,51.644618358463,0.0078,0.0067,132.630035,0.9378,8
585,546511500,50,36.741220014706,127.120993573002,51.648501246236,0.0078,0.0067,131.283347,0.9378,8
586,546511550,50,36.741217637084,127.120997011010,51.645394436084,0.0078,0.0067,130.672128,0.9378,8
587,546511600,50,36.741215203251,127.121000436760,51.641257269308,0.0078,0.0067,131.436524,0.9378,8
588,546511650,50,36.741212749500,127.121003846338,51.646392548457,0.0078,0.0067,131.803020,0.9378,8
589,546511700,50,36.741210329286,127.121007298001,51.647358708084,0.0078,0.0067,131.063107,0.9378,8
590,546511750,50,36.741207954029,127.121010770009,51.649095176719,0.0078,0.0067,130.365483,0.9378,8
591,546511800,50,36.741205519256,127.121014189432,51.643560223281,0.0078,0.0067,131.500043,0.9378,8
592,546511850,50,36.741203174801,127.121017678517,51.647855663672,0.0078,0.0067,129.858470,0.9378,8
593,546511900,50,36.741200776203,127.121021093212,51.649122077040,0.0078,0.0067,131.114080,0.9378,8
594,546511950,50,36.741198419199,127.121024588353,51.643636625260,0.0078,0.0067,129.960082,0.9378,8
595,546512000,50,36.741196046300,127.121028104559,51.638004709966,0.0078,0.0067,129.980168,0.9378,8
596,546512050,50,36.741193729290,127.121031558234,51.634936363436,0.0078,0.0067,129.814072,0.9378,8
597,546512100,50,36.741191426695,127.121035091304,51.636285923421,0.0078,0.0067,128.999960,0.9378,8
598,546512150,50,36.741189081980,127.121038550675,51.636185199022,0.0078,0.0067,130.102840,0.9378,8
599,546512200,50,36.741186750538,127.121042028978,51.636684025638,0.0078,0.0067,129.788801,0.9378,8
600,546512250,50,36.741184418137,127.121045506343,51.638950891793,0.0077,0.0067,129.788843,0.9378,8
601,546512300,50,36.741182119425,127.121049000702,51.629514931701,0.0077,0.0067,129.261673,0.9378,8
602,546512350,50,36.741179867225,127.121052545071,51.635973280296,0.0077,0.0067,128.292334,0.9378,8
603,546512400,50,36.741177597649,127.121056066883,51.631973228417,0.0077,0.0067,128.685054,0.9378,8
604,546512450,50,36.741175346646,127.121059590246,51.631996741518,0.0077,0.0067,128.443271,0.9378,8
605,546512500,50,36.741173137286,127.121063122559,51.633023438044,0.0077,0.0067,127.852938,0.9378,8
606,546512550,50,36.741170916926,127.121066693730,51.629811250605,0.0076,0.0067,127.687218,0.9378,8
607,546512600,50,36.741168762288,127.121070265170,51.634008743800,0.0077,0.0067,126.855537,0.9378,8
608,546512650,50,36.741166540201,127.121073846110,51.633030982688,0.0075,0.0066,126.855578,0.9378,8
609,546512700,50,36.741164322520,127.121077408025,51.619252572767,0.0075,0.0066,127.725723,0.9378,8
610,546512750,50,36.741162141353,127.121080980940,51.624874190427,0.0075,0.0066,127.181245,0.9378,8
611,546512800,50,36.741159952360,127.121084561685,51.624067386612,0.0075,0.0066,127.219662,0.9378,8
612,546512850,50,36.741157859766,127.121088186305,51.627602472901,0.0076,0.0066,125.653473,0.9378,8
613,546512900,50,36.741155725592,127.121091756885,51.628256680444,0.0076,0.0066,126.600094,0.9378,8
614,546512950,50,36.741153605365,127.121095441815,51.620506910607,0.0076,0.0066,125.561702,0.9378,8
615,546513000,50,36.741151513000,127.121099030579,51.625771920197,0.0076,0.0066,125.920679,0.9378,8
616,546513050,50,36.741149410838,127.121102648727,51.625046485104,0.0076,0.0066,125.825924,0.9378,8
617,546513100,50,36.741147314358,127.121106273563,51.622104313225,0.0076,0.0066,125.702197,0.9378,8
618,546513150,50,36.741145252155,127.121109915149,51.621788401157,0.0076,0.0066,125.131380,0.9378,8
619,546513200,50,36.741143188721,127.121113579422,51.619915196672,0.0076,0.0066,124.980132,0.9378,8
620,546513250,50,36.741141123706,127.121117214993,51.627863362432,0.0076,0.0066,125.212727,0.9378,8
621,546513300,50,36.741139036405,127.121120828586,51.618065058254,0.0076,0.0066,125.667398,0.9378,8
622,546513350,50,36.741137016436,127.121124490257,51.623945296742,0.0076,0.0067,124.428247,0.9378,8
623,546513400,50,36.741134959215,127.121128150152,51.624797828496,0.0076,0.0067,124.931155,0.9378,8
624,546513450,50,36.741132928008,127.121131766088,51.617941993289,0.0076,0.0067,124.913880,0.9378,8
625,546513500,50,36.741130903305,127.121135465849,51.617724288255,0.0076,0.0067,124.214597,0.9378,8
626,546513550,50,36.741128855053,127.121139121310,51.627860987559,0.0076,0.0067,124.846282,0.9378,8
627,546513600,50,36.741126848208,127.121142738266,51.618610424921,0.0076,0.0067,124.582522,0.9378,8
628,546513650,50,36.741124838279,127.121146366128,51.626053029671,0.0075,0.0066,124.582564,0.9378,8
629,546513700,50,36.741122845562,127.121150032511,51.622563458048,0.0075,0.0066,124.032065,0.9378,8
630,546513750,50,36.741120830862,127.121153687613,51.619256250560,0.0075,0.0066,124.406465,0.9378,8
631,546513800,50,36.741118831170,127.121157321940,51.618738435209,0.0075,0.0066,124.359003,0.9378,8
632,546513850,50,36.741116858517,127.121160974781,51.623741432093,0.0075,0.0066,123.861678,0.9378,8
633,546513900,50,36.741114831475,127.121164584795,51.611786571331,0.0075,0.0066,124.902772,0.9378,8
634,546513950,50,36.741112840269,127.121168251773,51.618260647170,0.0075,0.0066,124.007580,0.9378,8
635,546514000,50,36.741110855955,127.121171924581,51.610569898970,0.0075,0.0066,123.873401,0.9378,8
636,546514050,50,36.741108880533,127.121175588979,51.612875555642,0.0075,0.0066,123.815132,0.9378,8
637,546514100,50,36.741106862322,127.121179199027,51.611726374365,0.0075,0.0066,124.785198,0.9378,8
638,546514150,50,36.741104864560,127.121182807545,51.621936817653,0.0075,0.0066,124.523641,0.9378,8
639,546514200,50,36.741102875160,127.121186437781,51.615196234547,0.0075,0.0066,124.251397,0.9378,8
640,546514250,50,36.741100880685,127.121190057847,51.612907988951,0.0076,0.0066,124.394202,0.9378,8
641,546514300,50,36.741098873359,127.121193681512,51.614052281715,0.0076,0.0066,124.539348,0.9378,8
642,546514350,50,36.741096860022,127.121197286304,51.617715724744,0.0076,0.0066,124.759406,0.9378,8
643,546514400,50,36.741094856836,127.121200907576,51.609007501043,0.0076,0.0066,124.501775,0.9378,8
644,546514450,50,36.741092855853,127.121204493737,51.611773197539,0.0076,0.0066,124.733289,0.9378,8
645,546514500,50,36.741090857828,127.121208143336,51.611477395520,0.0076,0.0066,124.224900,0.9378,8
646,546514550,50,36.741088832595,127.121211743502,51.611047666520,0.0076,0.0066,124.952201,0.9378,8
647,546514600,50,36.741086787297,127.121215301790,51.608676814474,0.0076,0.0066,125.534324,0.9378,8
648,546514650,50,36.741084731467,127.121218874675,51.607414597645,0.0075,0.0066,125.534368,0.9378,8
649,546514700,50,36.741082687545,127.121222462927,51.603740793653,0.0075,0.0066,125.289259,0.9378,8
650,546514750,50,36.741080617726,127.121226019702,51.609213942662,0.0075,0.0066,125.869514,0.9378,8
651,546514800,50,36.741078580385,127.121229616426,51.609522005543,0.0075,0.0066,125.138544,0.9378,8
652,546514850,50,36.741076499304,127.121233169362,51.606320889667,0.0075,0.0066,126.046680,0.9378,8
653,546514900,50,36.741074421238,127.121236695433,51.607612426393,0.0075,0.0066,126.214228,0.9378,8
654,546514950,50,36.741072318993,127.121240242803,51.604364761151,0.0075,0.0066,126.365817,0.9378,8
655,546515000,50,36.741070203829,127.121243775509,51.605060087517,0.0075,0.0066,126.647144,0.9378,8
656,546515050,50,36.741068098968,127.121247312707,51.604875481687,0.0075,0.0066,126.478453,0.9378,8
657,546515100,50,36.741065963359,127.121250809320,51.608316157945,0.0075,0.0066,127.194403,0.9378,8
658,546515150,50,36.741063770476,127.121254263096,51.604135422036,0.0075,0.0066,128.270062,0.9378,8
659,546515200,50,36.741061637794,127.121257778142,51.602115525864,0.0075,0.0066,127.011657,0.9378,8
660,546515250,50,36.741059471863,127.121261261161,51.608405194245,0.0075,0.0066,127.692028,0.9378,8
661,546515300,50,36.741057259524,127.121264717412,51.605193830095,0.0075,0.0066,128.496425,0.9378,8
662,546515350,50,36.741055088986,127.121268201133,51.604234089144,0.0075,0.0066,127.745359,0.9378,8
663,546515400,50,36.741052852890,127.121271623324,51.604914678261,0.0075,0.0066,129.072276,0.9378,8
664,546515450,50,36.741050609169,127.121275043871,51.604392311536,0.0075,0.0066,129.181234,0.9378,8
665,546515500,50,36.741048365460,127.121278461278,51.600700095296,0.0075,0.0066,129.206849,0.9378,8
666,546515550,50,36.741046092067,127.121281874588,51.598833068274,0.0075,0.0066,129.609922,0.9378,8
667,546515600,50,36.741043778705,127.121285231588,51.595403778367,0.0075,0.0066,130.571425,0.9378,8
668,546515650,50,36.741041477860,127.121288612001,51.597631098703,0.0076,0.0066,130.221457,0.9378,8
669,546515700,50,36.741039146350,127.121292036298,51.594485464506,0.0076,0.0066,130.231098,0.9378,8
670,546515750,50,36.741036852662,127.121295396844,51.594081874937,0.0076,0.0066,130.299974,0.9378,8
671,546515800,50,36.741034485998,127.121298727978,51.593719501980,0.0074,0.0066,130.300017,0.9378,8
672,546515850,50,36.741032102853,127.121302078987,51.592779597268,0.0074,0.0066,131.465269,0.9378,8
673,546515900,50,36.741029742276,127.121305450875,51.591060760431,0.0075,0.0066,131.018626,0.9378,8
674,546515950,50,36.741027327802,127.121308755677,51.587478558533,0.0075,0.0066,132.232519,0.9378,8
675,546516000,50,36.741024934435,127.121312090345,51.586119913496,0.0075,0.0066,131.726068,0.9378,8
676,546516050,50,36.741022525099,127.121315441568,51.583903941326,0.0075,0.0066,131.774389,0.9378,8
677,546516100,50,36.741020101456,127.121318757296,51.590586160310,0.0075,0.0066,132.246469,0.9378,8
678,546516150,50,36.741017619002,127.121322064090,51.581775554456,0.0075,0.0066,133.007962,0.9378,8
679,546516200,50,36.741015136265,127.121325359134,51.584203869104,0.0075,0.0066,133.112969,0.9378,8
680,546516250,50,36.741012626961,127.121328675969,51.580631181598,0.0075,0.0066,133.228809,0.9378,8
681,546516300,50,36.741010104405,127.121331960456,51.579854124226,0.0075,0.0066,133.659845,0.9378,8
682,546516350,50,36.741007591590,127.121335200848,51.577768157236,0.0075,0.0066,133.935953,0.9378,8
683,546516400,50,36.741005037374,127.121338494127,51.578112242743,0.0075,0.0066,133.940317,0.9378,8
684,546516450,50,36.741002463347,127.121341749956,51.580986769870,0.0075,0.0066,134.489069,0.9378,8
685,546516500,50,36.740999888625,127.121344995796,51.573509000242,0.0075,0.0066,134.584825,0.9378,8
686,546516550,50,36.740997317656,127.121348245990,51.574864869937,0.0075,0.0066,134.504648,0.9378,8
687,546516600,50,36.740994683813,127.121351460498,51.574096444994,0.0075,0.0066,135.513028,0.9378,8
688,546516650,50,36.740992043907,127.121354719725,51.572678484954,0.0075,0.0066,135.183138,0.9378,8
689,546516700,50,36.740989402656,127.121357923918,51.575106783770,0.0075,0.0066,135.685531,0.9378,8
690,546516750,50,36.740986774776,127.121361125738,51.576528674923,0.0075,0.0066,135.561378,0.9378,8
691,546516800,50,36.740984132009,127.121364329119,51.575159220956,0.0075,0.0066,135.709213,0.9378,8
692,546516850,50,36.740981565175,127.121367473093,51.569832850248,0.0075,0.0066,135.410357,0.9378,8
693,546516900,50,36.740978974886,127.121370581613,51.573453283869,0.0075,0.0066,135.995644,0.9378,8
694,546516950,50,36.740976439079,127.121373642541,51.571654706262,0.0075,0.0066,135.828744,0.9378,8
695,546517000,50,36.740973905596,127.121376663001,51.567381207831,0.0076,0.0066,136.183537,0.9378,8
696,546517050,50,36.740971421997,127.121379655718,51.565563407727,0.0076,0.0066,135.878365,0.9378,8
697,546517100,50,36.740968968036,127.121382603269,51.576113058254,0.0076,0.0066,135.970036,0.9378,8
698,546517150,50,36.740966554550,127.121385529179,51.563778991811,0.0074,0.0066,135.970077,0.9378,8
699,546517200,50,36.740964192807,127.121388380714,51.569631281309,0.0075,0.0066,135.821581,0.9378,8
700,546517250,50,36.740961853203,127.121391214755,51.568079250865,0.0075,0.0066,135.728080,0.9378,8
701,546517300,50,36.740959549570,127.121393960813,51.568167978898,0.0075,0.0066,136.187426,0.9378,8
702,546517350,50,36.740957247812,127.121396707534,51.563059506938,0.0075,0.0066,136.157193,0.9378,8
703,546517400,50,36.740954980627,127.121399343206,51.564490249380,0.0075,0.0066,136.904838,0.9378,8
704,546517450,50,36.740952756315,127.121401929501,51.567479688674,0.0075,0.0066,136.899695,0.9378,8
705,546517500,50,36.740950574031,127.121404504673,51.558994980529,0.0075,0.0066,136.477420,0.9378,8
706,546517550,50,36.740948456563,127.121407028948,51.566162946634,0.0075,0.0066,136.185883,0.9378,8
707,546517600,50,36.740946409256,127.121409523611,51.567598494701,0.0075,0.0066,135.558897,0.9378,8
708,546517650,50,36.740944413248,127.121412021127,51.558308770880,0.0074,0.0066,135.558936,0.9378,8
709,546517700,50,36.740942494019,127.121414437511,51.565606190823,0.0074,0.0066,134.621612,0.9378,8
710,546517750,50,36.740940570940,127.121416857757,51.567375747487,0.0074,0.0066,134.633270,0.9378,8
711,546517800,50,36.740938653142,127.121419252322,51.564359506592,0.0074,0.0066,134.860101,0.9378,8
712,546517850,50,36.740936791271,127.121421604836,51.562581609003,0.0074,0.0066,134.519799,0.9378,8
713,546517900,50,36.740934901319,127.121423926015,51.556082721800,0.0074,0.0066,135.332777,0.9378,8
714,546517950,50,36.740933082926,127.121426266401,51.561883181334,0.0074,0.0066,133.991143,0.9378,8
715,546518000,50,36.740931254824,127.121428631737,51.568100737408,0.0074,0.0066,133.840017,0.9378,8
716,546518050,50,36.740929460806,127.121430960814,51.563782541081,0.0075,0.0066,133.743498,0.9378,8
717,546518100,50,36.740927678152,127.121433339612,51.570053550415,0.0075,0.0066,132.957630,0.9378,8
718,546518150,50,36.740925889030,127.121435709988,51.569568441249,0.0075,0.0066,133.162526,0.9378,8
719,546518200,50,36.740924072311,127.121437915131,51.574873326346,0.0075,0.0066,135.669720,0.9378,8
720,546518250,50,36.740922202646,127.121439933202,51.579574573785,0.0075,0.0067,139.019124,0.9378,8
721,546518300,50,36.740920352872,127.121441912588,51.587560470216,0.0075,0.0067,139.264622,0.9378,8
722,546518350,50,36.740918490764,127.121444011776,51.585407610983,0.0075,0.0067,137.782995,0.9378,8
723,546518400,50,36.740916648051,127.121446239621,51.588483957574,0.0075,0.0067,135.783226,0.9378,8
724,546518450,50,36.740914823642,127.121448579194,51.590100076050,0.0076,0.0067,134.095644,0.9378,8
725,546518500,50,36.740913026267,127.121450970821,51.593544764444,0.0076,0.0067,133.038938,0.9378,8
726,546518550,50,36.740911296633,127.121453434130,51.583638180979,0.0076,0.0068,131.102880,0.9378,8
727,546518600,50,36.740909611377,127.121455891097,51.589492915198,0.0076,0.0068,130.439408,0.9378,8
728,546518700,50,36.740906032617,127.121460666623,51.581026989967,0.0085,0.0070,134.978481,0.9378,8
729,546518700,50,36.740906032617,127.121460666623,51.581026989967,0.0085,0.0070,134.978481,0.9378,8
730,546518750,50,36.740904163702,127.121462952494,51.598259769380,0.0085,0.0070,135.451218,0.9378,8
731,546518800,50,36.740902230230,127.121465201599,51.600844929926,0.0090,0.0072,136.887246,0.9378,8
732,546518850,50,36.740900399262,127.121467410118,51.602172098123,0.0090,0.0072,135.849636,0.9378,8
733,546518900,50,36.740898639841,127.121469634230,51.593828911893,0.0090,0.0072,134.506314,0.9378,8
734,546518950,50,36.740896957608,127.121471945631,51.594767094590,0.0091,0.0072,132.123098,0.9378,8
735,546519000,50,36.740895323665,127.121474276933,51.586109569296,0.0091,0.0072,131.050817,0.9378,8
736,546519050,50,36.740893722039,127.121476700595,51.584090166725,0.0091,0.0072,129.389123,0.9378,8
737,546519100,50,36.740892208583,127.121479185124,51.581329090521,0.0091,0.0072,127.121420,0.9378,8
738,546519150,50,36.740890711636,127.121481710849,51.576994988136,0.0091,0.0072,126.368496,0.9378,8
739,546519200,50,36.740889183954,127.121484205270,51.569963908754,0.0091,0.0072,127.269908,0.9378,8
740,546519250,50,36.740887647762,127.121486650956,51.569192855619,0.0091,0.0072,127.970380,0.9378,8
741,546519300,50,36.740886085590,127.121489032924,51.564606558532,0.0088,0.0071,129.176020,0.9378,8
742,546519350,50,36.740884445546,127.121491436140,51.566008878872,0.0088,0.0071,130.295935,0.9378,8
743,546519400,50,36.740882789036,127.121493758214,51.559808440506,0.0088,0.0071,131.553143,0.9378,8
744,546519450,50,36.740881120885,127.121496101337,51.560340072960,0.0087,0.0071,131.495688,0.9378,8
745,546519500,50,36.740879409865,127.121498446884,51.559558950365,0.0087,0.0071,132.188718,0.9378,8
746,546519550,50,36.740877841657,127.121500905100,51.552310952917,0.0087,0.0071,128.402371,0.9378,8
747,546519600,50,36.740876276215,127.121503412240,51.554844744503,0.0087,0.0071,127.805006,0.9378,8
748,546519650,50,36.740874699353,127.121505912710,51.556167478673,0.0086,0.0070,127.805033,0.9378,8
749,546519700,50,36.740873119483,127.121508480722,51.554518963210,0.0086,0.0070,127.394688,0.9378,8
750,546519750,50,36.740871501934,127.121511029145,51.558638658375,0.0086,0.0070,128.261353,0.9378,8
751,546519800,50,36.740869853664,127.121513511556,51.558886926621,0.0084,0.0069,129.522811,0.9378,8
752,546519850,50,36.740868127653,127.121515938678,51.558853574097,0.0084,0.0069,131.463731,0.9378,8
753,546519900,50,36.740866363313,127.121518350368,51.560005232692,0.0084,0.0069,132.270785,0.9378,8
754,546519950,50,36.740864600612,127.121520752972,51.557607238181,0.0083,0.0069,132.351950,0.9378,8
755,546520000,50,36.740862791077,127.121523110916,51.555713116191,0.0083,0.0069,133.637403,0.9378,8
756,546520050,50,36.740860916545,127.121525448486,51.557970405556,0.0083,0.0069,134.896477,0.9378,8
757,546520100,50,36.740858950232,127.121527790218,51.554234307259,0.0083,0.0069,136.214532,0.9378,8
758,546520150,50,36.740857114485,127.121530253456,51.548321273178,0.0083,0.0069,132.799531,0.9378,8
759,546520200,50,36.740855340500,127.121532773565,51.548030721955,0.0083,0.0069,131.174469,0.9378,8
760,546520250,50,36.740853624899,127.121535363944,51.544031667523,0.0083,0.0069,129.451480,0.9378,8
761,546520300,50,36.740851919306,127.121538044459,51.540690876544,0.0082,0.0069,128.330042,0.9378,8
762,546520350,50,36.740850425831,127.121540920978,51.541307190433,0.0082,0.0069,122.826416,0.9378,8
763,546520400,50,36.740848873231,127.121543729524,51.537558739074,0.0082,0.0069,124.484346,0.9378,8
764,546520450,50,36.740847216156,127.121546424368,51.530056644231,0.0082,0.0069,127.380904,0.9378,8
765,546520500,50,36.740845462770,127.121548942012,51.523492672481,0.0082,0.0069,130.870843,0.9378,8
766,546520550,50,36.740843632660,127.121551334383,51.516572978348,0.0083,0.0069,133.546151,0.9378,8
767,546520600,50,36.740841777783,127.121553763302,51.510518649593,0.0083,0.0069,133.496971,0.9378,8
768,546520650,50,36.740839947417,127.121556153411,51.520736075006,0.0082,0.0069,133.577201,0.9378,8
769,546520700,50,36.740838100516,127.121558635839,51.516790574417,0.0082,0.0070,132.750881,0.9378,8
770,546520750,50,36.740836286388,127.121561117571,51.515660854056,0.0082,0.0070,132.247916,0.9378,8
771,546520800,50,36.740834413846,127.121563587017,51.503412907012,0.0080,0.0069,132.247945,0.9378,8
772,546520850,50,36.740832612913,127.121566182543,51.497188509442,0.0080,0.0070,130.765717,0.9378,8
773,546520900,50,36.740831139472,127.121568949829,51.492779525928,0.0083,0.0073,123.487725,0.9378,8
774,546520950,50,36.740829775683,127.121571751293,51.500799609348,0.0084,0.0073,121.168626,0.9378,8
775,546521000,50,36.740828362341,127.121574446977,51.498951590620,0.0084,0.0073,123.082165,0.9378,8
776,546521050,50,36.740826832762,127.121577046187,51.503960124217,0.0086,0.0075,126.174046,0.9378,8
777,546521100,50,36.740825286196,127.121579624381,51.512360363267,0.0086,0.0075,126.698664,0.9378,8
778,546521150,50,36.740823624542,127.121582156108,51.521141322330,0.0086,0.0075,129.197357,0.9378,8
779,546521200,50,36.740821777847,127.121584512137,51.513943247497,0.0086,0.0075,134.242573,0.9378,8
780,546521250,50,36.740819900510,127.121586800713,51.491003411822,0.0086,0.0075,135.546079,0.9378,8
781,546521300,50,36.740818252225,127.121589321070,51.489110674709,0.0086,0.0076,129.097010,0.9378,8
782,546521350,50,36.740816735250,127.121592278736,51.485041109845,0.0087,0.0077,122.508591,0.9378,8
783,546521400,50,36.740815421494,127.121595415665,51.486115907319,0.0087,0.0077,117.491080,0.9378,8
784,546521450,50,36.740814053981,127.121598548280,51.496639057994,0.0089,0.0078,118.475755,0.9378,8
785,546521500,50,36.740812662517,127.121601537834,51.508193966933,0.0090,0.0079,120.041601,0.9378,8
786,546521550,50,36.740811259545,127.121604414444,51.509330132045,0.0090,0.0081,121.215686,0.9378,8
787,546521600,50,36.740809711069,127.121607092126,51.517268561758,0.0089,0.0081,125.698513,0.9378,8
788,546521650,50,36.740808080541,127.121609591878,51.519638840109,0.0089,0.0081,129.023476,0.9378,8
789,546521700,50,36.740806441200,127.121612055349,51.516107244417,0.0089,0.0081,129.585431,0.9378,8
790,546521750,50,36.740804799594,127.121614507955,51.515507925302,0.0089,0.0080,129.748721,0.9378,8
791,546521800,50,36.740803260494,127.121617040105,51.505699651316,0.0089,0.0080,127.061191,0.9378,8
792,546521850,50,36.740801906963,127.121619686411,51.498171075247,0.0089,0.0080,122.436796,0.9378,8
793,546521900,50,36.740800571728,127.121622366807,51.485516373068,0.0089,0.0080,121.755702,0.9378,8
794,546521950,50,36.740799215740,127.121625079694,51.472438028082,0.0090,0.0080,121.842271,0.9378,8
795,546522000,50,36.740797833875,127.121627870833,51.472917781211,0.0090,0.0080,121.598010,0.9378,8
796,546522050,50,36.740796418039,127.121630709391,51.472035113722,0.0089,0.0079,121.788564,0.9378,8
797,546522100,50,36.740794919396,127.121633429907,51.477454882115,0.0088,0.0078,121.788594,0.9378,8
798,546522150,50,36.740793325698,127.121636145589,51.474345473573,0.0087,0.0078,126.098411,0.9378,8
799,546522200,50,36.740791758001,127.121638783070,51.482136989944,0.0087,0.0078,126.447365,0.9378,8
800,546522250,50,36.740790224855,127.121641411113,51.480427979492,0.0087,0.0078,125.936773,0.9378,8
801,546522300,50,36.740788690180,127.121644029790,51.486700518988,0.0086,0.0078,126.061190,0.9378,8
802,546522350,50,36.740787188905,127.121646664966,51.485926643014,0.0086,0.0077,125.293438,0.9378,8
803,546522400,50,36.740785677044,127.121649302952,51.484686816111,0.0086,0.0077,125.454677,0.9378,8
804,546522450,50,36.740784202192,127.121651953988,51.488981331699,0.0085,0.0076,124.654127,0.9378,8
805,546522500,50,36.740782720290,127.121654640948,51.487570459023,0.0085,0.0076,124.421548,0.9378,8
806,546522550,50,36.740781237147,127.121657316300,51.486544631422,0.0084,0.0075,124.559704,0.9378,8
807,546522600,50,36.740779795183,127.121660015646,51.483883079141,0.0084,0.0074,123.573780,0.9378,8
808,546522650,50,36.740778251334,127.121662676083,51.473863993771,0.0083,0.0074,123.573812,0.9378,8
809,546522700,50,36.740776759152,127.121665379317,51.475909251720,0.0083,0.0074,124.444946,0.9378,8
810,546522750,50,36.740775249969,127.121668077295,51.481953544542,0.0083,0.0074,124.800559,0.9378,8
811,546522800,50,36.740773748343,127.121670745687,51.487529356964,0.0082,0.0073,124.962026,0.9378,8
812,546522850,50,36.740772216764,127.121673384404,51.489997150376,0.0082,0.0073,125.798671,0.9378,8
813,546522900,50,36.740770658767,127.121676022644,51.483115573414,0.0082,0.0073,126.269744,0.9378,8
814,546522950,50,36.740769114184,127.121678626204,51.476713536307,0.0081,0.0072,126.395110,0.9378,8
815,546523000,50,36.740767584362,127.121681271748,51.482484645210,0.0081,0.0072,125.697308,0.9378,8
816,546523050,50,36.740766078264,127.121683962565,51.478771212511,0.0080,0.0071,124.816965,0.9378,8
817,546523100,50,36.740764535981,127.121686562565,51.477395306341,0.0080,0.0071,126.391784,0.9378,8
818,546523150,50,36.740763036622,127.121689266890,51.475848747417,0.0080,0.0071,124.562481,0.9378,8
819,546523200,50,36.740761539850,127.121691873161,51.473385934718,0.0080,0.0071,125.510577,0.9378,8
820,546523250,50,36.740760042134,127.121694536646,51.482997013256,0.0080,0.0071,124.941360,0.9378,8
821,546523300,50,36.740758505701,127.121697184486,51.468511559069,0.0080,0.0071,125.790859,0.9378,8
822,546523350,50,36.740757205906,127.121700101142,51.469980633818,0.0080,0.0071,118.974233,0.9378,8
823,546523400,50,36.740755862469,127.121702977482,51.471295072697,0.0080,0.0071,120.128069,0.9378,8
824,546523450,50,36.740754340037,127.121705742135,51.459582224488,0.0080,0.0071,124.380898,0.9378,8
825,546523500,50,36.740752912364,127.121708471770,51.461557928473,0.0081,0.0071,123.018561,0.9378,8
826,546523550,50,36.740751309530,127.121710879650,51.469040349126,0.0081,0.0071,129.593951,0.9378,8
827,546523600,50,36.740749631082,127.121713226910,51.460488202982,0.0080,0.0071,129.593983,0.9378,8
828,546523650,50,36.740748005555,127.121715558164,51.469186226837,0.0080,0.0071,130.904865,0.9378,8
829,546523700,50,36.740746425177,127.121718039693,51.467224893160,0.0080,0.0071,128.354706,0.9378,8
830,546523750,50,36.740744898401,127.121720564520,51.470310870558,0.0080,0.0071,126.919573,0.9378,8
831,546523800,50,36.740743542910,127.121723293833,51.468236505985,0.0081,0.0071,121.678096,0.9378,8
832,546523850,50,36.740742264214,127.121726017875,51.457698129117,0.0081,0.0071,120.252909,0.9378,8
833,546523900,50,36.740740963407,127.121728786483,51.451257680543,0.0081,0.0071,120.275726,0.9378,8
834,546523950,50,36.740739591467,127.121731534945,51.445622023195,0.0082,0.0072,121.808092,0.9378,8
835,546524000,50,36.740738133780,127.121734254318,51.441499314271,0.0093,0.0075,123.664998,0.9378,8
836,546524050,50,36.740736535419,127.121736938695,51.449542723596,0.0092,0.0075,126.495211,0.9378,8
837,546524100,50,36.740734864429,127.121739478486,51.460365010425,0.0092,0.0075,129.265307,0.9378,8
838,546524150,50,36.740733296527,127.121742041467,51.467177455314,0.0092,0.0075,127.238733,0.9378,8
839,546524200,50,36.740731726060,127.121744577559,51.465066918172,0.0091,0.0074,127.575515,0.9378,8
840,546524250,50,36.740730236881,127.121747113367,51.468657608144,0.0091,0.0074,126.117432,0.9378,8
841,546524300,50,36.740728776386,127.121749664125,51.460201426409,0.0096,0.0075,125.429191,0.9378,8
842,546524350,50,36.740727390465,127.121752280627,51.468474830501,0.0095,0.0075,123.350533,0.9378,8
843,546524400,50,36.740726019756,127.121754909753,51.466434699483,0.0095,0.0075,122.934814,0.9378,8
844,546524450,50,36.740724637010,127.121757542030,51.462476091459,0.0095,0.0075,123.132389,0.9378,8
845,546524500,50,36.740723210611,127.121760172341,51.459400645457,0.0095,0.0075,123.972346,0.9378,8
846,546524550,50,36.740721781818,127.121762818210,51.463232471608,0.0094,0.0074,123.860364,0.9378,8
847,546524600,50,36.740720311818,127.121765413268,51.452921374701,0.0093,0.0074,123.860396,0.9378,8
848,546524650,50,36.740718820470,127.121768030856,51.451664341614,0.0092,0.0073,125.295130,0.9378,8
849,546524700,50,36.740717359222,127.121770663235,51.461452561431,0.0092,0.0073,124.595063,0.9378,8
850,546524750,50,36.740715891910,127.121773280604,51.458892370574,0.0092,0.0073,124.859552,0.9378,8
851,546524800,50,36.740714426988,127.121775896291,51.456124988385,0.0090,0.0073,124.833020,0.9378,8
852,546524850,50,36.740712960514,127.121778507317,51.458073137328,0.0089,0.0072,124.909414,0.9378,8
853,546524900,50,36.740711502562,127.121781089250,51.459584416822,0.0089,0.0072,125.054127,0.9378,8
854,546524950,50,36.740710060382,127.121783667338,51.465319192037,0.0088,0.0072,124.801678,0.9378,8
855,546525000,50,36.740708587822,127.121786285074,51.457378060557,0.0088,0.0072,124.951777,0.9378,8
856,546525050,50,36.740707182868,127.121788906580,51.462022297084,0.0088,0.0071,123.659851,0.9378,8
857,546525100,50,36.740705733347,127.121791542873,51.457264651544,0.0087,0.0071,124.339918,0.9378,8
858,546525150,50,36.740704292065,127.121794134349,51.461599984206,0.0087,0.0071,124.646009,0.9378,8
859,546525200,50,36.740702878030,127.121796771712,51.458536954597,0.0087,0.0071,123.670766,0.9378,8
860,546525250,50,36.740701466816,127.121799411865,51.455797715113,0.0087,0.0071,123.590041,0.9378,8
861,546525300,50,36.740700030332,127.121802042921,51.459239692427,0.0085,0.0071,124.152110,0.9378,8
862,546525350,50,36.740698606126,127.121804641667,51.459887702018,0.0085,0.0070,124.252576,0.9378,8
863,546525400,50,36.740697176961,127.121807259134,51.458846737631,0.0085,0.0070,124.153973,0.9378,8
864,546525450,50,36.740695758961,127.121809914581,51.454475203529,0.0084,0.0070,123.564197,0.9378,8
865,546525500,50,36.740694386401,127.121812573489,51.460853642784,0.0084,0.0070,122.676123,0.9378,8
866,546525550,50,36.740693020007,127.121815221254,51.460343269631,0.0084,0.0070,122.668235,0.9378,8
867,546525600,50,36.740691638861,127.121817864276,51.459615046158,0.0084,0.0070,122.995313,0.9378,8
868,546525650,50,36.740690283700,127.121820559541,51.452594493516,0.0084,0.0070,121.994138,0.9378,8
869,546525700,50,36.740688971096,127.121823291195,51.455459423363,0.0084,0.0070,120.839203,0.9378,8
870,546525750,50,36.740687636136,127.121825984601,51.455417051911,0.0083,0.0070,121.626388,0.9378,8
871,546525800,50,36.740686305275,127.121828690652,51.453781709075,0.0081,0.0069,121.626419,0.9378,8
872,546525850,50,36.740684966164,127.121831366186,51.453933347017,0.0081,0.0069,121.876700,0.9378,8
873,546525900,50,36.740683595569,127.121834057688,51.452428871766,0.0081,0.0069,122.322601,0.9378,8
874,546525950,50,36.740682250202,127.121836708764,51.455960939638,0.0080,0.0069,122.233484,0.9378,8
875,546526000,50,36.740680906231,127.121839366642,51.459434131160,0.0080,0.0069,122.140493,0.9378,8
876,546526050,50,36.740679533683,127.121842065582,51.458595384844,0.0080,0.0068,122.288027,0.9378,8
877,546526100,50,36.740678188863,127.121844759976,51.456582986750,0.0080,0.0068,121.805561,0.9378,8
878,546526150,50,36.740676879701,127.121847466427,51.456658249721,0.0080,0.0068,121.007016,0.9378,8
879,546526200,50,36.740675548464,127.121850180815,51.452729527839,0.0080,0.0068,121.357064,0.9378,8
880,546526250,50,36.740674223403,127.121852853163,51.452690218575,0.0080,0.0068,121.636792,0.9378,8
881,546526300,50,36.740672923588,127.121855542943,51.452822349966,0.0079,0.0068,120.982060,0.9378,8
882,546526350,50,36.740671629260,127.121858241135,51.450324100442,0.0079,0.0068,120.796471,0.9378,8
883,546526400,50,36.740670275871,127.121860912755,51.452022534795,0.0079,0.0068,122.187613,0.9378,8
884,546526450,50,36.740668948089,127.121863631310,51.454813738354,0.0079,0.0068,121.251944,0.9378,8
885,546526500,50,36.740667595653,127.121866293929,51.455463170074,0.0079,0.0068,122.256633,0.9378,8
886,546526550,50,36.740666254651,127.121868964832,51.452509849332,0.0079,0.0068,121.957496,0.9378,8
887,546526600,50,36.740664971970,127.121871699042,51.449075872079,0.0079,0.0068,120.237535,0.9378,8
888,546526650,50,36.740663670237,127.121874409071,51.451303898357,0.0079,0.0068,120.829900,0.9378,8
889,546526700,50,36.740662374779,127.121877105615,51.445904615335,0.0079,0.0068,120.833840,0.9378,8
890,546526750,50,36.740661113414,127.121879836041,51.449687741697,0.0079,0.0068,119.855778,0.9378,8
891,546526800,50,36.740659835238,127.121882575081,51.454133200459,0.0078,0.0068,120.105996,0.9378,8
892,546526850,50,36.740658496192,127.121885286877,51.445978083648,0.0078,0.0068,121.530543,0.9378,8
893,546526900,50,36.740657183274,127.121887990091,51.449883581139,0.0078,0.0068,121.109845,0.9378,8
894,546526950,50,36.740655831002,127.121890684814,51.444176222198,0.0077,0.0067,121.109877,0.9378,8
895,546527000,50,36.740654573813,127.121893402005,51.447067273781,0.0077,0.0067,119.893983,0.9378,8
896,546527050,50,36.740653335621,127.121896123631,51.444668664597,0.0077,0.0067,119.478425,0.9378,8
897,546527100,50,36.740652078631,127.121898825526,51.445589346811,0.0077,0.0067,120.029983,0.9378,8
898,546527150,50,36.740650792768,127.121901556431,51.436987275258,0.0077,0.0067,120.329549,0.9378,8
899,546527200,50,36.740649536610,127.121904290592,51.446044608019,0.0077,0.0067,119.719827,0.9378,8
900,546527250,50,36.740648300920,127.121907079622,51.445864824578,0.0077,0.0067,118.832760,0.9378,8
901,546527300,50,36.740647056280,127.121909806316,51.445147431456,0.0077,0.0067,119.560334,0.9378,8
902,546527350,50,36.740645807850,127.121912529304,51.448200548068,0.0077,0.0067,119.668611,0.9378,8
903,546527400,50,36.740644576831,127.121915293144,51.445134203881,0.0077,0.0067,118.960908,0.9378,8
904,546527450,50,36.740643322020,127.121918046231,51.438229786232,0.0077,0.0067,119.523578,0.9378,8
905,546527500,50,36.740642117452,127.121920790656,51.444194433279,0.0077,0.0067,118.606119,0.9378,8
906,546527550,50,36.740640886235,127.121923582542,51.442228279077,0.0077,0.0067,118.720343,0.9378,8
907,546527600,50,36.740639678319,127.121926362401,51.440246211365,0.0077,0.0067,118.364680,0.9378,8
908,546527650,50,36.740638447432,127.121929135387,51.441647377796,0.0076,0.0067,118.364712,0.9378,8
909,546527700,50,36.740637251956,127.121931933694,51.442161922343,0.0076,0.0067,117.960196,0.9378,8
910,546527750,50,36.740636048021,127.121934695267,51.442137503065,0.0076,0.0067,118.443794,0.9378,8
911,546527800,50,36.740634796972,127.121937481761,51.441125147045,0.0075,0.0067,119.154930,0.9378,8
912,546527850,50,36.740633628136,127.121940285210,51.442992108874,0.0075,0.0067,117.385894,0.9378,8
913,546527900,50,36.740632414203,127.121943088248,51.437114648521,0.0075,0.0067,118.284884,0.9378,8
914,546527950,50,36.740631229681,127.121945898409,51.437205922790,0.0075,0.0067,117.642701,0.9378,8
915,546528000,50,36.740630035447,127.121948720042,51.440237641335,0.0075,0.0067,117.739132,0.9378,8
916,546528050,50,36.740628869350,127.121951518611,51.439175369218,0.0075,0.0067,117.371750,0.9378,8
917,546528100,50,36.740627696445,127.121954331472,51.440533566289,0.0075,0.0067,117.388762,0.9378,8
918,546528150,50,36.740626507548,127.121957149581,51.445056227036,0.0075,0.0067,117.663000,0.9378,8
919,546528200,50,36.740625338008,127.121959951173,51.442682841793,0.0076,0.0067,117.415468,0.9378,8
920,546528300,50,36.740623051147,127.121965602061,51.439868367277,0.0075,0.0067,116.757126,0.9378,8
921,546528300,50,36.740623051147,127.121965602061,51.439868367277,0.0075,0.0067,116.757126,0.9378,8
922,546528350,50,36.740621888293,127.121968420839,51.445055166259,0.0075,0.0067,117.138928,0.9378,8
923,546528400,50,36.740620728505,127.121971263159,51.445526673459,0.0076,0.0067,116.884924,0.9378,8
924,546528450,50,36.740619581965,127.121974076659,51.440331956372,0.0076,0.0067,116.854936,0.9378,8
925,546528500,50,36.740618457474,127.121976900234,51.440831571817,0.0076,0.0067,116.327641,0.9378,8
926,546528550,50,36.740617319550,127.121979733666,51.441193450242,0.0076,0.0067,116.519219,0.9378,8
927,546528600,50,36.740616198200,127.121982565631,51.439738070592,0.0076,0.0067,116.196569,0.9378,8
928,546528650,50,36.740615068930,127.121985405822,51.439880645834,0.0075,0.0066,116.196602,0.9378,8
929,546528700,50,36.740613945336,127.121988259228,51.442916831933,0.0075,0.0066,116.071022,0.9378,8
930,546528750,50,36.740612863627,127.121991139257,51.445278480649,0.0075,0.0067,115.017279,0.9378,8
931,546528800,50,36.740611782498,127.121993973036,51.440858510323,0.0075,0.0067,115.362671,0.9378,8
932,546528850,50,36.740610685070,127.121996828982,51.438804082572,0.0075,0.0067,115.522080,0.9378,8
933,546528900,50,36.740609582855,127.121999666108,51.442558522336,0.0075,0.0067,115.767182,0.9378,8
934,546528950,50,36.740608529732,127.122002547760,51.445541060530,0.0075,0.0067,114.422141,0.9378,8
935,546529000,50,36.740607414625,127.122005410833,51.438975308090,0.0075,0.0067,115.823844,0.9378,8
936,546529050,50,36.740606351444,127.122008279409,51.447308009490,0.0075,0.0067,114.726668,0.9378,8
937,546529100,50,36.740605239491,127.122011110145,51.441680221818,0.0075,0.0067,116.015902,0.9378,8
938,546529150,50,36.740604227955,127.122014000783,51.447654047050,0.0075,0.0067,113.499323,0.9378,8
939,546529200,50,36.740603155786,127.122016873813,51.444215418771,0.0076,0.0067,114.876466,0.9378,8
940,546529250,50,36.740602101403,127.122019702188,51.436968978494,0.0076,0.0067,114.853229,0.9378,8
941,546529300,50,36.740601074969,127.122022617073,51.445531535894,0.0076,0.0067,113.630925,0.9378,8
942,546529350,50,36.740600012921,127.122025447569,51.444321525283,0.0076,0.0067,114.995414,0.9378,8
943,546529400,50,36.740598953740,127.122028329011,51.440011514351,0.0076,0.0067,114.547652,0.9378,8
