0,547392550,50,36.740410381345,127.122963163570,51.631600581110,0.0073,0.0073,35.364548,1.0675,8
1,547392600,50,36.740410361355,127.122963132642,51.624002226628,0.0073,0.0073,231.234065,1.0675,8
2,547392650,50,36.740410403219,127.122963147087,51.631575353444,0.0072,0.0072,231.234065,1.0675,8
3,547392700,50,36.740410386541,127.122963127193,51.634272716008,0.0072,0.0072,223.829641,1.0675,8
4,547392750,50,36.740410401672,127.122963136816,51.632094669156,0.0072,0.0072,27.106142,1.0675,8
5,547392800,50,36.740410388722,127.122963128985,51.627138242126,0.0072,0.0072,205.953559,1.0675,8
6,547392850,50,36.740410407936,127.122963137703,51.631697560661,0.0072,0.0072,20.061003,1.0675,8
7,547392900,50,36.740410402567,127.122963144899,51.633593877777,0.0072,0.0072,132.830935,1.0675,8
8,547392950,50,36.740410388155,127.122963126200,51.628112737089,0.0072,0.0072,226.238807,1.0675,8
9,547393000,50,36.740410409998,127.122963144562,51.629627200775,0.0072,0.0072,34.081076,1.0675,8
10,547393050,50,36.740410381750,127.122963108689,51.627117143013,0.0072,0.0072,225.625855,1.0675,8
11,547393100,50,36.740410398899,127.122963128975,51.627937852405,0.0072,0.0072,43.593498,1.0675,8
12,547393150,50,36.740410391550,127.122963153384,51.628445775248,0.0072,0.0072,110.511360,1.0675,8
13,547393200,50,36.740410392851,127.122963112343,51.628153003752,0.0072,0.0072,272.255704,1.0675,8
14,547393250,50,36.740410393827,127.122963140962,51.628879819065,0.0072,0.0072,87.573179,1.0675,8
15,547393300,50,36.740410412292,127.122963131189,51.633338010870,0.0072,0.0072,336.926124,1.0675,8
16,547393350,50,36.740410369204,127.122963100497,51.627226421610,0.0072,0.0072,209.824184,1.0675,8
17,547393400,50,36.740410376442,127.122963116040,51.626375881024,0.0072,0.0072,59.944009,1.0675,8
18,547393450,50,36.740410406832,127.122963134872,51.634947960265,0.0072,0.0072,26.507110,1.0675,8
19,547393500,50,36.740410382560,127.122963131509,51.628521853127,0.0072,0.0072,186.363708,1.0675,8
20,547393550,50,36.740410400406,127.122963135865,51.629345023073,0.0072,0.0072,11.114556,1.0675,8
21,547393600,50,36.740410387006,127.122963114057,51.633179173805,0.0072,0.0072,232.639291,1.0675,8
22,547393650,50,36.740410377542,127.122963113356,51.630639464594,0.0072,0.0072,232.639291,1.0675,8
23,547393700,50,36.740410374653,127.122963107664,51.629664781503,0.0072,0.0072,237.763314,1.0675,8
24,547393750,50,36.740410386742,127.122963118671,51.629881455563,0.0072,0.0072,36.234525,1.0675,8
25,547393800,50,36.740410370926,127.122963122180,51.628496214747,0.0072,0.0072,169.876759,1.0675,8
26,547393850,50,36.740410377290,127.122963124539,51.624590893276,0.0072,0.0072,16.607493,1.0675,8
27,547393900,50,36.740410367771,127.122963111322,51.625961489044,0.0072,0.0072,228.176108,1.0675,8
28,547393950,50,36.740410384273,127.122963130209,51.634128835052,0.0072,0.0072,42.651731,1.0675,8
29,547394000,50,36.740410359085,127.122963123842,51.621276872233,0.0072,0.0072,191.499883,1.0675,8
30,547394050,50,36.740410376910,127.122963125412,51.632293123752,0.0072,0.0072,4.053555,1.0675,8
31,547394100,50,36.740410372508,127.122963115641,51.632795308717,0.0072,0.0072,240.761188,1.0675,8
32,547394150,50,36.740410366967,127.122963114349,51.627091435716,0.0072,0.0072,190.627017,1.0675,8
33,547394200,50,36.740410367516,127.122963107642,51.627508417703,0.0072,0.0072,275.809948,1.0675,8
34,547394250,50,36.740410369430,127.122963100968,51.627136622556,0.0072,0.0072,289.609932,1.0675,8
35,547394300,50,36.740410374826,127.122963122574,51.630188499577,0.0072,0.0072,72.761170,1.0675,8
36,547394350,50,36.740410377539,127.122963122819,51.629447854124,0.0072,0.0072,4.166587,1.0675,8
37,547394400,50,36.740410375529,127.122963103803,51.631898679771,0.0072,0.0072,262.518238,1.0675,8
38,547394450,50,36.740410389197,127.122963111714,51.630240201019,0.0072,0.0072,24.978323,1.0675,8
39,547394500,50,36.740410336824,127.122963100037,51.618452315219,0.0072,0.0072,190.173716,1.0675,8
40,547394550,50,36.740410395399,127.122963135159,51.632989910431,0.0072,0.0072,25.761090,1.0675,8
41,547394600,50,36.740410380282,127.122963119190,51.629322648980,0.0072,0.0072,220.370594,1.0675,8
42,547394650,50,36.740410358738,127.122963097511,51.627097753808,0.0072,0.0072,220.370594,1.0675,8
43,547394700,50,36.740410408580,127.122963122434,51.638206743635,0.0072,0.0072,21.922303,1.0675,8
44,547394750,50,36.740410428960,127.122963126093,51.638421301730,0.0072,0.0072,8.220532,1.0675,8
45,547394800,50,36.740410415161,127.122963107220,51.638586697169,0.0072,0.0072,227.744879,1.0675,8
46,547394850,50,36.740410399673,127.122963126499,51.633942963555,0.0072,0.0072,134.948607,1.0675,8
47,547394900,50,36.740410409014,127.122963119675,51.636426633224,0.0072,0.0072,329.546115,1.0675,8
48,547394950,50,36.740410410226,127.122963108692,51.632902945392,0.0072,0.0072,277.810742,1.0675,8
49,547395000,50,36.740410392406,127.122963113996,51.629435326904,0.0072,0.0072,166.531065,1.0675,8
50,547395050,50,36.740410422534,127.122963117633,51.635451951064,0.0072,0.0072,5.550652,1.0675,8
51,547395100,50,36.740410392309,127.122963097003,51.630238680169,0.0072,0.0072,208.781740,1.0675,8
52,547395150,50,36.740410393673,127.122963102005,51.631387355737,0.0072,0.0072,71.284237,1.0675,8
53,547395200,50,36.740410382112,127.122963101588,51.631191174500,0.0072,0.0072,181.664177,1.0675,8
54,547395250,50,36.740410374044,127.122963111485,51.629991487600,0.0072,0.0072,135.364344,1.0675,8
55,547395300,50,36.740410405118,127.122963132506,51.632620063610,0.0072,0.0072,28.566089,1.0675,8
56,547395350,50,36.740410391831,127.122963115834,51.635132258758,0.0072,0.0072,225.282609,1.0675,8
57,547395400,50,36.740410397079,127.122963120464,51.633208256215,0.0072,0.0072,35.381420,1.0675,8
58,547395450,50,36.740410397586,127.122963124849,51.632331448607,0.0072,0.0072,81.827450,1.0675,8
59,547395500,50,36.740410394900,127.122963116128,51.628487850539,0.0072,0.0072,249.064472,1.0675,8
60,547395550,50,36.740410400548,127.122963125183,51.632917592302,0.0072,0.0072,52.224227,1.0675,8
61,547395600,50,36.740410390970,127.122963121412,51.632754473016,0.0072,0.0072,197.580727,1.0675,8
62,547395650,50,36.740410383578,127.122963129799,51.633343095891,0.0072,0.0072,137.597681,1.0675,8
63,547395700,50,36.740410394260,127.122963128717,51.632985989563,0.0072,0.0072,355.341291,1.0675,8
64,547395750,50,36.740410394880,127.122963120211,51.636712929234,0.0072,0.0072,275.172068,1.0675,8
65,547395800,50,36.740410375537,127.122963103876,51.633700139821,0.0072,0.0072,214.203713,1.0675,8
66,547395850,50,36.740410393726,127.122963112296,51.633822657168,0.0072,0.0072,20.434392,1.0675,8
67,547395900,50,36.740410414060,127.122963100991,51.636724329554,0.0072,0.0072,20.434392,1.0675,8
68,547395950,50,36.740410393936,127.122963110197,51.632308212109,0.0071,0.0072,159.787824,1.0675,8
69,547396000,50,36.740410422695,127.122963114239,51.635412381031,0.0072,0.0072,6.453675,1.0675,8
70,547396050,50,36.740410399746,127.122963102529,51.633398606442,0.0072,0.0072,202.327137,1.0675,8
71,547396100,50,36.740410415618,127.122963107511,51.632582897320,0.0072,0.0072,14.179772,1.0675,8
72,547396150,50,36.740410426507,127.122963097996,51.636994404718,0.0072,0.0072,324.879530,1.0675,8
73,547396200,50,36.740410420647,127.122963107782,51.633307095617,0.0072,0.0072,126.649917,1.0675,8
74,547396250,50,36.740410417266,127.122963107885,51.635020618327,0.0072,0.0072,178.596937,1.0675,8
75,547396300,50,36.740410417322,127.122963089131,51.631866152398,0.0072,0.0072,270.214758,1.0675,8
76,547396350,50,36.740410412392,127.122963120687,51.630974128842,0.0072,0.0072,100.986330,1.0675,8
77,547396400,50,36.740410401253,127.122963104625,51.628507384099,0.0072,0.0072,229.248846,1.0675,8
78,547396450,50,36.740410422132,127.122963108594,51.636694490910,0.0072,0.0072,8.698667,1.0675,8
79,547396500,50,36.740410407422,127.122963087487,51.631038296036,0.0072,0.0072,229.108375,1.0675,8
80,547396550,50,36.740410420044,127.122963131519,51.631837087683,0.0072,0.0072,70.395520,1.0675,8
81,547396600,50,36.740410418222,127.122963110333,51.635083706118,0.0072,0.0072,263.903218,1.0675,8
82,547396650,50,36.740410418485,127.122963085660,51.636887996458,0.0072,0.0072,270.757309,1.0675,8
83,547396700,50,36.740410423140,127.122963108277,51.631348512135,0.0072,0.0072,75.654591,1.0675,8
84,547396750,50,36.740410414628,127.122963103929,51.634654355235,0.0072,0.0072,202.344774,1.0675,8
85,547396800,50,36.740410409068,127.122963106751,51.632108822465,0.0072,0.0072,157.784659,1.0675,8
86,547396850,50,36.740410414538,127.122963109376,51.630005388521,0.0072,0.0072,21.124601,1.0675,8
87,547396900,50,36.740410422020,127.122963104774,51.630787824281,0.0072,0.0072,333.664371,1.0675,8
88,547396950,50,36.740410436342,127.122963118554,51.637619317509,0.0072,0.0072,37.751477,1.0675,8
89,547397000,50,36.740410448617,127.122963114887,51.637409304269,0.0072,0.0072,37.751477,1.0675,8
90,547397050,50,36.740410425552,127.122963116148,51.636490613222,0.0072,0.0072,177.481256,1.0675,8
91,547397100,50,36.740410407843,127.122963092927,51.636118913069,0.0072,0.0072,226.543251,1.0675,8
92,547397150,50,36.740410435502,127.122963113543,51.634495810606,0.0072,0.0072,30.960127,1.0675,8
93,547397200,50,36.740410418761,127.122963102994,51.637803131714,0.0072,0.0072,206.892918,1.0675,8
94,547397250,50,36.740410430819,127.122963099661,51.638977416791,0.0072,0.0072,347.459871,1.0675,8
95,547397300,50,36.740410437120,127.122963107807,51.634554152377,0.0072,0.0072,46.136361,1.0675,8
96,547397350,50,36.740410422228,127.122963103089,51.636953352019,0.0072,0.0072,194.306329,1.0675,8
97,547397400,50,36.740410429745,127.122963098898,51.633593033999,0.0072,0.0072,335.833318,1.0675,8
98,547397450,50,36.740410426690,127.122963089099,51.637922664173,0.0072,0.0072,248.827333,1.0675,8
99,547397500,50,36.740410439657,127.122963094297,51.637071755715,0.0072,0.0072,17.880209,1.0675,8
100,547397550,50,36.740410437227,127.122963090408,51.636855340563,0.0072,0.0072,232.172568,1.0675,8
101,547397600,50,36.740410429393,127.122963104178,51.637898364104,0.0072,0.0072,125.254568,1.0675,8
102,547397650,50,36.740410418638,127.122963100721,51.630981834605,0.0071,0.0072,125.254568,1.0675,8
103,547397700,50,36.740410415895,127.122963088554,51.633899233304,0.0071,0.0072,254.352405,1.0675,8
104,547397750,50,36.740410434255,127.122963114704,51.634228531271,0.0071,0.0072,48.899625,1.0675,8
105,547397800,50,36.740410430201,127.122963099376,51.637568086386,0.0071,0.0072,251.809084,1.0675,8
106,547397850,50,36.740410429137,127.122963114206,51.637096990831,0.0071,0.0072,95.096959,1.0675,8
107,547397900,50,36.740410424978,127.122963107496,51.636925528757,0.0071,0.0072,232.400515,1.0675,8
108,547397950,50,36.740410426019,127.122963099118,51.633890401572,0.0071,0.0072,278.776318,1.0675,8
109,547398000,50,36.740410430291,127.122963111711,51.633308167569,0.0071,0.0072,67.146869,1.0675,8
110,547398050,50,36.740410438491,127.122963102002,51.634595742449,0.0071,0.0072,316.383443,1.0675,8
111,547398100,50,36.740410440938,127.122963109382,51.633647813462,0.0071,0.0072,67.607767,1.0675,8
112,547398150,50,36.740410418845,127.122963092390,51.637336463667,0.0071,0.0072,211.757588,1.0675,8
113,547398200,50,36.740410431149,127.122963110368,51.630913109519,0.0071,0.0072,49.625101,1.0675,8
114,547398250,50,36.740410442789,127.122963116154,51.637587255798,0.0071,0.0072,21.801795,1.0675,8
115,547398300,50,36.740410429056,127.122963088506,51.635091059841,0.0071,0.0072,238.317848,1.0675,8
116,547398350,50,36.740410428288,127.122963114665,51.632266647182,0.0071,0.0072,92.089284,1.0675,8
117,547398400,50,36.740410439784,127.122963095681,51.635344030336,0.0071,0.0072,306.958411,1.0675,8
118,547398450,50,36.740410430093,127.122963113823,51.632898843847,0.0071,0.0072,123.571918,1.0675,8
119,547398500,50,36.740410427140,127.122963128650,51.635317482986,0.0072,0.0072,103.901948,1.0675,8
120,547398550,50,36.740410452735,127.122963098967,51.642528378405,0.0072,0.0072,316.973891,1.0675,8
121,547398600,50,36.740410425027,127.122963105709,51.636357504874,0.0072,0.0072,168.920355,1.0675,8
122,547398650,50,36.740410412540,127.122963105430,51.635199650191,0.0071,0.0072,168.920355,1.0675,8
123,547398700,50,36.740410444872,127.122963112369,51.643732689321,0.0071,0.0072,9.800412,1.0675,8
124,547398750,50,36.740410425842,127.122963104926,51.639085294679,0.0071,0.0072,197.473693,1.0675,8
125,547398800,50,36.740410411923,127.122963091678,51.634940460324,0.0071,0.0072,217.451121,1.0675,8
126,547398850,50,36.740410445445,127.122963116460,51.637082749978,0.0071,0.0072,30.751291,1.0675,8
127,547398900,50,36.740410414946,127.122963095369,51.636584505439,0.0071,0.0072,209.097691,1.0675,8
128,547398950,50,36.740410444064,127.122963110402,51.635296848603,0.0071,0.0072,22.562599,1.0675,8
129,547399000,50,36.740410436085,127.122963100215,51.637094656937,0.0071,0.0072,225.776438,1.0675,8
130,547399050,50,36.740410436047,127.122963136903,51.638598101214,0.0071,0.0072,90.074179,1.0675,8
131,547399100,50,36.740410425770,127.122963121328,51.637567287311,0.0071,0.0072,230.654061,1.0675,8
132,547399150,50,36.740410462881,127.122963110723,51.641702576540,0.0071,0.0072,347.047475,1.0675,8
133,547399200,50,36.740410440830,127.122963108511,51.636678321287,0.0071,0.0072,184.617298,1.0675,8
134,547399250,50,36.740410454262,127.122963114914,51.640307524242,0.0071,0.0072,20.990715,1.0675,8
135,547399300,50,36.740410467580,127.122963128158,51.642878386192,0.0071,0.0072,38.671249,1.0675,8
136,547399350,50,36.740410434562,127.122963103206,51.633859609254,0.0072,0.0072,211.307686,1.0675,8
137,547399400,50,36.740410447014,127.122963119268,51.639477944002,0.0072,0.0072,46.071212,1.0675,8
138,547399450,50,36.740410499592,127.122963099923,51.642669773661,0.0072,0.0072,343.504910,1.0675,8
139,547399500,50,36.740410464950,127.122963054936,51.637425748631,0.0072,0.0072,226.265140,1.0675,8
140,547399550,50,36.740410495129,127.122963018613,51.639957455918,0.0072,0.0072,315.911414,1.0675,8
141,547399600,50,36.740410504182,127.122962974748,51.638559486717,0.0072,0.0072,284.382543,1.0675,8
142,547399650,50,36.740410489420,127.122962902516,51.638725570403,0.0071,0.0072,284.382543,1.0675,8
143,547399700,50,36.740410494336,127.122962823723,51.633881227113,0.0071,0.0072,274.432620,1.0675,8
144,547399750,50,36.740410560505,127.122962763094,51.638930992223,0.0071,0.0072,323.593518,1.0675,8
145,547399800,50,36.740410574405,127.122962687418,51.635451052338,0.0071,0.0072,282.855711,1.0675,8
146,547399850,50,36.740410604035,127.122962574256,51.634465624578,0.0071,0.0072,288.021532,1.0675,8
147,547399900,50,36.740410647110,127.122962459471,51.637495542876,0.0071,0.0072,294.998569,1.0675,8
148,547399950,50,36.740410688349,127.122962344275,51.641346031800,0.0072,0.0072,293.979908,1.0675,8
149,547400000,50,36.740410693388,127.122962192799,51.636285669170,0.0072,0.0072,272.366954,1.0675,8
150,547400050,50,36.740410753424,127.122962036757,51.633316515014,0.0072,0.0072,295.549954,1.0675,8
151,547400100,50,36.740410792732,127.122961822368,51.631759611890,0.0072,0.0072,282.833642,1.0675,8
152,547400150,50,36.740410853929,127.122961615056,51.626385655254,0.0072,0.0072,290.142035,1.0675,8
153,547400200,50,36.740410901439,127.122961390815,51.623108305968,0.0072,0.0072,284.748628,1.0675,8
154,547400250,50,36.740411031183,127.122961195237,51.632703627460,0.0072,0.0072,309.497635,1.0675,8
155,547400300,50,36.740411124462,127.122960905435,51.633363183588,0.0072,0.0072,291.797755,1.0675,8
156,547400350,50,36.740411250484,127.122960631469,51.637614180334,0.0072,0.0072,299.749833,1.0675,8
157,547400400,50,36.740411341980,127.122960263979,51.632727194577,0.0072,0.0072,287.189772,1.0675,8
158,547400450,50,36.740411441837,127.122959889217,51.629612918943,0.0072,0.0072,288.318240,1.0675,8
159,547400500,50,36.740411568163,127.122959543612,51.630270692520,0.0072,0.0072,294.425901,1.0675,8
160,547400550,50,36.740411707684,127.122959131359,51.636953218840,0.0072,0.0072,292.807198,1.0675,8
161,547400600,50,36.740411828561,127.122958683565,51.629233276471,0.0072,0.0072,288.541541,1.0675,8
162,547400650,50,36.740411987886,127.122958209189,51.624653804116,0.0072,0.0072,292.651361,1.0675,8
163,547400700,50,36.740412136763,127.122957722286,51.632227672264,0.0072,0.0072,290.802578,1.0675,8
164,547400750,50,36.740412304744,127.122957192755,51.627423253842,0.0072,0.0072,291.512201,1.0675,8
165,547400800,50,36.740412475060,127.122956677761,51.627834080718,0.0071,0.0072,291.512200,1.0675,8
166,547400850,50,36.740412679475,127.122956139855,51.637263916433,0.0072,0.0072,295.275667,1.0675,8
167,547400900,50,36.740412825212,127.122955452298,51.627678588964,0.0072,0.0072,284.754738,1.0675,8
168,547400950,50,36.740413062937,127.122954849118,51.638519554399,0.0072,0.0072,296.090875,1.0675,8
169,547401000,50,36.740413271334,127.122954198143,51.625625696033,0.0072,0.0072,291.691024,1.0675,8
170,547401050,50,36.740413487472,127.122953520299,51.626123241149,0.0072,0.0072,291.612866,1.0675,8
171,547401100,50,36.740413699063,127.122952772597,51.628579752520,0.0072,0.0072,289.372493,1.0675,8
172,547401150,50,36.740414010245,127.122952013611,51.638529038057,0.0072,0.0072,296.995474,1.0675,8
173,547401200,50,36.740414236217,127.122951194957,51.628233102150,0.0072,0.0072,288.930319,1.0675,8
174,547401250,50,36.740414502793,127.122950348166,51.623133861460,0.0072,0.0072,291.363036,1.0675,8
175,547401300,50,36.740414809512,127.122949513106,51.630741468631,0.0072,0.0072,294.530850,1.0675,8
176,547401350,50,36.740415069798,127.122948626859,51.635360983200,0.0072,0.0072,290.048033,1.0675,8
177,547401400,50,36.740415404946,127.122947697580,51.630335054360,0.0072,0.0073,294.137916,1.0675,8
178,547401450,50,36.740415655871,127.122946702198,51.624708679505,0.0073,0.0073,287.391776,1.0675,8
179,547401500,50,36.740416001039,127.122945713437,51.632755394094,0.0073,0.0073,293.448788,1.0675,8
180,547401550,50,36.740416329057,127.122944661762,51.623426341452,0.0073,0.0073,291.183352,1.0675,8
181,547401600,50,36.740416673217,127.122943601303,51.623825335875,0.0073,0.0073,291.961424,1.0675,8
182,547401650,50,36.740417029491,127.122942506376,51.632008678280,0.0073,0.0073,292.013295,1.0675,8
183,547401700,50,36.740417389515,127.122941404607,51.626476864330,0.0073,0.0073,292.097830,1.0675,8
184,547401750,50,36.740417767825,127.122940229964,51.624737624079,0.0073,0.0073,291.809725,1.0675,8
185,547401800,50,36.740418146307,127.122939051149,51.621212207712,0.0073,0.0073,291.748693,1.0675,8
186,547401850,50,36.740418521958,127.122937794515,51.627860737033,0.0073,0.0073,290.376479,1.0675,8
187,547401900,50,36.740418931920,127.122936534933,51.621934364550,0.0073,0.0073,292.018671,1.0675,8
188,547401950,50,36.740419327454,127.122935198914,51.624783234671,0.0073,0.0074,290.196103,1.0675,8
189,547402000,50,36.740419792506,127.122933942274,51.630215498619,0.0074,0.0074,294.694098,1.0675,8
190,547402050,50,36.740420205639,127.122932548911,51.627500575036,0.0074,0.0074,290.224093,1.0675,8
191,547402100,50,36.740420622361,127.122931176007,51.625185211189,0.0074,0.0074,290.663622,1.0675,8
192,547402150,50,36.740421057856,127.122929753648,51.624910871498,0.0073,0.0073,290.663617,1.0675,8
193,547402200,50,36.740421530114,127.122928276523,51.621748219244,0.0073,0.0073,291.665374,1.0675,8
194,547402250,50,36.740422060458,127.122926807270,51.620539736003,0.0073,0.0073,294.156185,1.0675,8
195,547402300,50,36.740422514632,127.122925303600,51.623957328498,0.0073,0.0073,290.570755,1.0675,8
196,547402350,50,36.740423017342,127.122923811077,51.620785158128,0.0073,0.0073,292.709392,1.0675,8
197,547402400,50,36.740423500905,127.122922232791,51.625128353946,0.0073,0.0073,290.841169,1.0675,8
198,547402450,50,36.740424050449,127.122920670671,51.627383405343,0.0073,0.0073,293.610518,1.0675,8
199,547402500,50,36.740424557905,127.122919065005,51.625689202920,0.0073,0.0073,291.439188,1.0675,8
200,547402550,50,36.740425042802,127.122917353957,51.618775807321,0.0073,0.0073,289.398071,1.0675,8
201,547402600,50,36.740425521461,127.122915660526,51.620536456816,0.0073,0.0073,289.351501,0.8379,9
202,547402650,50,36.740426173383,127.122914047464,51.622127968818,0.0073,0.0073,296.664106,1.0734,8
203,547402700,50,36.740426680964,127.122912306114,51.621769567952,0.0073,0.0073,296.664094,1.0734,8
204,547402750,50,36.740427227749,127.122910524045,51.623255671933,0.0073,0.0073,290.868607,1.0734,8
205,547402800,50,36.740427774858,127.122908778213,51.616105671041,0.0073,0.0073,291.274855,1.0734,8
206,547402850,50,36.740428391275,127.122907023958,51.626213457435,0.0073,0.0073,293.586029,1.0734,8
207,547402900,50,36.740428973876,127.122905204139,51.632697442546,0.0073,0.0073,291.691705,1.0734,8
208,547402950,50,36.740429564151,127.122903386555,51.625905642286,0.0073,0.0073,291.974849,1.0734,8
209,547403000,50,36.740430168562,127.122901530248,51.622023941949,0.0075,0.0074,292.026302,1.0734,8
210,547403050,50,36.740430736691,127.122899641691,51.620915787295,0.0074,0.0074,290.494805,1.0734,8
211,547403100,50,36.740431388176,127.122897778822,51.618499417789,0.0075,0.0074,293.486509,1.0734,8
212,547403150,50,36.740432007623,127.122895847901,51.624144446105,0.0075,0.0074,291.732383,1.0734,8
213,547403200,50,36.740432598311,127.122893868244,51.622752261348,0.0075,0.0074,290.341739,1.0734,8
214,547403250,50,36.740433270473,127.122891914973,51.619656061754,0.0075,0.0074,293.150329,1.0734,8
215,547403300,50,36.740433883588,127.122889962710,51.624488365836,0.0075,0.0074,291.316499,1.0734,8
216,547403350,50,36.740434568617,127.122887993991,51.629303110763,0.0075,0.0074,293.380784,1.0734,8
217,547403400,50,36.740435200157,127.122885972008,51.626246168278,0.0075,0.0074,291.210368,1.0734,8
218,547403450,50,36.740435833631,127.122883949600,51.622065573931,0.0075,0.0074,291.265461,1.0734,8
219,547403500,50,36.740436494308,127.122881935555,51.621950978413,0.0075,0.0074,292.175207,1.0734,8
220,547403550,50,36.740437159447,127.122879870578,51.622947503813,0.0075,0.0074,291.812254,1.0734,8
221,547403600,50,36.740437802600,127.122877827817,51.629212503321,0.0075,0.0074,291.365390,1.0734,8
222,547403650,50,36.740438454695,127.122875736720,51.620371481404,0.0074,0.0074,291.365371,1.0734,8
223,547403700,50,36.740439169176,127.122873646006,51.612861479633,0.0074,0.0074,293.006862,1.0734,8
224,547403750,50,36.740439821833,127.122871555132,51.620819210075,0.0074,0.0074,291.198517,1.0734,8
225,547403800,50,36.740440505448,127.122869426771,51.618274816312,0.0074,0.0074,291.756263,1.0734,8
226,547403850,50,36.740441187073,127.122867338655,51.628128156997,0.0074,0.0074,292.077196,1.0734,8
227,547403900,50,36.740441877674,127.122865209988,51.626774542965,0.0074,0.0074,291.954711,1.0734,8
228,547403950,50,36.740442557341,127.122863063423,51.608960337937,0.0074,0.0073,291.475512,1.0734,8
229,547404000,50,36.740443277463,127.122860912013,51.626090895385,0.0074,0.0074,292.582186,1.0734,8
230,547404050,50,36.740444018646,127.122858735267,51.621930614114,0.0074,0.0074,292.932052,1.0734,8
231,547404100,50,36.740444709388,127.122856521706,51.608343744650,0.0074,0.0073,291.192618,1.0734,8
232,547404150,50,36.740445444298,127.122854356614,51.621386329643,0.0074,0.0073,292.867757,1.0734,8
233,547404200,50,36.740446140520,127.122852106692,51.619714220986,0.0074,0.0073,291.031080,1.0734,8
234,547404250,50,36.740446863903,127.122849837911,51.620421712287,0.0074,0.0073,291.611778,1.0734,8
235,547404300,50,36.740447589867,127.122847553954,51.611927873455,0.0074,0.0073,291.550914,1.0734,8
236,547404350,50,36.740448370447,127.122845321567,51.615872015245,0.0074,0.0073,293.482965,1.0734,8
237,547404400,50,36.740449143370,127.122843027612,51.624730145559,0.0074,0.0073,292.716705,1.0734,8
238,547404450,50,36.740449823606,127.122840615105,51.608968172222,0.0074,0.0073,289.307503,1.0734,8
239,547404500,50,36.740450647022,127.122838263507,51.618527623825,0.0074,0.0074,293.512319,1.0734,8
240,547404550,50,36.740451409853,127.122835877189,51.607403486967,0.0074,0.0074,291.662622,1.0734,8
241,547404600,50,36.740452198834,127.122833472312,51.620481278747,0.0074,0.0073,292.177672,1.0734,8
242,547404650,50,36.740452975602,127.122830987426,51.607140203938,0.0073,0.0073,292.177648,1.0734,8
243,547404700,50,36.740453807010,127.122828549631,51.607349049300,0.0073,0.0073,292.965174,1.0734,8
244,547404750,50,36.740454617428,127.122826069506,51.614313970320,0.0073,0.0073,292.097611,1.0734,8
245,547404800,50,36.740455468977,127.122823548218,51.612377856858,0.0073,0.0073,292.765399,1.0734,8
246,547404850,50,36.740456274452,127.122820969623,51.615837690420,0.0073,0.0073,291.212400,1.0734,8
247,547404900,50,36.740457099027,127.122818388989,51.612266063690,0.0073,0.0073,291.653723,1.0734,8
248,547404950,50,36.740457945948,127.122815790038,51.597008127719,0.0073,0.0073,292.042934,1.0734,8
249,547405000,50,36.740458818555,127.122813174516,51.608594489284,0.0073,0.0073,292.515722,1.0734,8
250,547405050,50,36.740459719766,127.122810500468,51.609200474806,0.0073,0.0073,292.721671,1.0734,8
251,547405100,50,36.740460544475,127.122807758287,51.607324833050,0.0073,0.0073,290.489973,1.0734,8
252,547405150,50,36.740461442884,127.122805093076,51.600998308510,0.0073,0.0073,292.725668,1.0734,8
253,547405200,50,36.740462346734,127.122802317520,51.606168989092,0.0073,0.0073,292.029247,1.0734,8
254,547405250,50,36.740463268959,127.122799568966,51.607762385160,0.0073,0.0073,292.631343,1.0734,8
255,547405300,50,36.740464176798,127.122796732123,51.600764782168,0.0073,0.0073,291.684047,1.0734,8
256,547405350,50,36.740465118090,127.122793915279,51.602905365638,0.0073,0.0073,292.548501,1.0734,8
257,547405400,50,36.740466093770,127.122791085285,51.610683083534,0.0073,0.0073,293.189025,1.0734,8
258,547405450,50,36.740467004185,127.122788187289,51.605017663911,0.0073,0.0073,291.322695,1.0734,8
259,547405500,50,36.740467997714,127.122785308403,51.597816080786,0.0073,0.0073,293.209777,1.0734,8
260,547405550,50,36.740468990893,127.122782387429,51.611580744386,0.0073,0.0073,292.902855,1.0734,8
261,547405600,50,36.740469956935,127.122779405474,51.604994593188,0.0073,0.0073,291.926186,1.0734,8
262,547405650,50,36.740470928766,127.122776419688,51.601278486662,0.0073,0.0073,292.019442,1.0734,8
263,547405700,50,36.740471918412,127.122773434250,51.603207846172,0.0073,0.0073,292.385896,1.0734,8
264,547405750,50,36.740472914370,127.122770379151,51.603687166236,0.0073,0.0073,292.050812,1.0734,8
265,547405800,50,36.740473933011,127.122767313538,51.602500575595,0.0075,0.0074,292.433899,1.0734,8
266,547405850,50,36.740474962407,127.122764203953,51.605406588875,0.0075,0.0074,292.433871,1.0734,8
267,547405900,50,36.740476003702,127.122761094203,51.604594182223,0.0075,0.0074,292.589952,1.0734,8
268,547405950,50,36.740477000943,127.122757924759,51.596241880208,0.0075,0.0074,291.352866,1.0734,8
269,547406000,50,36.740478132584,127.122754781940,51.610105453059,0.0075,0.0074,294.103487,1.0734,8
270,547406050,50,36.740479147323,127.122751601481,51.606449765153,0.0075,0.0074,291.624825,1.0734,8
271,547406100,50,36.740480222384,127.122748343164,51.608041009866,0.0076,0.0075,292.291658,1.0734,8
272,547406150,50,36.740481276053,127.122745099839,51.608117834665,0.0076,0.0075,291.981932,1.0734,8
273,547406200,50,36.740482374820,127.122741834384,51.603860930540,0.0076,0.0075,292.688996,1.0734,8
274,547406250,50,36.740483443459,127.122738569973,51.610931433737,0.0076,0.0075,292.134046,1.0734,8
275,547406300,50,36.740484549854,127.122735219264,51.607445204630,0.0076,0.0075,292.307121,1.0734,8
276,547406350,50,36.740485644251,127.122731849285,51.604093079455,0.0076,0.0075,291.974346,1.0734,8
277,547406400,50,36.740486762782,127.122728511611,51.608778405935,0.0077,0.0075,292.606594,1.0734,8
278,547406450,50,36.740487892076,127.122725138360,51.607319452800,0.0080,0.0077,292.585768,1.0734,8
279,547406500,50,36.740489060028,127.122721764357,51.613376594149,0.0080,0.0077,293.273098,1.0734,8
280,547406550,50,36.740490157871,127.122718280119,51.604616438039,0.0080,0.0077,291.380453,1.0734,8
281,547406600,50,36.740491344891,127.122714794946,51.601255518384,0.0080,0.0077,292.937607,1.0734,8
282,547406650,50,36.740492468991,127.122711329469,51.599489393644,0.0080,0.0077,291.951216,1.0734,8
283,547406700,50,36.740493654038,127.122707805096,51.606594582088,0.0080,0.0077,292.674554,1.0734,8
284,547406750,50,36.740494872337,127.122704316263,51.600466558710,0.0080,0.0077,293.455362,1.0734,8
285,547406800,50,36.740496015104,127.122700728298,51.602079513483,0.0080,0.0077,291.590760,1.0734,8
286,547406850,50,36.740497227111,127.122697108092,51.599278090522,0.0081,0.0077,292.586399,1.0734,8
287,547406900,50,36.740498437838,127.122693501704,51.603368032724,0.0081,0.0077,292.642689,1.0734,8
288,547406950,50,36.740499699648,127.122689888147,51.601091036573,0.0080,0.0077,293.454648,1.0734,8
289,547407000,50,36.740500889928,127.122686159760,51.605179085396,0.0075,0.0074,293.454613,1.0734,8
290,547407050,50,36.740502133602,127.122682478191,51.609155940823,0.0075,0.0074,292.769492,1.0734,8
291,547407100,50,36.740503357197,127.122678731661,51.602235682309,0.0074,0.0074,292.087233,1.0734,8
292,547407150,50,36.740504630101,127.122674978172,51.597829138860,0.0074,0.0074,292.849033,1.0734,8
293,547407200,50,36.740505913189,127.122671224627,51.606250371784,0.0074,0.0074,293.012562,1.0734,8
294,547407250,50,36.740507176624,127.122667431078,51.599836725742,0.0074,0.0074,292.480623,1.0734,8
295,547407300,50,36.740508487051,127.122663618278,51.603655626997,0.0074,0.0074,293.124520,1.0734,8
296,547407350,50,36.740509760604,127.122659760343,51.604258609936,0.0074,0.0074,292.301975,1.0734,8
297,547407400,50,36.740511072143,127.122655908879,51.604113915935,0.0074,0.0074,292.933901,1.0734,8
298,547407450,50,36.740512375805,127.122652015411,51.604934990406,0.0074,0.0074,292.589037,1.0734,8
299,547407500,50,36.740513695073,127.122648133760,51.605421819724,0.0074,0.0074,292.894226,1.0734,8
300,547407550,50,36.740515030918,127.122644178959,51.597368440591,0.0074,0.0074,292.767525,1.0734,8
301,547407600,50,36.740516341172,127.122640219346,51.599788357504,0.0074,0.0073,292.350240,1.0734,8
302,547407650,50,36.740517682306,127.122636222254,51.604834004305,0.0073,0.0073,292.350199,1.0734,8
303,547407700,50,36.740519048969,127.122632253284,51.599203517660,0.0073,0.0073,293.163358,1.0734,8
304,547407750,50,36.740520390647,127.122628231214,51.601066077128,0.0073,0.0073,292.512866,1.0734,8
305,547407800,50,36.740521734708,127.122624193991,51.597800922580,0.0073,0.0073,292.472653,1.0734,8
306,547407850,50,36.740523132749,127.122620132446,51.603819412179,0.0073,0.0073,293.155970,1.0734,8
307,547407900,50,36.740524506575,127.122616031397,51.608007618226,0.0073,0.0073,292.598771,1.0734,8
308,547407950,50,36.740525850829,127.122611953593,51.606979046948,0.0073,0.0073,292.273865,1.0734,8
309,547408000,50,36.740527250489,127.122607850879,51.594941853546,0.0073,0.0073,292.971597,1.0734,8
310,547408050,50,36.740528655367,127.122603752074,51.606333323754,0.0073,0.0073,293.067986,1.0734,8
311,547408100,50,36.740530043203,127.122599634133,51.602904370986,0.0073,0.0073,292.721741,1.0734,8
312,547408150,50,36.740531451327,127.122595479523,51.601946953684,0.0073,0.0073,292.837255,1.0734,8
313,547408200,50,36.740532825595,127.122591346363,51.610515433364,0.0073,0.0073,292.447183,1.0734,8
314,547408250,50,36.740534237096,127.122587209443,51.598562709056,0.0073,0.0073,292.974111,1.0734,8
315,547408300,50,36.740535658928,127.122583068904,51.604488682933,0.0073,0.0073,293.106565,1.0734,8
316,547408350,50,36.740537067300,127.122578866846,51.598815517500,0.0073,0.0073,292.609042,1.0734,8
317,547408400,50,36.740538478842,127.122574679863,51.596231738105,0.0073,0.0073,292.728074,1.0734,8
318,547408450,50,36.740539941151,127.122570470456,51.603136476129,0.0073,0.0073,293.346901,1.0734,8
319,547408500,50,36.740541391566,127.122566231702,51.599800426513,0.0073,0.0073,293.033458,1.0734,8
320,547408550,50,36.740542854815,127.122561975996,51.601440452971,0.0073,0.0073,293.133012,1.0734,8
321,547408600,50,36.740544323798,127.122557728445,51.607462904416,0.0073,0.0073,293.253933,1.0734,8
322,547408650,50,36.740545759564,127.122553418287,51.593044823967,0.0072,0.0072,293.253886,1.0734,8
323,547408700,50,36.740547217759,127.122549161619,51.600911980495,0.0072,0.0072,293.056773,1.0734,8
324,547408750,50,36.740548718331,127.122544899671,51.595802072436,0.0072,0.0072,293.628036,1.0734,8
325,547408800,50,36.740550168439,127.122540582997,51.590746186674,0.0072,0.0072,292.655676,1.0734,8
326,547408850,50,36.740551668363,127.122536329996,51.589626112022,0.0072,0.0073,293.663196,1.0734,8
327,547408900,50,36.740553141860,127.122532020730,51.597967077978,0.0072,0.0073,293.018787,1.0734,8
328,547408950,50,36.740554596651,127.122527682265,51.594974382780,0.0072,0.0073,292.618825,1.0734,8
329,547409000,50,36.740556114998,127.122523387331,51.592537366785,0.0072,0.0073,293.713716,1.0734,8
330,547409050,50,36.740557602973,127.122519081335,51.591652906500,0.0072,0.0073,293.236861,1.0734,8
331,547409100,50,36.740559093957,127.122514735776,51.590942680836,0.0072,0.0073,293.089219,1.0734,8
332,547409150,50,36.740560562142,127.122510426599,51.584230816923,0.0072,0.0073,292.944858,1.0734,8
333,547409200,50,36.740562074668,127.122506076934,51.593120043166,0.0072,0.0073,293.367491,1.0734,8
334,547409250,50,36.740563587948,127.122501777382,51.590842451900,0.0073,0.0073,293.620677,1.0734,8
335,547409300,50,36.740565041391,127.122497399374,51.578979768790,0.0073,0.0073,292.416141,1.0734,8
336,547409350,50,36.740566578333,127.122493061226,51.589683454484,0.0073,0.0073,293.759368,1.0734,8
337,547409400,50,36.740568049131,127.122488724552,51.582264221273,0.0073,0.0073,292.850752,1.0734,8
338,547409450,50,36.740569569645,127.122484364686,51.583465350792,0.0073,0.0073,293.428583,1.0734,8
339,547409500,50,36.740571066844,127.122480011652,51.588073837571,0.0073,0.0073,293.139751,1.0734,8
340,547409550,50,36.740572588238,127.122475669345,51.584998338483,0.0073,0.0073,293.525185,1.0734,8
341,547409600,50,36.740574136020,127.122471287517,51.587512834929,0.0073,0.0073,293.696272,1.0734,8
342,547409650,50,36.740575679594,127.122466932518,51.590865083039,0.0072,0.0072,293.696221,1.0734,8
343,547409700,50,36.740577170162,127.122462555381,51.584343559109,0.0072,0.0072,292.934187,1.0734,8
344,547409750,50,36.740578660965,127.122458172900,51.584952629171,0.0072,0.0072,292.912354,1.0734,8
345,547409800,50,36.740580201639,127.122453788116,51.585214413702,0.0072,0.0072,293.585151,1.0734,8
346,547409850,50,36.740581756880,127.122449388701,51.590283577330,0.0072,0.0072,293.713138,1.0734,8
347,547409900,50,36.740583293587,127.122445011215,51.589876841754,0.0072,0.0072,293.566000,1.0734,8
348,547409950,50,36.740584815611,127.122440649679,51.592042624950,0.0072,0.0072,293.441310,1.0734,8
349,547410000,50,36.740586346183,127.122436280947,51.588671403006,0.0072,0.0072,293.524070,1.0734,8
350,547410050,50,36.740587883139,127.122431861313,51.583844464272,0.0072,0.0073,293.368836,1.0734,8
351,547410100,50,36.740589440400,127.122427505697,51.588459388353,0.0072,0.0073,293.952540,1.0734,8
352,547410150,50,36.740590976315,127.122423109257,51.593938745558,0.0072,0.0073,293.464626,1.0734,8
353,547410200,50,36.740592517160,127.122418683762,51.588405366987,0.0072,0.0073,293.393935,1.0734,8
354,547410250,50,36.740594063493,127.122414296165,51.590643268079,0.0072,0.0073,293.648798,1.0734,8
355,547410300,50,36.740595611397,127.122409884059,51.589888900518,0.0072,0.0073,293.553059,1.0734,8
356,547410350,50,36.740597166911,127.122405516233,51.590577033348,0.0072,0.0073,293.869291,1.0734,8
357,547410400,50,36.740598690161,127.122401099666,51.592484346591,0.0072,0.0073,293.196956,1.0734,8
358,547410450,50,36.740600283045,127.122396721601,51.591934866272,0.0072,0.0072,294.326252,1.0734,8
359,547410500,50,36.740601794563,127.122392301748,51.591307619587,0.0072,0.0073,293.021659,1.0734,8
360,547410550,50,36.740603377091,127.122387919301,51.594209223986,0.0072,0.0073,294.164862,1.0734,8
361,547410600,50,36.740604916937,127.122383512545,51.591478313319,0.0072,0.0073,293.469113,1.0734,8
362,547410650,50,36.740606507269,127.122379095654,51.593759417534,0.0072,0.0073,294.102655,1.0734,8
363,547410700,50,36.740608043575,127.122374670937,51.592711064965,0.0072,0.0073,293.336110,1.0734,8
364,547410750,50,36.740609597435,127.122370259706,51.600577400066,0.0072,0.0073,293.637952,1.0734,8
365,547410800,50,36.740611173364,127.122365872105,51.592493606731,0.0074,0.0073,294.050508,1.0734,8
366,547410850,50,36.740612729508,127.122361494642,51.596421122551,0.0074,0.0073,293.831200,1.0734,8
367,547410900,50,36.740614268280,127.122357110175,51.587854092009,0.0073,0.0073,293.831148,1.0734,8
368,547410950,50,36.740615852753,127.122352750089,51.587449134327,0.0073,0.0073,294.300875,1.0734,8
369,547411000,50,36.740617422263,127.122348346172,51.589237904176,0.0073,0.0073,293.884726,1.0734,8
370,547411050,50,36.740618995295,127.122343963585,51.594399052672,0.0073,0.0073,294.035621,1.0734,8
371,547411100,50,36.740620556521,127.122339570203,51.592142256908,0.0074,0.0073,293.823346,1.0734,8
372,547411150,50,36.740622139594,127.122335204945,51.589432254434,0.0074,0.0073,294.256436,1.0734,8
373,547411200,50,36.740623711110,127.122330838581,51.593381598592,0.0074,0.0073,294.094181,1.0734,8
374,547411250,50,36.740625277976,127.122326457214,51.588147235103,0.0074,0.0074,293.957952,1.0734,8
375,547411300,50,36.740626826352,127.122322087316,51.590905347839,0.0074,0.0074,293.761916,1.0734,8
376,547411350,50,36.740628391579,127.122317699197,51.592942317948,0.0074,0.0074,293.903014,1.0734,8
377,547411400,50,36.740629976025,127.122313342941,51.594856567681,0.0074,0.0074,294.319435,1.0734,8
378,547411450,50,36.740631537682,127.122308975708,51.585233622231,0.0074,0.0074,293.955867,1.0734,8
379,547411500,50,36.740633111202,127.122304633657,51.591059201397,0.0075,0.0074,294.240959,1.0734,8
380,547411550,50,36.740634671202,127.122300302959,51.587793808430,0.0075,0.0074,294.112298,1.0734,8
381,547411600,50,36.740636258628,127.122295966238,51.588940538466,0.0075,0.0074,294.456757,1.0734,8
382,547411650,50,36.740637802062,127.122291622703,51.587571232580,0.0075,0.0074,293.822300,1.0734,8
383,547411700,50,36.740639355747,127.122287288896,51.584027027711,0.0075,0.0074,294.010461,1.0734,8
384,547411750,50,36.740640933238,127.122282972998,51.584884189069,0.0075,0.0074,294.425162,1.0734,8
385,547411800,50,36.740642482470,127.122278704532,51.583281060681,0.0075,0.0074,294.273969,1.0734,8
386,547411850,50,36.740644040839,127.122274365272,51.583597404882,0.0075,0.0074,294.047824,1.0734,8
387,547411900,50,36.740645585270,127.122270060157,51.587903878652,0.0075,0.0074,294.024716,1.0734,8
388,547411950,50,36.740647156763,127.122265761008,51.586543067358,0.0075,0.0074,294.426875,1.0734,8
389,547412000,50,36.740648729174,127.122261461012,51.582217818126,0.0075,0.0074,294.435224,1.0734,8
390,547412050,50,36.740650281539,127.122257157110,51.586613231339,0.0075,0.0074,294.140110,1.0734,8
391,547412100,50,36.740651830125,127.122252856463,51.586781213991,0.0075,0.0074,294.104193,1.0734,8
392,547412150,50,36.740653410023,127.122248590760,51.589098448865,0.0074,0.0073,294.104140,1.0734,8
393,547412200,50,36.740654979545,127.122244267910,51.588678635657,0.0074,0.0073,294.281480,1.0734,8
394,547412250,50,36.740656526170,127.122240012234,51.581567840651,0.0074,0.0073,294.302228,1.0734,8
395,547412300,50,36.740658101496,127.122235753456,51.588933145627,0.0074,0.0073,294.683929,1.0734,8
396,547412350,50,36.740659666898,127.122231478982,51.590877109207,0.0074,0.0073,294.467260,1.0734,8
397,547412400,50,36.740661201183,127.122227190828,51.583254267462,0.0074,0.0073,293.968421,1.0734,8
398,547412450,50,36.740662760472,127.122222956675,51.584880455397,0.0074,0.0073,294.587685,1.0734,8
399,547412500,50,36.740664354058,127.122218699593,51.591694761999,0.0074,0.0073,294.944154,1.0734,8
400,547412550,50,36.740665894867,127.122214461706,51.591635255143,0.0074,0.0073,294.311296,1.0734,8
401,547412600,50,36.740667476359,127.122210242226,51.583530805074,0.0074,0.0073,294.971653,1.0734,8
402,547412650,50,36.740669031856,127.122206027727,51.587400933728,0.0073,0.0073,294.971601,1.0734,8
403,547412700,50,36.740670549476,127.122201800292,51.582145454362,0.0073,0.0073,294.039490,1.0734,8
404,547412750,50,36.740672106846,127.122197612327,51.577984168194,0.0073,0.0073,294.799406,1.0734,8
405,547412800,50,36.740673678989,127.122193393149,51.589081012644,0.0073,0.0073,294.843422,1.0734,8
406,547412850,50,36.740675202987,127.122189187948,51.578648480587,0.0073,0.0073,294.241938,1.0734,8
407,547412900,50,36.740676748883,127.122184994400,51.584340445697,0.0073,0.0073,294.609576,1.0734,8
408,547412950,50,36.740678313544,127.122180800327,51.582421248779,0.0073,0.0073,294.869587,1.0734,8
409,547413000,50,36.740679833186,127.122176610744,51.583650067449,0.0073,0.0073,294.260370,1.0734,8
410,547413050,50,36.740681374711,127.122172445064,51.586348375306,0.0073,0.0073,294.692902,1.0734,8
411,547413100,50,36.740682848862,127.122168228698,51.586871157400,0.0073,0.0073,293.480918,1.0734,8
412,547413150,50,36.740684351418,127.122164025903,51.579923653044,0.0073,0.0073,293.951626,1.0734,8
413,547413200,50,36.740685930980,127.122159895188,51.582583295181,0.0073,0.0073,295.413883,1.0734,8
414,547413250,50,36.740687473408,127.122155739305,51.581985830329,0.0073,0.0073,294.756911,1.0734,8
415,547413300,50,36.740688992770,127.122151571495,51.583032962866,0.0073,0.0073,294.368444,1.0734,8
416,547413350,50,36.740690554917,127.122147472040,51.584536881186,0.0073,0.0073,295.336477,1.0734,8
417,547413400,50,36.740692150459,127.122143366080,51.585138821043,0.0073,0.0073,295.772767,0.8385,9
418,547413450,50,36.740693775971,127.122139288740,51.586594025604,0.0073,0.0073,296.351728,0.8385,9
419,547413500,50,36.740695307204,127.122135169293,51.579306489788,0.0073,0.0073,294.790097,1.0755,8
420,547413550,50,36.740696860099,127.122131059391,51.587375468574,0.0073,0.0073,295.148958,0.8385,9
421,547413600,50,36.740698483214,127.122126968744,51.593655140139,0.0073,0.0073,296.243998,1.0755,8
422,547413650,50,36.740700070649,127.122122904161,51.591833149083,0.0073,0.0073,295.885912,1.0755,8
423,547413700,50,36.740701603932,127.122118778862,51.588798934594,0.0073,0.0073,294.788307,1.0755,8
424,547413750,50,36.740703195350,127.122114700974,51.594502106309,0.0072,0.0072,294.788256,1.0755,8
425,547413800,50,36.740704820624,127.122110663301,51.592973678373,0.0072,0.0072,296.571811,1.0755,8
426,547413850,50,36.740706465982,127.122106646300,51.590115704574,0.0072,0.0072,296.973057,1.0755,8
427,547413900,50,36.740708055702,127.122102590301,51.588319819421,0.0072,0.0072,295.965906,1.0755,8
428,547413950,50,36.740709632498,127.122098551151,51.587942307815,0.0072,0.0072,295.875788,1.0755,8
429,547414000,50,36.740711252303,127.122094547685,51.595443436876,0.0072,0.0072,296.689763,1.0755,8
430,547414050,50,36.740712885775,127.122090535975,51.583946215920,0.0072,0.0072,296.835922,1.0755,8
431,547414100,50,36.740714523197,127.122086561591,51.590782263316,0.0072,0.0072,297.108369,1.0755,8
432,547414150,50,36.740716112306,127.122082533149,51.587689146399,0.0072,0.0072,296.111293,1.0755,8
433,547414200,50,36.740717710348,127.122078501216,51.590574204922,0.0072,0.0072,296.218760,1.0755,8
434,547414250,50,36.740719413316,127.122074577849,51.591021783650,0.0072,0.0072,298.339093,1.0755,8
435,547414300,50,36.740721040576,127.122070595086,51.589835856110,0.0072,0.0073,296.915214,1.0755,8
436,547414350,50,36.740722640926,127.122066561568,51.588369638659,0.0072,0.0073,296.242637,1.0755,8
437,547414400,50,36.740724266877,127.122062568939,51.591193206608,0.0072,0.0073,296.839464,1.0755,8
438,547414450,50,36.740725944744,127.122058614572,51.594226081856,0.0072,0.0073,297.798647,1.0755,8
439,547414500,50,36.740727600910,127.122054631096,51.590653736144,0.0073,0.0073,297.320366,1.0755,8
440,547414550,50,36.740729253143,127.122050714034,51.587227955461,0.0073,0.0073,297.659040,1.0755,8
441,547414600,50,36.740730871762,127.122046738393,51.592781810090,0.0072,0.0073,296.833586,1.0755,8
442,547414650,50,36.740732543513,127.122042801586,51.586477085017,0.0072,0.0072,296.833537,1.0755,8
443,547414700,50,36.740734248392,127.122038880948,51.588075377978,0.0072,0.0072,298.382603,1.0755,8
444,547414750,50,36.740735911654,127.122034932820,51.587502099574,0.0072,0.0072,297.629641,1.0755,8
445,547414800,50,36.740737563113,127.122030983555,51.587886563502,0.0072,0.0072,297.455575,1.0755,8
446,547414850,50,36.740739235729,127.122027064510,51.584135127254,0.0072,0.0072,297.936851,1.0755,8
447,547414900,50,36.740740983267,127.122023156786,51.589607629925,0.0072,0.0072,299.058967,1.0755,8
448,547414950,50,36.740742626245,127.122019216853,51.590514761396,0.0072,0.0072,297.390409,1.0755,8
449,547415000,50,36.740744298552,127.122015273034,51.586651725695,0.0072,0.0072,297.783320,1.0755,8
450,547415050,50,36.740745982251,127.122011331821,51.585921928287,0.0072,0.0072,297.959720,1.0755,8
451,547415100,50,36.740747715542,127.122007453319,51.587703741156,0.0072,0.0072,299.042444,1.0755,8
452,547415150,50,36.740749422454,127.122003554291,51.585300117731,0.0072,0.0072,298.543920,1.0755,8
453,547415200,50,36.740751130725,127.121999669807,51.588941290975,0.0072,0.0072,298.653063,1.0755,8
454,547415250,50,36.740752860222,127.121995760122,51.587799759582,0.0072,0.0072,298.795113,1.0755,8
455,547415300,50,36.740754580375,127.121991888170,51.586440708488,0.0072,0.0072,298.898768,1.0755,8
456,547415350,50,36.740756294567,127.121987988996,51.593612603843,0.0072,0.0072,298.645499,1.0755,8
457,547415400,50,36.740757990621,127.121984087698,51.588409824297,0.0072,0.0072,298.376769,1.0755,8
458,547415450,50,36.740759737100,127.121980215616,51.592314622365,0.0072,0.0072,299.267627,1.0755,8
459,547415500,50,36.740761511779,127.121976348327,51.589581033215,0.0072,0.0072,299.691178,1.0755,8
460,547415550,50,36.740763308080,127.121972519094,51.597332636826,0.0072,0.0072,300.236575,1.0755,8
461,547415600,50,36.740765035953,127.121968629341,51.600324114785,0.0072,0.0073,298.896141,1.0755,8
462,547415650,50,36.740766763404,127.121964742996,51.594531925395,0.0072,0.0073,298.911470,1.0755,8
463,547415700,50,36.740768563566,127.121960934055,51.598432465456,0.0072,0.0073,300.422889,1.0755,8
464,547415750,50,36.740770324235,127.121957083743,51.588611861691,0.0072,0.0073,299.604343,1.0755,8
465,547415800,50,36.740772064776,127.121953201658,51.592458606698,0.0072,0.0073,299.121594,1.0755,8
466,547415850,50,36.740773845726,127.121949356881,51.592982214876,0.0072,0.0072,299.121546,1.0755,8
467,547415900,50,36.740775628160,127.121945529035,51.591492633335,0.0072,0.0072,300.052718,1.0755,8
468,547415950,50,36.740777435261,127.121941721665,51.594273661263,0.0072,0.0072,300.529543,1.0755,8
469,547416000,50,36.740779190621,127.121937873396,51.590930728242,0.0072,0.0072,299.543091,1.0755,8
470,547416050,50,36.740780973049,127.121934013444,51.591437334195,0.0072,0.0072,299.845641,1.0755,8
471,547416100,50,36.740782792108,127.121930197698,51.592082225718,0.0072,0.0072,300.639921,1.0755,8
472,547416150,50,36.740784603705,127.121926414461,51.590829649940,0.0072,0.0072,300.751730,1.0755,8
473,547416200,50,36.740786379311,127.121922572568,51.589725529775,0.0072,0.0072,299.866803,1.0755,8
474,547416250,50,36.740788200779,127.121918768101,51.589757709764,0.0072,0.0072,300.747661,1.0755,8
475,547416300,50,36.740790010286,127.121914977994,51.598445551470,0.0072,0.0072,300.677052,1.0755,8
476,547416350,50,36.740791845232,127.121911172971,51.597688233480,0.0072,0.0072,300.929903,1.0755,8
477,547416400,50,36.740793650197,127.121907409405,51.592978334054,0.0072,0.0072,300.790663,1.0755,8
478,547416450,50,36.740795474817,127.121903586919,51.588787997141,0.0072,0.0072,300.672302,0.8386,9
479,547416500,50,36.740797273177,127.121899820776,51.588256699964,0.0072,0.0072,300.681173,0.8386,9
480,547416550,50,36.740799116342,127.121896044570,51.587461880408,0.0072,0.0072,301.235727,0.8386,9
481,547416600,50,36.740800978217,127.121892280924,51.598076437600,0.0072,0.0072,301.577980,0.8386,9
482,547416650,50,36.740802810499,127.121888506772,51.598107864149,0.0072,0.0072,301.099266,0.8386,9
483,547416700,50,36.740804656210,127.121884733917,51.594148154370,0.0072,0.0072,301.293388,0.8386,9
484,547416750,50,36.740806534230,127.121880974283,51.594750748016,0.0072,0.0072,301.826489,0.8386,9
485,547416800,50,36.740808423837,127.121877245238,51.590125260875,0.0072,0.0072,302.195285,0.8386,9
486,547416850,50,36.740810267063,127.121873454798,51.594950732775,0.0072,0.0072,301.141077,0.8386,9
487,547416900,50,36.740812143258,127.121869643622,51.596635691822,0.0072,0.0072,301.453205,0.8386,9
488,547416950,50,36.740814042448,127.121865891929,51.594287960790,0.0072,0.0072,302.169557,0.8386,9
489,547417000,50,36.740815947378,127.121862175746,51.596230068244,0.0071,0.0072,302.169511,0.8386,9
490,547417050,50,36.740817817656,127.121858389201,51.597526286729,0.0071,0.0072,301.538043,0.8386,9
491,547417100,50,36.740819702771,127.121854673189,51.595321623608,0.0071,0.0072,302.224220,0.8386,9
492,547417150,50,36.740821616212,127.121850900905,51.599980721250,0.0071,0.0072,302.221252,0.8386,9
493,547417200,50,36.740823541067,127.121847189670,51.597217138857,0.0071,0.0072,302.799378,0.8386,9
494,547417250,50,36.740825473415,127.121843468784,51.602034067735,0.0071,0.0072,302.833002,0.8386,9
495,547417300,50,36.740827296775,127.121839677533,51.592679372057,0.0071,0.0072,300.861531,0.8386,9
496,547417350,50,36.740829267315,127.121835958225,51.600776251405,0.0072,0.0072,303.357083,0.8386,9
497,547417400,50,36.740831225566,127.121832200059,51.601811838336,0.0072,0.0072,302.920416,0.8386,9
498,547417450,50,36.740833170600,127.121828455561,51.599517500959,0.0072,0.0072,302.838697,0.8386,9
499,547417500,50,36.740835086588,127.121824679523,51.596766401082,0.0072,0.0072,302.229948,0.8386,9
500,547417500,50,36.740835086588,127.121824679523,51.600640518591,0.0072,0.0072,302.229948,0.8386,9
501,547417600,50,36.740839047576,127.121817226578,51.602276483551,0.0072,0.0072,304.212819,0.8386,9
502,547417650,50,36.740841009852,127.121813419410,51.600628281012,0.0071,0.0072,304.212774,0.8386,9
503,547417700,50,36.740842957543,127.121809647290,51.602567174472,0.0071,0.0072,302.682634,0.8386,9
504,547417750,50,36.740844923449,127.121805880353,51.596833318472,0.0071,0.0072,302.961454,0.8386,9
505,547417800,50,36.740846948204,127.121802137883,51.596119448543,0.0071,0.0072,303.910145,0.8386,9
506,547417850,50,36.740848970388,127.121798403245,51.600970042869,0.0071,0.0072,303.932027,0.8386,9
507,547417900,50,36.740850951717,127.121794632881,51.597318716347,0.0071,0.0072,303.142325,0.8386,9
508,547417950,50,36.740852932168,127.121790833753,51.598191847093,0.0071,0.0072,302.931700,0.8386,9
509,547418000,50,36.740854992916,127.121787070902,51.600472358987,0.0071,0.0072,304.234254,0.8386,9
510,547418050,50,36.740857024046,127.121783308574,51.604805818759,0.0071,0.0072,303.853193,0.8386,9
511,547418100,50,36.740859040766,127.121779557698,51.597875919193,0.0071,0.0072,303.745345,0.8386,9
512,547418150,50,36.740861085727,127.121775769103,51.603398799896,0.0071,0.0072,303.848668,0.8386,9
513,547418200,50,36.740863133434,127.121771978966,51.603148361668,0.0071,0.0072,303.873444,0.8386,9
514,547418250,50,36.740865224945,127.121768255275,51.597398784943,0.0071,0.0072,304.911009,0.8386,9
515,547418300,50,36.740867273105,127.121764406096,51.601394448429,0.0071,0.0072,303.470647,0.8386,9
516,547418350,50,36.740869320953,127.121760641603,51.607737600803,0.0071,0.0072,304.055529,0.8386,9
517,547418400,50,36.740871418042,127.121756852819,51.606511856429,0.0071,0.0072,304.517639,0.8386,9
518,547418450,50,36.740873522522,127.121753084407,51.607570016757,0.0072,0.0072,304.756373,0.8386,9
519,547418500,50,36.740875639932,127.121749312615,51.608222854324,0.0072,0.0072,304.896809,0.8386,9
520,547418550,50,36.740877703488,127.121745475195,51.603176201694,0.0072,0.0072,303.749280,0.8386,9
521,547418600,50,36.740879825363,127.121741672758,51.611958492547,0.0072,0.0072,304.736079,0.8386,9
522,547418650,50,36.740881953153,127.121737890673,51.609027260914,0.0071,0.0072,304.736034,0.8386,9
523,547418700,50,36.740884117247,127.121734146515,51.611208461225,0.0071,0.0072,305.684647,0.8386,9
524,547418750,50,36.740886230646,127.121730335565,51.610998714343,0.0071,0.0072,304.568837,0.8386,9
525,547418800,50,36.740888351153,127.121726510924,51.602973610163,0.0071,0.0072,304.562727,0.8386,9
526,547418850,50,36.740890545966,127.121722742014,51.611301034689,0.0071,0.0072,305.888665,0.8386,9
527,547418900,50,36.740892742443,127.121718984683,51.610681891441,0.0071,0.0072,305.993080,0.8386,9
528,547418950,50,36.740894916731,127.121715195341,51.611360482872,0.0071,0.0072,305.486831,0.8386,9
529,547419000,50,36.740897038770,127.121711352413,51.605205052532,0.0071,0.0072,304.454463,0.8386,9
530,547419050,50,36.740899257293,127.121707571582,51.612412289716,0.0071,0.0072,306.095365,0.8386,9
531,547419100,50,36.740901486940,127.121703797529,51.618239765055,0.0071,0.0072,306.280923,0.8386,9
532,547419150,50,36.740903660354,127.121699993013,51.613069798797,0.0071,0.0072,305.367805,0.8386,9
533,547419200,50,36.740905841305,127.121696171953,51.615906530991,0.0071,0.0072,305.344085,0.8386,9
534,547419250,50,36.740908073518,127.121692397130,51.612456199713,0.0071,0.0072,306.306788,0.8386,9
535,547419300,50,36.740910313095,127.121688610728,51.613150230609,0.0071,0.0072,306.313102,0.8386,9
536,547419350,50,36.740912528699,127.121684833063,51.614636927843,0.0071,0.0072,306.082328,0.8386,9
537,547419400,50,36.740914729318,127.121681035981,51.611101223156,0.0071,0.0072,305.758035,0.8386,9
538,547419450,50,36.740916980576,127.121677266659,51.617050949484,0.0072,0.0072,306.579347,0.8386,9
539,547419500,50,36.740919254231,127.121673481302,51.617660291493,0.0072,0.0072,306.734511,0.8386,9
540,547419550,50,36.740921456494,127.121669699907,51.612507706508,0.0072,0.0072,305.890922,0.8386,9
541,547419600,50,36.740923692429,127.121665900210,51.618742111139,0.0072,0.0072,306.172888,0.8386,9
542,547419650,50,36.740925951672,127.121662096151,51.624454660341,0.0071,0.0072,306.172844,0.8386,9
543,547419700,50,36.740928216774,127.121658329132,51.628070919774,0.0071,0.0072,306.764346,0.8386,9
544,547419750,50,36.740930510120,127.121654593162,51.627274415456,0.0071,0.0072,307.333786,0.8386,9
545,547419800,50,36.740932751423,127.121650775704,51.630435272120,0.0071,0.0072,306.111049,0.8386,9
546,547419850,50,36.740935044768,127.121647019986,51.624288924970,0.0071,0.0072,307.188225,0.8386,9
547,547419900,50,36.740937345989,127.121643271744,51.623882859014,0.0071,0.0072,307.337896,0.8386,9
548,547419950,50,36.740939662864,127.121639539773,51.629271109588,0.0071,0.0072,307.645866,0.8386,9
549,547420000,50,36.740941944396,127.121635806261,51.633625607938,0.0071,0.0072,307.209378,0.8386,9
550,547420050,50,36.740944183799,127.121632017034,51.629311063327,0.0072,0.0072,306.290591,0.8386,9
551,547420100,50,36.740946548759,127.121628303725,51.633769588545,0.0072,0.0072,308.356200,0.8386,9
552,547420150,50,36.740948900282,127.121624603836,51.638075613417,0.0072,0.0072,308.298301,0.8386,9
553,547420200,50,36.740951214222,127.121620888821,51.639054978266,0.0072,0.0072,307.736982,0.8386,9
554,547420250,50,36.740953532503,127.121617123708,51.645947761834,0.0072,0.0072,307.417932,0.8386,9
555,547420300,50,36.740955875380,127.121613454589,51.640357926488,0.0072,0.0072,308.428461,0.8386,9
556,547420350,50,36.740958261402,127.121609753843,51.644122499973,0.0072,0.0072,308.698391,0.8386,9
557,547420400,50,36.740960629314,127.121606057722,51.648545440286,0.0072,0.0072,308.520475,0.8386,9
558,547420450,50,36.740962982992,127.121602355276,51.650057805702,0.0072,0.0072,308.304583,0.8386,9
559,547420500,50,36.740965320119,127.121598666144,51.653337026015,0.0072,0.0072,308.208372,0.8386,9
560,547420550,50,36.740967769821,127.121595016941,51.660675577819,0.0072,0.0072,309.831578,0.8386,9
561,547420600,50,36.740970102773,127.121591334410,51.647861521691,0.0072,0.0072,308.208460,0.8386,9
562,547420650,50,36.740972454446,127.121587579050,51.657416234724,0.0072,0.0072,307.886131,0.8386,9
563,547420700,50,36.740974845268,127.121583908887,51.652489139698,0.0072,0.0072,308.986910,0.8386,9
564,547420750,50,36.740977255690,127.121580282933,51.660518583842,0.0072,0.0072,309.556397,0.8386,9
565,547420800,50,36.740979633410,127.121576652039,51.653851459734,0.0071,0.0072,309.556352,0.8386,9
566,547420850,50,36.740981995897,127.121572970815,51.656620536000,0.0071,0.0072,308.569179,0.8386,9
567,547420900,50,36.740984370664,127.121569299486,51.655816290528,0.0071,0.0072,308.789335,0.8386,9
568,547420950,50,36.740986790255,127.121565665363,51.656506516971,0.0072,0.0072,309.599869,0.8386,9
569,547421000,50,36.740989200586,127.121562007061,51.660288639367,0.0072,0.0072,309.305675,0.8386,9
570,547421050,50,36.740991592235,127.121558344183,51.660367478617,0.0072,0.0072,309.052266,0.8386,9
571,547421100,50,36.740993974529,127.121554695867,51.667712301016,0.0072,0.0072,309.054067,0.8386,9
572,547421150,50,36.740996409249,127.121551104851,51.657953479327,0.0072,0.0072,310.111927,0.8386,9
573,547421200,50,36.740998864355,127.121547496997,51.664550020359,0.0072,0.0072,310.215301,0.8386,9
574,547421250,50,36.741001273244,127.121543860992,51.666558397003,0.0072,0.0072,309.460648,0.8386,9
575,547421300,50,36.741003694579,127.121540258032,51.670124586672,0.0072,0.0072,309.862737,0.8386,9
576,547421350,50,36.741006154426,127.121536633423,51.669461740181,0.0072,0.0072,310.138945,0.8386,9
577,547421400,50,36.741008595991,127.121533074795,51.664988378063,0.0072,0.0072,310.447313,0.8386,9
578,547421450,50,36.741011082483,127.121529519142,51.669611567631,0.0072,0.0072,310.987527,0.8386,9
579,547421500,50,36.741013510300,127.121525906285,51.670387572609,0.0072,0.0072,309.860804,0.8386,9
580,547421550,50,36.741016023478,127.121522372938,51.671341462992,0.0072,0.0072,311.469429,0.8386,9
581,547421600,50,36.741018466305,127.121518781390,51.674488946795,0.0072,0.0072,310.201644,0.8386,9
582,547421650,50,36.741020952958,127.121515221887,51.671527606435,0.0072,0.0072,310.958683,0.8386,9
583,547421700,50,36.741023407822,127.121511629304,51.676851822063,0.0072,0.0072,310.332408,0.8386,9
584,547421750,50,36.741025882794,127.121508102399,51.676261862740,0.0072,0.0072,311.086127,0.8386,9
585,547421800,50,36.741028410517,127.121504571007,51.677310092375,0.0072,0.0072,311.649321,0.8386,9
586,547421850,50,36.741030900957,127.121501032166,51.678626352921,0.0072,0.0072,311.167094,0.8386,9
587,547421900,50,36.741033367168,127.121497439058,51.682216932066,0.0072,0.0072,310.458686,0.8386,9
588,547421950,50,36.741035850364,127.121493879945,51.687973679975,0.0072,0.0072,310.922357,0.8386,9
589,547422000,50,36.741038328103,127.121490373441,51.675805144943,0.0072,0.0072,311.282601,0.8386,9
590,547422050,50,36.741040841174,127.121486798335,51.688401394524,0.0072,0.0072,311.134464,0.8386,9
591,547422100,50,36.741043310668,127.121483243733,51.685319413431,0.0072,0.0072,310.801453,0.8386,9
592,547422150,50,36.741045839781,127.121479742868,51.687147174031,0.0072,0.0072,310.801409,0.8386,9
593,547422200,50,36.741048379616,127.121476218346,51.687931237742,0.0072,0.0072,311.840786,0.8386,9
594,547422250,50,36.741050873493,127.121472743136,51.690095469356,0.0072,0.0072,311.722060,0.8386,9
595,547422300,50,36.741053374627,127.121469247588,51.689448691905,0.0073,0.0073,311.638714,0.8386,9
596,547422350,50,36.741055900292,127.121465712735,51.692048435099,0.0073,0.0073,311.598261,0.8386,9
597,547422400,50,36.741058436837,127.121462243275,51.692491967231,0.0073,0.0073,312.252557,0.8386,9
598,547422450,50,36.741060989667,127.121458805709,51.696608823724,0.0073,0.0073,312.698709,0.8386,9
599,547422500,50,36.741063541206,127.121455317429,51.694029456005,0.0073,0.0073,312.266361,0.8386,9
600,547422550,50,36.741066042442,127.121451845027,51.691470577382,0.0073,0.0073,311.828968,0.8386,9
601,547422600,50,36.741068644648,127.121448425009,51.697976489551,0.0074,0.0074,313.392523,0.8386,9
602,547422650,50,36.741071248573,127.121445002043,51.700444668531,0.0074,0.0074,313.386753,0.8386,9
603,547422700,50,36.741073786393,127.121441569516,51.698937971145,0.0074,0.0074,312.572261,0.8386,9
604,547422750,50,36.741076318714,127.121438067350,51.700846944936,0.0074,0.0073,312.572218,0.8386,9
605,547422800,50,36.741078878993,127.121434659011,51.700397377834,0.0074,0.0073,313.025868,0.8386,9
606,547422850,50,36.741081474866,127.121431196852,51.702443531714,0.0074,0.0073,312.972700,0.8386,9
607,547422900,50,36.741084067165,127.121427772481,51.705621411093,0.0075,0.0073,313.247025,0.8386,9
608,547422950,50,36.741086665998,127.121424326708,51.705258197151,0.0075,0.0073,313.140862,0.8386,9
609,547423000,50,36.741089254030,127.121420888233,51.704966164194,0.0074,0.0073,313.082433,0.8386,9
610,547423050,50,36.741091790522,127.121417444821,51.715896260925,0.0074,0.0073,312.466923,0.8386,9
611,547423100,50,36.741094437287,127.121414076553,51.705874603242,0.0074,0.0073,314.314933,0.8386,9
612,547423150,50,36.741097011269,127.121410644259,51.705464367755,0.0074,0.0073,312.978272,0.8386,9
613,547423200,50,36.741099606733,127.121407271125,51.704746054485,0.0074,0.0073,313.713219,0.8386,9
614,547423250,50,36.741102239930,127.121403888048,51.700556228869,0.0078,0.0075,314.042140,0.8386,9
615,547423300,50,36.741104864446,127.121400541234,51.710926395841,0.0078,0.0075,314.256169,0.8386,9
616,547423350,50,36.741107445444,127.121397131816,51.703788411804,0.0078,0.0075,313.247259,0.8386,9
617,547423400,50,36.741110055069,127.121393753869,51.710980815813,0.0078,0.0075,313.828161,0.8386,9
618,547423450,50,36.741112729286,127.121390402204,51.714118977077,0.0078,0.0075,314.752042,0.8386,9
619,547423500,50,36.741115378051,127.121387062316,51.714344421402,0.0078,0.0075,314.578952,0.8386,9
620,547423550,50,36.741118024973,127.121383707000,51.716183827259,0.0079,0.0075,314.426990,0.8386,9
621,547423600,50,36.741120623684,127.121380341742,51.711994545534,0.0079,0.0075,313.815940,0.8386,9
622,547423650,50,36.741123253695,127.121376994111,51.709141397849,0.0078,0.0075,313.815898,0.8386,9
623,547423700,50,36.741125956638,127.121373656576,51.719010503963,0.0078,0.0075,315.179142,0.9379,8
624,547423750,50,36.741128575791,127.121370338771,51.713091154583,0.0078,0.0075,314.446906,0.9379,8
625,547423800,50,36.741131209717,127.121366960411,51.717713409103,0.0078,0.0075,314.089999,0.8390,9
626,547423850,50,36.741133860042,127.121363659310,51.720767061226,0.0078,0.0075,314.930412,0.8390,9
627,547423900,50,36.741136555266,127.121360359191,51.725799296983,0.0078,0.0075,315.420176,0.8390,9
628,547423950,50,36.741139196402,127.121357023566,51.719453288242,0.0078,0.0075,314.532883,0.8390,9
629,547424000,50,36.741141862099,127.121353679768,51.721975579858,0.0078,0.0075,314.727950,0.8390,9
630,547424050,50,36.741144534681,127.121350342292,51.730765150860,0.0078,0.0075,314.856049,0.8390,9
631,547424100,50,36.741147249259,127.121347074876,51.722502398305,0.0078,0.0075,315.910339,0.8390,9
632,547424150,50,36.741149940374,127.121343774366,51.723197608255,0.0078,0.0075,315.373100,0.8390,9
633,547424200,50,36.741152618981,127.121340454676,51.725942625664,0.0078,0.0075,315.073658,0.8390,9
634,547424250,50,36.741155267187,127.121337168756,51.724782422185,0.0078,0.0075,315.039564,0.8390,9
635,547424300,50,36.741157971433,127.121333921974,51.732159442268,0.0078,0.0075,315.982552,0.8390,9
636,547424350,50,36.741160665592,127.121330709754,51.726841066964,0.0078,0.0075,316.181957,0.8390,9
637,547424400,50,36.741163374142,127.121327435439,51.734755977057,0.0078,0.0075,315.786294,0.8390,9
638,547424450,50,36.741166063387,127.121324185200,51.735423771665,0.0078,0.0076,315.792817,0.8390,9
639,547424500,50,36.741168800215,127.121320937662,51.737993984483,0.0079,0.0076,316.318717,0.8390,9
640,547424550,50,36.741171526583,127.121317694056,51.743554032408,0.0079,0.0076,316.243827,0.8390,9
