0,548031050,50,36.740417470636,127.122894782094,51.627081890590,0.0067,0.0071,235.742422,0.8726,9
1,548031100,50,36.740417474721,127.122894774051,51.619692377746,0.0067,0.0071,302.254572,0.8726,9
2,548031150,50,36.740417469410,127.122894795313,51.621247268282,0.0067,0.0071,107.244029,0.8726,9
3,548031200,50,36.740417474681,127.122894771286,51.625234061852,0.0067,0.0071,285.249056,0.8726,9
4,548031250,50,36.740417483482,127.122894798397,51.619756183587,0.0067,0.0071,68.034109,0.8726,9
5,548031300,50,36.740417470694,127.122894783401,51.623582684435,0.0067,0.0071,223.346532,0.8726,9
6,548031350,50,36.740417471171,127.122894792525,51.622626392171,0.0067,0.0071,86.289134,0.8726,9
7,548031400,50,36.740417468774,127.122894779988,51.622463424690,0.0067,0.0071,256.638341,0.8726,9
8,548031450,50,36.740417474005,127.122894787311,51.623612728901,0.0067,0.0071,48.409239,0.8726,9
9,548031500,50,36.740417455973,127.122894781245,51.620497595519,0.0067,0.0071,195.148828,0.8726,9
10,548031550,50,36.740417464694,127.122894786729,51.624542136677,0.0077,0.0081,26.840190,0.8726,9
11,548031600,50,36.740417468592,127.122894796674,51.623998039402,0.0067,0.0071,64.037668,0.8726,9
12,548031650,50,36.740417461393,127.122894792132,51.626010873355,0.0067,0.0071,206.922379,0.8726,9
13,548031700,50,36.740417456048,127.122894778016,51.624288590625,0.0077,0.0081,244.800385,0.8726,9
14,548031750,50,36.740417468380,127.122894777414,51.620614930987,0.0067,0.0071,357.749691,0.8726,9
15,548031800,50,36.740417464953,127.122894783986,51.620996441692,0.0067,0.0071,122.938434,0.8726,9
16,548031850,50,36.740417455408,127.122894781950,51.621608973481,0.0067,0.0071,189.741681,0.8726,9
17,548031900,50,36.740417468537,127.122894788308,51.622597150505,0.0067,0.0071,21.295227,0.8726,9
18,548031950,50,36.740417462515,127.122894804607,51.623960901983,0.0077,0.0081,114.658766,0.8726,9
19,548032000,50,36.740417462613,127.122894770405,51.624405981041,0.0068,0.0071,270.204294,0.8726,9
20,548032050,50,36.740417454550,127.122894773271,51.624269803055,0.0077,0.0081,164.035920,0.8726,9
21,548032100,50,36.740417439486,127.122894780668,51.622415782884,0.0079,0.0083,158.436820,0.8726,9
22,548032150,50,36.740417456382,127.122894786596,51.625328443944,0.0079,0.0083,15.768635,0.8726,9
23,548032200,50,36.740417431420,127.122894767917,51.618241415359,0.0067,0.0071,15.768635,0.8726,9
24,548032250,50,36.740417458685,127.122894763651,51.618253223598,0.0067,0.0071,352.822813,0.8726,9
25,548032300,50,36.740417453068,127.122894751081,51.620814022608,0.0067,0.0071,240.961004,0.8726,9
26,548032350,50,36.740417451363,127.122894756758,51.618028709665,0.0067,0.0071,110.467093,0.8726,9
27,548032400,50,36.740417445465,127.122894771161,51.619727114215,0.0067,0.0071,116.968915,0.8726,9
28,548032450,50,36.740417449762,127.122894766323,51.617359237745,0.0067,0.0071,317.827427,0.8726,9
29,548032500,50,36.740417447176,127.122894761606,51.616964440793,0.0067,0.0071,235.740525,0.8726,9
30,548032550,50,36.740417450994,127.122894769953,51.621299309656,0.0067,0.0071,60.390040,0.8726,9
31,548032600,50,36.740417454823,127.122894775370,51.620023553260,0.0067,0.0071,48.708612,0.8726,9
32,548032650,50,36.740417441885,127.122894767442,51.620485778898,0.0067,0.0071,206.249130,0.8726,9
33,548032700,50,36.740417482385,127.122894776850,51.622727546841,0.0066,0.0071,206.249130,0.8726,9
34,548032750,50,36.740417463680,127.122894768757,51.621761224233,0.0066,0.0071,199.198980,0.8726,9
35,548032800,50,36.740417459634,127.122894778262,51.621631004848,0.0066,0.0071,117.877257,0.8726,9
36,548032850,50,36.740417468198,127.122894781167,51.615004476160,0.0066,0.0071,15.271163,0.8726,9
37,548032900,50,36.740417457447,127.122894773919,51.613885738887,0.0066,0.0071,208.485529,0.8726,9
38,548032950,50,36.740417483614,127.122894786827,51.618617621250,0.0066,0.0071,21.653989,0.8726,9
39,548033000,50,36.740417464668,127.122894765577,51.615776710212,0.0067,0.0071,222.071165,0.8726,9
40,548033050,50,36.740417475458,127.122894807068,51.622445027344,0.0080,0.0085,72.093154,0.8726,9
41,548033100,50,36.740417466261,127.122894784163,51.621048442088,0.0075,0.0080,243.487125,0.8726,9
42,548033150,50,36.740417456780,127.122894780175,51.620180923492,0.0080,0.0084,198.701224,0.8726,9
43,548033200,50,36.740417465067,127.122894787136,51.615923793986,0.0081,0.0085,34.057487,0.8726,9
44,548033250,50,36.740417448527,127.122894773673,51.617152381688,0.0077,0.0082,213.228667,0.8726,9
45,548033300,50,36.740417445907,127.122894782475,51.617218845524,0.0079,0.0083,110.294190,0.8726,9
46,548033350,50,36.740417462730,127.122894776082,51.617225367576,0.0082,0.0087,342.994516,0.8726,9
47,548033400,50,36.740417462455,127.122894797782,51.618968755007,0.0083,0.0087,90.903498,0.8726,9
48,548033450,50,36.740417449277,127.122894792962,51.618974609300,0.0089,0.0094,196.403594,0.8726,9
49,548033500,50,36.740417459014,127.122894797091,51.619376270100,0.0083,0.0088,18.845274,0.8726,9
50,548033550,50,36.740417462414,127.122894811440,51.620709015056,0.0084,0.0088,73.592297,0.8726,9
51,548033600,50,36.740417454268,127.122894793393,51.625493966974,0.0075,0.0079,240.713722,0.8726,9
52,548033650,50,36.740417448838,127.122894779868,51.615442346781,0.0081,0.0086,243.486400,0.8726,9
53,548033700,50,36.740417457172,127.122894797037,51.626558190212,0.0077,0.0082,243.486399,0.8726,9
54,548033750,50,36.740417438870,127.122894788140,51.619476813823,0.0077,0.0082,201.367497,0.8726,9
55,548033800,50,36.740417469684,127.122894786567,51.624032260850,0.0075,0.0080,357.646362,0.8726,9
56,548033850,50,36.740417457707,127.122894790447,51.620751530863,0.0080,0.0086,165.387009,0.8726,9
57,548033900,50,36.740417456160,127.122894786415,51.627643962391,0.0078,0.0083,244.500356,0.8726,9
58,548033950,50,36.740417438051,127.122894800107,51.618848222308,0.0067,0.0071,148.677790,0.8726,9
59,548034000,50,36.740417474424,127.122894804089,51.622283141129,0.0079,0.0084,5.035050,0.8726,9
60,548034050,50,36.740417465163,127.122894802679,51.621786183678,0.0083,0.0088,186.986235,0.8726,9
61,548034100,50,36.740417456967,127.122894783043,51.620604063384,0.0076,0.0081,242.586478,0.8726,9
62,548034150,50,36.740417448769,127.122894804536,51.628415121697,0.0086,0.0092,115.359369,0.8726,9
63,548034200,50,36.740417453000,127.122894791545,51.624413806014,0.0077,0.0081,292.031859,0.8726,9
64,548034250,50,36.740417459078,127.122894804429,51.621503655799,0.0067,0.0071,59.625313,0.8726,9
65,548034300,50,36.740417467022,127.122894794833,51.621287873946,0.0087,0.0092,315.808589,0.8726,9
66,548034350,50,36.740417460174,127.122894803475,51.624191869982,0.0086,0.0091,134.555823,0.8726,9
67,548034400,50,36.740417445932,127.122894785800,51.621540791355,0.0079,0.0084,224.967297,0.8726,9
68,548034450,50,36.740417454818,127.122894774158,51.621631896123,0.0076,0.0081,313.484340,0.8726,9
69,548034500,50,36.740417447339,127.122894803269,51.620869607665,0.0067,0.0071,107.705506,0.8726,9
70,548034550,50,36.740417459562,127.122894780278,51.622285912745,0.0086,0.0091,303.448892,0.8726,9
71,548034600,50,36.740417455081,127.122894780980,51.619967954233,0.0082,0.0087,172.818009,0.8726,9
72,548034650,50,36.740417476675,127.122894788335,51.620197539218,0.0066,0.0070,172.818009,0.8726,9
73,548034700,50,36.740417495674,127.122894805172,51.622951141559,0.0089,0.0095,35.498683,0.8726,9
74,548034750,50,36.740417490768,127.122894783770,51.619636058807,0.0066,0.0071,254.102386,0.8726,9
75,548034800,50,36.740417478339,127.122894791770,51.620483932085,0.0066,0.0071,152.614653,0.8726,9
76,548034850,50,36.740417486440,127.122894803238,51.621725877747,0.0078,0.0083,48.723740,0.8726,9
77,548034900,50,36.740417492595,127.122894786882,51.615601015277,0.0066,0.0071,295.059822,0.8726,9
78,548034950,50,36.740417486499,127.122894788352,51.620574716479,0.0066,0.0071,169.018202,0.8726,9
79,548035000,50,36.740417490097,127.122894787952,51.619213247672,0.0066,0.0071,354.883014,0.8726,9
80,548035050,50,36.740417471915,127.122894777157,51.617283765227,0.0067,0.0071,205.540098,0.8726,9
81,548035100,50,36.740417489058,127.122894807713,51.618579811417,0.0067,0.0071,55.119658,0.8726,9
82,548035150,50,36.740417506823,127.122894767810,51.622481452301,0.0067,0.0071,298.950604,0.8726,9
83,548035200,50,36.740417501370,127.122894729785,51.615598589182,0.0067,0.0071,259.897123,0.8726,9
84,548035250,50,36.740417517852,127.122894677131,51.618019157089,0.0068,0.0072,291.252247,0.8726,9
85,548035300,50,36.740417511886,127.122894622451,51.612507252954,0.0068,0.0072,262.279178,0.8726,9
86,548035350,50,36.740417542756,127.122894578554,51.613691717386,0.0068,0.0072,311.145915,0.8726,9
87,548035400,50,36.740417587331,127.122894504528,51.612649885938,0.0069,0.0072,306.803171,0.8726,9
88,548035450,50,36.740417627396,127.122894425406,51.611697304063,0.0069,0.0072,302.177341,0.8726,9
89,548035500,50,36.740417636216,127.122894340411,51.608935133554,0.0069,0.0072,277.346911,0.8726,9
90,548035550,50,36.740417672570,127.122894242459,51.606360317208,0.0069,0.0072,294.756259,0.8726,9
91,548035600,50,36.740417705148,127.122894126364,51.605113849975,0.0069,0.0072,289.222486,0.8726,9
92,548035650,50,36.740417744240,127.122894005612,51.606933442876,0.0069,0.0072,291.912118,0.8726,9
93,548035700,50,36.740417793429,127.122893884437,51.608348142356,0.0069,0.0072,296.765311,0.8726,9
94,548035750,50,36.740417829430,127.122893703059,51.608386337757,0.0069,0.0072,283.853698,0.8726,9
95,548035800,50,36.740417906974,127.122893535565,51.613249855116,0.0069,0.0072,299.909446,0.8726,9
96,548035850,50,36.740418001232,127.122893342098,51.609171744436,0.0068,0.0072,299.909446,0.8726,9
97,548035900,50,36.740418106107,127.122893130163,51.608601962216,0.0068,0.0071,301.585309,0.8726,9
98,548035950,50,36.740418176389,127.122892887757,51.612892708741,0.0068,0.0071,289.811327,0.8726,9
99,548036000,50,36.740418263528,127.122892607905,51.613424485549,0.0068,0.0071,291.150809,0.8726,9
100,548036050,50,36.740418347111,127.122892294589,51.603601694107,0.0068,0.0071,288.338560,0.8726,9
101,548036100,50,36.740418485880,127.122891996850,51.599655443802,0.0068,0.0071,300.075235,0.8726,9
102,548036150,50,36.740418613511,127.122891667493,51.607875534333,0.0068,0.0071,295.710440,0.8726,9
103,548036200,50,36.740418759069,127.122891295206,51.618642408401,0.0068,0.0071,295.910625,0.8726,9
104,548036250,50,36.740418886964,127.122890886451,51.608724959195,0.0068,0.0071,291.244506,0.8726,9
105,548036300,50,36.740419016891,127.122890456596,51.599894207902,0.0068,0.0071,290.584090,0.8726,9
106,548036350,50,36.740419211338,127.122890015088,51.607318736613,0.0068,0.0071,298.688432,0.8726,9
107,548036400,50,36.740419390139,127.122889487627,51.595813034102,0.0068,0.0071,292.840337,0.8726,9
108,548036450,50,36.740419547377,127.122889025389,51.603483393788,0.0068,0.0071,292.911952,0.8726,9
109,548036500,50,36.740419759462,127.122888513915,51.603243478574,0.0068,0.0071,297.258031,0.8726,9
110,548036550,50,36.740419978966,127.122887938658,51.609164264053,0.0068,0.0071,295.366265,0.8726,9
111,548036600,50,36.740420220062,127.122887344215,51.610087578185,0.0068,0.0071,296.745409,0.8726,9
112,548036650,50,36.740420422044,127.122886709768,51.605326455086,0.0068,0.0071,291.582035,0.8726,9
113,548036700,50,36.740420690462,127.122886025413,51.602453019470,0.0068,0.0071,295.981730,0.8726,9
114,548036750,50,36.740420915022,127.122885329549,51.605263772421,0.0068,0.0071,291.849108,0.8726,9
115,548036800,50,36.740421209264,127.122884666670,51.601729407907,0.0068,0.0071,298.878098,0.8726,9
116,548036850,50,36.740421508403,127.122883899797,51.605205473490,0.0068,0.0071,295.858332,0.8726,9
117,548036900,50,36.740421767126,127.122883078268,51.594627958722,0.0068,0.0071,291.370493,0.8726,9
118,548036950,50,36.740422094812,127.122882309951,51.603248555213,0.0068,0.0071,297.920404,0.8726,9
119,548037000,50,36.740422401157,127.122881449205,51.602708961815,0.0068,0.0071,293.855867,0.8726,9
120,548037050,50,36.740422688582,127.122880493920,51.602283105254,0.0067,0.0071,293.855866,0.8726,9
121,548037100,50,36.740423047339,127.122879578187,51.600954221562,0.0067,0.0071,295.955864,0.8726,9
122,548037150,50,36.740423401328,127.122878615306,51.604674074799,0.0067,0.0071,294.550476,0.8726,9
123,548037200,50,36.740423777443,127.122877645565,51.604440148920,0.0067,0.0071,295.729867,0.8726,9
124,548037250,50,36.740424156240,127.122876603091,51.602066684514,0.0067,0.0071,294.298376,0.8726,9
125,548037300,50,36.740424537761,127.122875548601,51.602183734998,0.0067,0.0071,294.206216,0.8726,9
126,548037350,50,36.740424980156,127.122874491388,51.603719436564,0.0067,0.0071,297.471493,0.8726,9
127,548037400,50,36.740425405859,127.122873364129,51.610028869472,0.0067,0.0071,295.137204,0.8726,9
128,548037450,50,36.740425803890,127.122872203785,51.605476136319,0.0067,0.0071,293.084565,0.8726,9
129,548037500,50,36.740426207546,127.122870982279,51.602678040043,0.0068,0.0071,292.322908,0.8726,9
130,548037550,50,36.740426684723,127.122869704140,51.604368714616,0.0068,0.0071,294.885459,0.8726,9
131,548037600,50,36.740427162617,127.122868516216,51.612871316262,0.0068,0.0071,296.558369,0.8726,9
132,548037650,50,36.740427642032,127.122867216667,51.605932421051,0.0068,0.0071,294.625452,0.8726,9
133,548037700,50,36.740428124545,127.122865921989,51.603007314727,0.0067,0.0071,294.625445,0.8726,9
134,548037750,50,36.740428632231,127.122864572834,51.606482665055,0.0067,0.0071,295.058742,0.8726,9
135,548037800,50,36.740429125482,127.122863164580,51.601328212768,0.0067,0.0071,293.518599,0.8726,9
136,548037850,50,36.740429664759,127.122861772821,51.605635397136,0.0067,0.0071,295.708346,0.8726,9
137,548037900,50,36.740430218122,127.122860371454,51.604644066654,0.0067,0.0071,296.134179,0.8726,9
138,548037950,50,36.740430727499,127.122858889783,51.601480842568,0.0067,0.0071,293.130139,0.8726,9
139,548038000,50,36.740431294446,127.122857400653,51.605377516709,0.0067,0.0071,295.316643,0.8726,9
140,548038050,50,36.740431870152,127.122855870333,51.602516307496,0.0067,0.0071,295.052947,0.8726,9
141,548038100,50,36.740432433991,127.122854333373,51.596746345982,0.0067,0.0071,294.504397,0.8726,9
142,548038150,50,36.740433024143,127.122852789214,51.603228130378,0.0067,0.0071,295.401553,0.8726,9
143,548038200,50,36.740433586676,127.122851183688,51.602216516621,0.0067,0.0071,293.525536,0.8726,9
144,548038250,50,36.740434211035,127.122849569367,51.602833898738,0.0067,0.0071,295.666947,0.8726,9
145,548038300,50,36.740434818300,127.122847917270,51.608609282412,0.0067,0.0071,294.546787,0.8726,9
146,548038350,50,36.740435445655,127.122846267501,51.606185901910,0.0067,0.0071,295.290195,0.8726,9
147,548038400,50,36.740436061425,127.122844610417,51.608372964896,0.0067,0.0071,294.783499,0.8726,9
148,548038450,50,36.740436656777,127.122842863036,51.597986049019,0.0067,0.0071,292.944794,0.8726,9
149,548038500,50,36.740437310415,127.122841100959,51.603137500584,0.0068,0.0071,294.745288,0.8726,9
150,548038550,50,36.740437992134,127.122839426654,51.600329632871,0.0068,0.0071,296.835210,0.8726,9
151,548038600,50,36.740438635119,127.122837625282,51.603992540389,0.0068,0.0071,293.917531,0.8726,9
152,548038650,50,36.740439288333,127.122835841104,51.609661187977,0.0067,0.0071,293.917516,0.8726,9
153,548038700,50,36.740439989537,127.122834020445,51.603388430551,0.0067,0.0071,295.572900,0.8726,9
154,548038750,50,36.740440654623,127.122832192838,51.598303033970,0.0067,0.0071,294.330722,0.8726,9
155,548038800,50,36.740441340695,127.122830340132,51.603956676088,0.0067,0.0071,294.707751,0.8726,9
156,548038850,50,36.740442034347,127.122828450127,51.603776706383,0.0067,0.0071,294.513700,0.8726,9
157,548038900,50,36.740442744507,127.122826535038,51.600338629447,0.0067,0.0071,294.738012,0.8726,9
158,548038950,50,36.740443422686,127.122824601935,51.591264265589,0.0067,0.0071,293.552553,0.8726,9
159,548039000,50,36.740444154772,127.122822712718,51.605458520353,0.0067,0.0071,295.710037,0.8726,9
160,548039050,50,36.740444894285,127.122820764103,51.599420493469,0.0067,0.0071,295.245831,0.8726,9
161,548039100,50,36.740445611740,127.122818818541,51.598297807388,0.0067,0.0071,294.617033,0.8726,9
162,548039150,50,36.740446356387,127.122816846824,51.602333148941,0.0067,0.0071,295.138433,0.8726,9
163,548039200,50,36.740447132206,127.122814882248,51.600955111906,0.0067,0.0071,296.135951,0.8726,9
164,548039250,50,36.740447828218,127.122812871153,51.602614906617,0.0067,0.0071,293.268491,0.8726,9
165,548039300,50,36.740448570193,127.122810842763,51.594265120104,0.0067,0.0071,294.442027,0.8726,9
166,548039350,50,36.740449337538,127.122808859453,51.593019935302,0.0067,0.0071,295.674995,0.8726,9
167,548039400,50,36.740450065593,127.122806831574,51.598613218404,0.0067,0.0071,294.041189,0.8726,9
168,548039450,50,36.740450784834,127.122804753340,51.590568438172,0.0067,0.0071,293.268306,0.8726,9
169,548039500,50,36.740451565932,127.122802723284,51.586011346430,0.0067,0.0071,295.551433,0.8726,9
170,548039550,50,36.740452335904,127.122800679199,51.584755100310,0.0068,0.0071,295.081163,0.8726,9
171,548039600,50,36.740453117199,127.122798639533,51.589905560948,0.0068,0.0071,295.451893,0.8726,9
172,548039650,50,36.740453924491,127.122796519863,51.597174013965,0.0068,0.0071,295.324468,0.8726,9
173,548039700,50,36.740454693767,127.122794409913,51.595911930315,0.0067,0.0071,295.324447,0.8726,9
174,548039750,50,36.740455480686,127.122792293010,51.590374921449,0.0067,0.0071,294.791309,0.8726,9
175,548039800,50,36.740456287540,127.122790165445,51.595385462977,0.0067,0.0071,295.230198,0.8726,9
176,548039850,50,36.740457088650,127.122788069420,51.598136477172,0.0067,0.0071,295.402749,0.8726,9
177,548039900,50,36.740457871526,127.122785876116,51.596075463109,0.0068,0.0071,293.917354,0.8726,9
178,548039950,50,36.740458718343,127.122783670913,51.591987546533,0.0068,0.0071,295.507488,0.8726,9
179,548040000,50,36.740459532084,127.122781516376,51.594638929702,0.0068,0.0071,295.139759,0.8726,9
180,548040050,50,36.740460372791,127.122779284238,51.597596954554,0.0068,0.0071,295.078535,0.8726,9
181,548040100,50,36.740461222503,127.122777041134,51.600508452393,0.0077,0.0081,295.205295,0.8726,9
182,548040150,50,36.740462093218,127.122774778274,51.598270473070,0.0068,0.0071,295.552486,0.8726,9
183,548040200,50,36.740462949412,127.122772457906,51.608294297941,0.0068,0.0071,294.630293,0.8726,9
184,548040250,50,36.740463769600,127.122770144747,51.590224345215,0.0068,0.0072,293.776568,0.8726,9
185,548040300,50,36.740464678174,127.122767804611,51.603373687714,0.0068,0.0072,295.753349,0.8726,9
186,548040350,50,36.740465595903,127.122765483091,51.599643465132,0.0068,0.0072,296.159457,0.8726,9
187,548040400,50,36.740466497237,127.122763033928,51.599521962926,0.0068,0.0072,294.573014,0.8726,9
188,548040450,50,36.740467421928,127.122760632338,51.599364355206,0.0068,0.0072,295.566860,0.8726,9
189,548040500,50,36.740468319165,127.122758134803,51.602904789150,0.0068,0.0072,294.054640,0.8726,9
190,548040550,50,36.740469265236,127.122755637817,51.602791407146,0.0068,0.0072,295.209664,0.8726,9
191,548040600,50,36.740470193126,127.122753151271,51.605191607028,0.0069,0.0072,294.875340,0.8726,9
192,548040650,50,36.740471165107,127.122750575239,51.598612594418,0.0069,0.0072,295.118212,0.8726,9
193,548040700,50,36.740472110741,127.122748003223,51.605959443375,0.0069,0.0072,294.552158,0.8726,9
194,548040750,50,36.740473108068,127.122745405647,51.604682816193,0.0069,0.0072,295.503807,0.8726,9
195,548040800,50,36.740474113676,127.122742819581,51.605796443298,0.0069,0.0072,295.787968,0.8726,9
196,548040850,50,36.740475078672,127.122740145243,51.595198335126,0.0069,0.0072,294.148754,0.8726,9
197,548040900,50,36.740476093190,127.122737490947,51.603783274069,0.0070,0.0073,294.148730,0.8726,9
198,548040950,50,36.740477104140,127.122734747472,51.596165280789,0.0070,0.0073,294.600999,0.8726,9
199,548041000,50,36.740478144529,127.122732042053,51.600858151913,0.0070,0.0073,295.539312,0.8726,9
200,548041050,50,36.740479184554,127.122729317618,51.599202527665,0.0070,0.0073,295.375760,0.8726,9
201,548041100,50,36.740480247780,127.122726548003,51.600669842213,0.0070,0.0073,295.500560,0.8726,9
202,548041150,50,36.740481298524,127.122723721821,51.596055743285,0.0070,0.0073,294.794745,0.8726,9
203,548041200,50,36.740482404016,127.122720908169,51.600476871245,0.0074,0.0075,296.021036,0.8726,9
204,548041250,50,36.740483446084,127.122718023615,51.599854349159,0.0074,0.0075,294.173780,0.9634,8
205,548041300,50,36.740484567299,127.122715157548,51.605623245239,0.0074,0.0075,295.923271,0.9634,8
206,548041350,50,36.740485665837,127.122712250089,51.595856352709,0.0074,0.0075,295.148378,0.9634,8
207,548041400,50,36.740486775442,127.122709288312,51.605143024586,0.0074,0.0075,294.961871,0.9634,8
208,548041450,50,36.740487899292,127.122706302442,51.592095991597,0.0074,0.0075,295.064054,0.9634,8
209,548041500,50,36.740489050112,127.122703347475,51.600927500054,0.0085,0.0086,295.822363,0.9634,8
210,548041550,50,36.740490231597,127.122700336396,51.613292224705,0.0110,0.0111,295.990947,0.9634,8
211,548041600,50,36.740491324018,127.122697257560,51.597029948607,0.0076,0.0076,293.790975,0.9634,8
212,548041650,50,36.740492470265,127.122694165750,51.597562862560,0.0077,0.0077,294.732969,0.9634,8
213,548041700,50,36.740493675703,127.122691059455,51.593429706991,0.0077,0.0077,295.742152,1.2725,7
214,548041750,50,36.740494843057,127.122687937269,51.585256779566,0.0077,0.0077,294.917880,1.2725,7
215,548041800,50,36.740496034551,127.122684783893,51.594613112509,0.0078,0.0077,295.149145,1.2725,7
216,548041850,50,36.740497271201,127.122681617109,51.591409984045,0.0077,0.0077,295.883145,0.9634,8
217,548041900,50,36.740498503957,127.122678443386,51.592370314524,0.0077,0.0077,295.763138,0.9634,8
218,548041950,50,36.740499736694,127.122675222783,51.594711191021,0.0077,0.0077,295.435409,0.9634,8
219,548042000,50,36.740500992668,127.122671973318,51.597710006870,0.0078,0.0077,295.652821,0.9634,8
220,548042050,50,36.740502218109,127.122668715717,51.591941839084,0.0078,0.0077,295.051771,0.9634,8
221,548042100,50,36.740503486480,127.122665407190,51.590180953965,0.0078,0.0077,295.470157,0.9634,8
222,548042150,50,36.740504774138,127.122662126625,51.595258610323,0.0076,0.0077,295.470128,0.9634,8
223,548042200,50,36.740506050533,127.122658790027,51.596737082116,0.0076,0.0077,295.422499,0.9634,8
224,548042250,50,36.740507335158,127.122655435271,51.601554534398,0.0076,0.0077,295.444722,1.2726,7
225,548042300,50,36.740508624759,127.122652059696,51.596403192729,0.0076,0.0077,295.393190,1.2726,7
226,548042350,50,36.740509960695,127.122648664725,51.597111273557,0.0076,0.0077,296.055621,1.2726,7
227,548042400,50,36.740511267296,127.122645214667,51.596789384261,0.0076,0.0077,295.199966,1.2726,7
228,548042450,50,36.740512602126,127.122641794383,51.599891345017,0.0077,0.0077,295.869436,1.2726,7
229,548042500,50,36.740513938516,127.122638324472,51.589343577623,0.0077,0.0077,295.572913,0.8748,9
230,548042550,50,36.740515269646,127.122634796732,51.595597249456,0.0077,0.0077,295.119103,0.8748,9
231,548042600,50,36.740516611915,127.122631267102,51.591164059006,0.0077,0.0077,295.291269,0.8748,9
232,548042650,50,36.740518008077,127.122627747028,51.600349111483,0.0076,0.0076,295.291234,0.8748,9
233,548042700,50,36.740519364825,127.122624136681,51.599532386288,0.0076,0.0076,295.029253,0.8748,9
234,548042750,50,36.740520760816,127.122620555702,51.602120105177,0.0076,0.0076,295.844422,0.8748,9
235,548042800,50,36.740522159433,127.122616942088,51.596923769452,0.0076,0.0076,295.683085,0.8748,9
236,548042850,50,36.740523580735,127.122613266741,51.601802047342,0.0076,0.0076,295.664078,0.8748,9
237,548042900,50,36.740524987845,127.122609589244,51.606020880863,0.0076,0.0076,295.427344,0.8748,9
238,548042950,50,36.740526440709,127.122605940881,51.595571134239,0.0076,0.0076,296.326146,0.8748,9
239,548043000,50,36.740527860270,127.122602173631,51.601041868329,0.0076,0.0076,295.088982,0.8748,9
240,548043050,50,36.740529286641,127.122598431505,51.606107529253,0.0076,0.0076,295.342441,0.8748,9
241,548043100,50,36.740530757286,127.122594647535,51.606259842403,0.0076,0.0076,295.776130,0.8748,9
242,548043150,50,36.740532225527,127.122590881866,51.599869620055,0.0076,0.0076,295.848286,0.8748,9
243,548043200,50,36.740533666543,127.122587047937,51.603000225499,0.0076,0.0076,295.033054,0.8748,9
244,548043250,50,36.740535174538,127.122583225196,51.603928535245,0.0076,0.0076,296.111689,0.8748,9
245,548043300,50,36.740536680582,127.122579397442,51.598051884212,0.0076,0.0076,296.052722,0.8748,9
246,548043350,50,36.740538161750,127.122575502403,51.600515192375,0.0076,0.0076,295.290359,0.8748,9
247,548043400,50,36.740539687823,127.122571621508,51.606723360717,0.0076,0.0076,296.039719,0.8748,9
248,548043450,50,36.740541225767,127.122567705916,51.602804696187,0.0076,0.0076,296.013704,0.8748,9
249,548043500,50,36.740542740095,127.122563775951,51.600087286904,0.0076,0.0076,295.584023,0.8748,9
250,548043550,50,36.740544293777,127.122559799772,51.603683435358,0.0076,0.0077,295.897045,0.8748,9
251,548043600,50,36.740545826313,127.122555829782,51.600690496154,0.0077,0.0077,295.624652,0.8748,9
252,548043650,50,36.740547388070,127.122551875151,51.596011614427,0.0075,0.0076,295.624610,0.8748,9
253,548043700,50,36.740548954116,127.122547873398,51.590732752346,0.0075,0.0076,295.931140,0.8748,9
254,548043750,50,36.740550519904,127.122543893912,51.601387039758,0.0075,0.0076,296.053359,0.8748,9
255,548043800,50,36.740552054107,127.122539922781,51.596241582185,0.0075,0.0076,295.642502,0.8748,9
256,548043850,50,36.740553636261,127.122535887628,51.602407380939,0.0076,0.0076,295.974464,0.8748,9
257,548043900,50,36.740555200552,127.122531846761,51.594051493332,0.0076,0.0076,295.687541,0.8748,9
258,548043950,50,36.740556811471,127.122527861043,51.597455892712,0.0076,0.0076,296.665391,0.8748,9
259,548044000,50,36.740558380459,127.122523766188,51.600956665352,0.0076,0.0076,295.458334,0.8748,9
260,548044050,50,36.740559972981,127.122519741677,51.595846940763,0.0076,0.0076,296.182002,0.8748,9
261,548044100,50,36.740561595890,127.122515650838,51.596016570926,0.0076,0.0076,296.239987,0.8748,9
262,548044150,50,36.740563192159,127.122511564698,51.601723036729,0.0076,0.0076,295.891677,0.8748,9
263,548044200,50,36.740564812592,127.122507476999,51.600392085500,0.0076,0.0076,296.222753,0.8748,9
264,548044250,50,36.740566440896,127.122503347724,51.593145062216,0.0076,0.0076,296.103171,0.8748,9
265,548044300,50,36.740568042159,127.122499230958,51.596420150250,0.0076,0.0076,295.794061,0.8748,9
266,548044350,50,36.740569687002,127.122495137201,51.595321607776,0.0076,0.0076,296.529956,0.8748,9
267,548044400,50,36.740571316771,127.122490972226,51.595821994357,0.0076,0.0076,295.929073,0.8748,9
268,548044450,50,36.740572946433,127.122486793752,51.595877660438,0.0076,0.0076,295.854769,0.8748,9
269,548044500,50,36.740574595266,127.122482627598,51.591640428640,0.0076,0.0076,296.185621,0.8748,9
270,548044550,50,36.740576237057,127.122478480541,51.591950361617,0.0076,0.0076,296.192755,0.8748,9
271,548044600,50,36.740577903306,127.122474278200,51.596358313225,0.0076,0.0076,296.227818,0.8748,9
272,548044650,50,36.740579548860,127.122470081969,51.593232844025,0.0075,0.0076,296.227771,0.8748,9
273,548044700,50,36.740581188967,127.122465921776,51.585859679617,0.0075,0.0076,296.097786,0.8748,9
274,548044750,50,36.740582879382,127.122461706078,51.593463497236,0.0075,0.0076,296.483641,0.8748,9
275,548044800,50,36.740584541584,127.122457535494,51.594321792014,0.0075,0.0076,296.345037,0.8748,9
276,548044850,50,36.740586214656,127.122453321889,51.599731514230,0.0075,0.0076,296.259827,0.8748,9
277,548044900,50,36.740587850030,127.122449106938,51.597354290076,0.0075,0.0076,295.738168,0.8748,9
278,548044950,50,36.740589522528,127.122444948919,51.592766053043,0.0075,0.0076,296.555084,0.8748,9
279,548045000,50,36.740591197793,127.122440720630,51.593542264774,0.0075,0.0076,296.210562,0.8748,9
280,548045050,50,36.740592884437,127.122436520711,51.592140818015,0.0075,0.0076,296.518366,0.8748,9
281,548045100,50,36.740594552337,127.122432309941,51.590313738212,0.0076,0.0076,296.204782,0.8748,9
282,548045150,50,36.740596218655,127.122428075774,51.588342037052,0.0076,0.0076,296.057768,0.8748,9
283,548045200,50,36.740597910147,127.122423875305,51.595376108773,0.0076,0.0076,296.581129,0.8748,9
284,548045250,50,36.740599611766,127.122419656975,51.598088786937,0.0076,0.0076,296.620712,0.8748,9
285,548045300,50,36.740601291299,127.122415402549,51.596210831776,0.0076,0.0076,296.128526,0.8748,9
286,548045350,50,36.740602971738,127.122411167159,51.596497084945,0.0076,0.0076,296.242507,0.8748,9
287,548045400,50,36.740604704100,127.122406992093,51.594003520906,0.0076,0.0076,297.273749,0.8748,9
288,548045450,50,36.740606380176,127.122402712949,51.595038339496,0.0076,0.0076,295.951049,0.8748,9
289,548045500,50,36.740608090699,127.122398497332,51.595316338353,0.0076,0.0076,296.755522,0.8748,9
290,548045550,50,36.740609794932,127.122394237596,51.600685653277,0.0076,0.0076,296.432252,0.8748,9
291,548045600,50,36.740611500273,127.122389960789,51.593144486658,0.0076,0.0076,296.355816,0.8748,9
292,548045650,50,36.740613205884,127.122385733120,51.596186424606,0.0076,0.0076,296.623776,0.8748,9
293,548045700,50,36.740614944509,127.122381494335,51.594543681480,0.0076,0.0076,297.005409,0.8748,9
294,548045750,50,36.740616659562,127.122377237781,51.600734995678,0.0076,0.0076,296.594211,0.8748,9
295,548045800,50,36.740618396103,127.122372944631,51.603887113743,0.0076,0.0076,296.683548,0.8748,9
296,548045850,50,36.740620097428,127.122368708148,51.599048315547,0.0075,0.0076,296.683498,0.8748,9
297,548045900,50,36.740621830714,127.122364448822,51.594281491823,0.0075,0.0076,296.822462,0.8748,9
298,548045950,50,36.740623564793,127.122360176134,51.590807872824,0.0075,0.0076,296.760800,0.8748,9
299,548046000,50,36.740625299539,127.122355917792,51.603421807289,0.0075,0.0076,296.847231,0.8748,9
300,548046050,50,36.740627045452,127.122351642337,51.596310862340,0.0075,0.0076,296.902825,0.8748,9
301,548046100,50,36.740628800738,127.122347401893,51.594413709827,0.0075,0.0076,297.217961,0.8748,9
302,548046150,50,36.740630546137,127.122343124271,51.595783402212,0.0076,0.0076,296.884301,0.8748,9
303,548046200,50,36.740632340965,127.122338866201,51.597263096832,0.0076,0.0076,297.642673,0.8748,9
304,548046250,50,36.740634048801,127.122334581719,51.598686174490,0.0076,0.0076,296.348280,0.8748,9
305,548046300,50,36.740635655890,127.122330221577,51.594860798679,0.0076,0.0076,294.606615,0.8748,9
306,548046350,50,36.740637243986,127.122325858592,51.596330388449,0.0076,0.0076,294.335705,0.8748,9
307,548046400,50,36.740638800620,127.122321443953,51.592559928074,0.0076,0.0076,293.659238,0.8748,9
308,548046450,50,36.740640460972,127.122317118927,51.595266357996,0.0076,0.0076,295.500939,0.8748,9
309,548046500,50,36.740642134711,127.122312832692,51.599571943283,0.0076,0.0076,295.882345,0.8748,9
310,548046550,50,36.740643940700,127.122308584032,51.596847373992,0.0076,0.0076,297.841253,0.8748,9
311,548046600,50,36.740645790185,127.122304365977,51.596491128206,0.0077,0.0076,298.581788,0.8748,9
312,548046650,50,36.740647649822,127.122300155925,51.594950333238,0.0077,0.0076,298.759619,0.8748,9
313,548046700,50,36.740649428511,127.122295908742,51.594572466798,0.0077,0.0076,297.490574,0.8748,9
314,548046750,50,36.740651102107,127.122291564028,51.592097472399,0.0077,0.0077,295.576804,0.8748,9
315,548046800,50,36.740652766199,127.122287261525,51.596315546893,0.0077,0.0077,295.667686,0.8748,9
316,548046850,50,36.740654420379,127.122282961018,51.595537003130,0.0077,0.0077,295.544643,0.8748,9
317,548046900,50,36.740656119940,127.122278662750,51.598569931462,0.0078,0.0077,296.164879,0.8748,9
318,548046950,50,36.740657904621,127.122274419169,51.594071217813,0.0078,0.0077,297.589508,0.8748,9
319,548047000,50,36.740659751737,127.122270244276,51.592911683023,0.0077,0.0077,297.589456,0.8748,9
320,548047050,50,36.740661641542,127.122266034587,51.598355156370,0.0077,0.0077,299.152276,0.8748,9
321,548047100,50,36.740663466258,127.122261809614,51.597317326814,0.0077,0.0077,298.219289,0.8748,9
322,548047150,50,36.740665236194,127.122257573381,51.593986825086,0.0077,0.0077,297.435400,0.8748,9
323,548047200,50,36.740666959137,127.122253324808,51.598733020015,0.0077,0.0077,296.742801,0.8748,9
324,548047250,50,36.740668677126,127.122249018843,51.602577791549,0.0077,0.0077,296.369393,0.8748,9
325,548047300,50,36.740670421964,127.122244741939,51.598297963850,0.0077,0.0077,296.880772,0.8748,9
326,548047350,50,36.740672231795,127.122240495512,51.594078836963,0.0077,0.0077,297.904016,0.8748,9
327,548047400,50,36.740674108943,127.122236340515,51.601383089088,0.0077,0.0077,299.307500,0.8748,9
328,548047450,50,36.740676018161,127.122232204000,51.599986841902,0.0077,0.0077,299.833735,0.8748,9
329,548047500,50,36.740677904319,127.122228047888,51.595299008302,0.0077,0.0077,299.418178,0.8748,9
330,548047550,50,36.740679725977,127.122223837721,51.597458073869,0.0077,0.0077,298.263101,0.8748,9
331,548047600,50,36.740681523894,127.122219605908,51.595213745721,0.0077,0.0077,297.829283,0.8748,9
332,548047650,50,36.740683240008,127.122215391674,51.601317641325,0.0078,0.0077,296.838352,0.8748,9
333,548047700,50,36.740684972816,127.122211187129,51.593612330034,0.0075,0.0076,296.838301,0.8748,9
334,548047750,50,36.740686784507,127.122207026362,51.598000081256,0.0075,0.0076,298.414255,0.8748,9
335,548047800,50,36.740688655028,127.122202903001,51.597556868568,0.0075,0.0076,299.408026,0.8748,9
336,548047850,50,36.740690586454,127.122198813167,51.589791154489,0.0075,0.0076,300.403527,0.8748,9
337,548047900,50,36.740692534927,127.122194806661,51.594861065969,0.0076,0.0076,301.143302,0.8748,9
338,548047950,50,36.740694407412,127.122190701193,51.596104941331,0.0076,0.0076,299.540514,0.8748,9
339,548048000,50,36.740696211076,127.122186546762,51.593499782495,0.0076,0.0076,298.344399,0.8748,9
340,548048050,50,36.740697966745,127.122182376016,51.595079181716,0.0076,0.0076,297.611184,0.8748,9
341,548048100,50,36.740699725187,127.122178233289,51.597809358500,0.0076,0.0077,297.807408,0.8748,9
342,548048150,50,36.740701552994,127.122174140326,51.600639829412,0.0076,0.0077,299.024800,0.8748,9
343,548048200,50,36.740703441363,127.122170046416,51.599673115648,0.0076,0.0077,299.818216,0.8748,9
344,548048250,50,36.740705401862,127.122166056820,51.597604595125,0.0076,0.0077,301.407296,0.8748,9
345,548048300,50,36.740707364874,127.122162042574,51.599797531031,0.0076,0.0077,301.283106,0.8748,9
346,548048350,50,36.740709339953,127.122158074259,51.604552600533,0.0076,0.0077,301.733339,0.8748,9
347,548048400,50,36.740711209402,127.122154045427,51.603529031388,0.0076,0.0077,299.965623,0.8748,9
348,548048450,50,36.740713023293,127.122149914734,51.603107910603,0.0077,0.0077,298.617825,0.8748,9
349,548048500,50,36.740714817847,127.122145858321,51.606889666989,0.0077,0.0077,298.797147,0.8748,9
350,548048550,50,36.740716670124,127.122141804646,51.608302711509,0.0077,0.0077,299.585911,0.8748,9
351,548048600,50,36.740718537219,127.122137813471,51.608484825119,0.0077,0.0077,300.167644,0.8748,9
352,548048650,50,36.740720494520,127.122133855727,51.603354565799,0.0077,0.0077,301.570212,0.8748,9
353,548048700,50,36.740722498845,127.122129985193,51.615013059229,0.0072,0.0074,301.570162,0.8748,9
354,548048750,50,36.740724486342,127.122126082104,51.616554603912,0.0072,0.0074,302.321698,0.8748,9
355,548048800,50,36.740726404965,127.122122132563,51.610346417874,0.0072,0.0074,301.114961,0.8748,9
356,548048850,50,36.740728301970,127.122118134744,51.611555653624,0.0072,0.0074,300.523054,0.8748,9
357,548048900,50,36.740730104441,127.122114104572,51.618287992664,0.0072,0.0074,299.061318,0.8748,9
358,548048950,50,36.740731936026,127.122110112021,51.616426740773,0.0072,0.0074,299.683402,0.8748,9
359,548049000,50,36.740733827003,127.122106163425,51.617642659694,0.0072,0.0074,300.754344,0.8748,9
360,548049050,50,36.740735797657,127.122102300910,51.612750119530,0.0072,0.0074,302.371937,0.8748,9
361,548049100,50,36.740737788024,127.122098479022,51.611915258691,0.0072,0.0074,302.906101,0.8748,9
362,548049150,50,36.740739793269,127.122094658636,51.613342196681,0.0072,0.0074,303.111322,0.8748,9
363,548049200,50,36.740741782673,127.122090776067,51.618486358784,0.0072,0.0074,302.483232,0.8748,9
364,548049250,50,36.740743694766,127.122086921842,51.612442222424,0.0073,0.0074,301.650407,0.8748,9
365,548049300,50,36.740745557848,127.122082964134,51.616511870176,0.0073,0.0074,300.323920,0.8748,9
366,548049350,50,36.740747408346,127.122079021609,51.616814795882,0.0073,0.0074,300.250718,0.8748,9
367,548049400,50,36.740749294186,127.122075131742,51.625384000130,0.0073,0.0074,301.064081,0.8748,9
368,548049450,50,36.740751246131,127.122071303285,51.617349667475,0.0073,0.0074,302.354283,0.8748,9
369,548049500,50,36.740753242906,127.122067543489,51.614036265761,0.0073,0.0074,303.420210,0.8748,9
370,548049550,50,36.740755293569,127.122063793859,51.614937565289,0.0073,0.0074,304.197325,0.8748,9
371,548049600,50,36.740757340833,127.122060037795,51.615431533195,0.0073,0.0074,304.107514,0.8748,9
372,548049650,50,36.740759303898,127.122056218504,51.619672336616,0.0073,0.0074,302.563882,0.8748,9
373,548049700,50,36.740761197513,127.122052397233,51.613874663599,0.0073,0.0074,301.621685,0.8748,9
374,548049750,50,36.740763052783,127.122048512524,51.615735859610,0.0071,0.0074,301.621638,0.8748,9
375,548049800,50,36.740764975557,127.122044689558,51.619155741297,0.0072,0.0074,302.002452,0.8748,9
376,548049850,50,36.740766936833,127.122040936804,51.620207346044,0.0072,0.0074,302.998436,0.8748,9
377,548049900,50,36.740768939479,127.122037205914,51.618282391690,0.0071,0.0074,303.701382,0.8748,9
378,548049950,50,36.740770988955,127.122033527366,51.618219523691,0.0071,0.0074,304.693303,0.8748,9
379,548050000,50,36.740773051252,127.122029904428,51.613685701042,0.0071,0.0074,305.271120,0.8748,9
380,548050050,50,36.740775044590,127.122026159090,51.620618917048,0.0072,0.0074,303.476318,0.8748,9
381,548050100,50,36.740777045345,127.122022433134,51.621227980591,0.0072,0.0074,303.711421,0.8748,9
382,548050150,50,36.740778929442,127.122018633762,51.623918429017,0.0072,0.0074,301.639770,0.8748,9
383,548050200,50,36.740780817902,127.122014853659,51.623109530658,0.0072,0.0074,301.829389,0.8748,9
384,548050250,50,36.740782773755,127.122011139747,51.623129052110,0.0072,0.0074,303.198587,0.8748,9
385,548050300,50,36.740784814139,127.122007477200,51.622560297139,0.0072,0.0074,304.691001,0.8748,9
386,548050350,50,36.740786879721,127.122003871267,51.625228486955,0.0072,0.0074,305.441388,0.8748,9
387,548050400,50,36.740788949166,127.122000277602,51.625049776398,0.0072,0.0074,305.584342,0.8748,9
388,548050450,50,36.740791015552,127.121996647411,51.620957687497,0.0072,0.0074,305.270630,0.8748,9
389,548050500,50,36.740793023600,127.121992968679,51.627611219883,0.0072,0.0074,304.146445,0.8748,9
390,548050550,50,36.740794991277,127.121989263454,51.628139912151,0.0072,0.0074,303.418661,0.8748,9
391,548050600,50,36.740796887263,127.121985529620,51.630402212031,0.0072,0.0074,302.249217,0.8748,9
392,548050650,50,36.740798833344,127.121981865908,51.623165626079,0.0072,0.0074,303.424761,0.8748,9
393,548050700,50,36.740800880975,127.121978223870,51.627055124380,0.0072,0.0074,304.937049,0.8748,9
394,548050750,50,36.740802980568,127.121974675658,51.627749416977,0.0072,0.0074,306.324803,0.8748,9
395,548050800,50,36.740805090809,127.121971098582,51.628690308891,0.0072,0.0074,306.241640,0.8748,9
396,548050850,50,36.740807191849,127.121967565682,51.623803005554,0.0072,0.0074,306.462025,0.8748,9
397,548050900,50,36.740809238387,127.121963951336,51.630264941603,0.0072,0.0074,305.128225,0.8748,9
398,548050950,50,36.740811248397,127.121960288546,51.628033285961,0.0072,0.0074,304.288198,0.8748,9
399,548051000,50,36.740813200058,127.121956577591,51.628567211330,0.0071,0.0073,304.288153,0.8748,9
400,548051050,50,36.740815164928,127.121952897425,51.630772260018,0.0071,0.0073,303.559940,0.8748,9
401,548051100,50,36.740817194633,127.121949291001,51.629038983956,0.0071,0.0073,304.964845,0.8748,9
402,548051150,50,36.740819301864,127.121945767346,51.638073477894,0.0071,0.0073,306.614435,0.8748,9
403,548051200,50,36.740821434231,127.121942292971,51.630435327068,0.0071,0.0073,307.328617,0.8748,9
404,548051250,50,36.740823578311,127.121938813123,51.634671146050,0.0071,0.0074,307.436538,0.8748,9
405,548051300,50,36.740825707487,127.121935270723,51.632292755879,0.0071,0.0074,306.753199,0.8748,9
406,548051350,50,36.740827768353,127.121931691903,51.633972493000,0.0071,0.0074,305.583951,0.8748,9
407,548051400,50,36.740829753489,127.121928045154,51.631148997694,0.0071,0.0074,304.073454,0.8748,9
408,548051450,50,36.740831748459,127.121924418512,51.637424780987,0.0071,0.0074,304.352402,0.8748,9
409,548051500,50,36.740833794172,127.121920861536,51.634371642955,0.0071,0.0074,305.549883,0.8748,9
410,548051550,50,36.740835918017,127.121917327449,51.636433220468,0.0071,0.0074,306.748879,0.8748,9
411,548051600,50,36.740838087653,127.121913880447,51.641209226102,0.0071,0.0074,308.028115,0.8748,9
412,548051650,50,36.740840284606,127.121910469171,51.634667350911,0.0071,0.0074,308.667374,0.8748,9
413,548051700,50,36.740842440466,127.121906977584,51.641443791799,0.0071,0.0074,307.494955,0.8748,9
414,548051750,50,36.740844586749,127.121903467974,51.638022831641,0.0071,0.0074,307.229646,0.8748,9
415,548051800,50,36.740846617401,127.121899886395,51.638756491244,0.0071,0.0074,305.163704,0.8748,9
416,548051850,50,36.740848658757,127.121896234077,51.644475380890,0.0072,0.0074,304.778852,0.8748,9
417,548051900,50,36.740850738441,127.121892715632,51.642518694513,0.0072,0.0074,306.294674,0.8748,9
418,548051950,50,36.740852887917,127.121889181198,51.644325808622,0.0072,0.0074,307.076273,0.8748,9
419,548052000,50,36.740855087185,127.121885737702,51.644454080611,0.0072,0.0074,308.434278,0.8748,9
420,548052050,50,36.740857316568,127.121882310435,51.645318248309,0.0072,0.0074,308.946570,0.8748,9
421,548052100,50,36.740859553215,127.121878873540,51.644972297363,0.0072,0.0074,308.959094,0.8748,9
422,548052150,50,36.740861745260,127.121875377766,51.647971095517,0.0072,0.0074,307.923244,0.8748,9
423,548052200,50,36.740863871543,127.121871794413,51.645406307653,0.0072,0.0074,306.400813,0.8748,9
424,548052250,50,36.740865964323,127.121868197427,51.642424023710,0.0072,0.0074,305.863860,0.8748,9
425,548052300,50,36.740868093217,127.121864604391,51.655983004719,0.0072,0.0074,306.360546,0.8748,9
426,548052350,50,36.740870296214,127.121861043381,51.651210878044,0.0071,0.0074,306.360502,0.8748,9
427,548052400,50,36.740872522629,127.121857548051,51.649495705962,0.0071,0.0074,308.359730,0.8748,9
428,548052450,50,36.740874800240,127.121854095361,51.653710632585,0.0071,0.0074,309.339583,0.8748,9
429,548052500,50,36.740877108727,127.121850648567,51.651319983415,0.0071,0.0074,309.766456,0.8748,9
430,548052550,50,36.740879432375,127.121847209947,51.651893291622,0.0071,0.0074,310.017962,0.8748,9
431,548052600,50,36.740881667476,127.121843649967,51.651719358750,0.0071,0.0074,307.957992,0.8748,9
432,548052650,50,36.740883825256,127.121840058494,51.650964245200,0.0071,0.0074,306.741890,0.8748,9
433,548052700,50,36.740885990808,127.121836439259,51.655006679706,0.0071,0.0074,306.629211,0.8748,9
434,548052750,50,36.740888217448,127.121832866342,51.653234085999,0.0071,0.0074,307.752007,0.8748,9
435,548052800,50,36.740890518070,127.121829341316,51.653832347132,0.0071,0.0074,309.039875,0.8748,9
436,548052850,50,36.740892853326,127.121825852560,51.653253298253,0.0071,0.0074,309.750383,0.8748,9
437,548052900,50,36.740895231305,127.121822389579,51.661377147771,0.0071,0.0074,310.471534,0.8748,9
438,548052950,50,36.740897613942,127.121818904963,51.652080034837,0.0070,0.0073,310.471492,0.8748,9
439,548053000,50,36.740899939037,127.121815368577,51.655427011661,0.0070,0.0073,309.246405,0.8748,9
440,548053050,50,36.740902242503,127.121811775385,51.660026325844,0.0070,0.0073,308.538553,0.8748,9
441,548053100,50,36.740904480705,127.121808112863,51.658896795474,0.0070,0.0073,307.209991,0.8748,9
442,548053150,50,36.740906758327,127.121804530185,51.659518103115,0.0070,0.0073,308.305559,0.8748,9
443,548053200,50,36.740909087613,127.121800970765,51.663291549310,0.0070,0.0073,309.114779,0.8748,9
444,548053250,50,36.740911500090,127.121797513281,51.663423753344,0.0070,0.0073,310.924488,0.8748,9
445,548053300,50,36.740913914582,127.121794002997,51.666632532142,0.0070,0.0073,310.518795,0.8748,9
446,548053350,50,36.740916387373,127.121790523706,51.664437266998,0.0070,0.0073,311.447111,0.8748,9
447,548053400,50,36.740918823437,127.121786994198,51.663903548382,0.0070,0.0073,310.615969,0.8748,9
448,548053450,50,36.740921198773,127.121783399155,51.673492291011,0.0070,0.0073,309.384820,0.8748,9
449,548053500,50,36.740923491634,127.121779711473,51.672268673778,0.0070,0.0073,307.687994,0.8748,9
450,548053550,50,36.740925815053,127.121776023714,51.675314201042,0.0071,0.0073,308.055004,0.8748,9
451,548053600,50,36.740928225365,127.121772416294,51.676475772634,0.0071,0.0074,309.699324,0.8748,9
452,548053650,50,36.740930675480,127.121768878391,51.683190448210,0.0071,0.0074,310.711591,0.8748,9
453,548053700,50,36.740933140252,127.121765361631,51.677642698400,0.0071,0.0074,311.050639,0.8748,9
454,548053750,50,36.740935692241,127.121761920144,51.681229671463,0.0071,0.0074,312.656734,0.8748,9
455,548053800,50,36.740938199249,127.121758402854,51.676989936270,0.0070,0.0073,312.656692,0.8748,9
456,548053850,50,36.740940663153,127.121754816597,51.677575929090,0.0070,0.0073,310.486138,0.8748,9
457,548053900,50,36.740943065194,127.121751157600,51.679378965870,0.0070,0.0073,309.203592,0.8748,9
458,548053950,50,36.740945466755,127.121747515450,51.679931508377,0.0070,0.0073,309.327547,0.8748,9
459,548054000,50,36.740947883643,127.121743871027,51.682955092750,0.0070,0.0073,309.488796,0.8748,9
460,548054050,50,36.740950389462,127.121740333934,51.680236905813,0.0070,0.0073,311.355928,0.8748,9
461,548054100,50,36.740952921781,127.121736847768,51.680072824471,0.0070,0.0073,312.068030,0.8748,9
462,548054150,50,36.740955525593,127.121733354889,51.681966891512,0.0070,0.0073,312.807509,0.8748,9
463,548054200,50,36.740958113954,127.121729899830,51.686815232038,0.0070,0.0073,312.948521,0.8748,9
464,548054250,50,36.740960674898,127.121726392590,51.680564105511,0.0070,0.0073,312.216645,0.8748,9
465,548054300,50,36.740963150324,127.121722787632,51.685105766170,0.0070,0.0073,310.471010,0.8748,9
466,548054350,50,36.740965597739,127.121719143212,51.692843624391,0.0070,0.0073,309.842205,0.8748,9
467,548054400,50,36.740968060964,127.121715558671,51.690276127309,0.0070,0.0073,310.491912,0.8748,9
468,548054450,50,36.740970562198,127.121711997490,51.693957434036,0.0070,0.0073,311.111171,0.8748,9
469,548054500,50,36.740973174935,127.121708517435,51.694410920143,0.0070,0.0073,313.010403,0.8748,9
470,548054550,50,36.740975820817,127.121705085250,51.690330311656,0.0070,0.0073,313.767123,0.8748,9
471,548054600,50,36.740978472599,127.121701614574,51.691285327077,0.0070,0.0073,313.511732,0.8748,9
472,548054650,50,36.740981116470,127.121698140642,51.693067279644,0.0069,0.0073,313.511689,0.8748,9
473,548054700,50,36.740983655373,127.121694588496,51.695192454383,0.0069,0.0073,311.608108,0.8748,9
474,548054750,50,36.740986135140,127.121690924273,51.702586242929,0.0069,0.0073,310.059728,0.8748,9
475,548054800,50,36.740988642741,127.121687333799,51.700705199502,0.0069,0.0073,310.950854,0.8748,9
476,548054850,50,36.740991184650,127.121683772626,51.704154734500,0.0069,0.0073,311.569574,0.8748,9
477,548054900,50,36.740993766077,127.121680282671,51.696976082399,0.0069,0.0073,312.584877,0.8748,9
478,548054950,50,36.740996454517,127.121676839400,51.709771199152,0.0069,0.0073,314.131594,0.8748,9
479,548055000,50,36.740999168962,127.121673494420,51.705131733790,0.0069,0.0073,315.236918,0.8748,9
480,548055050,50,36.741001846389,127.121670033450,51.708868493326,0.0069,0.0073,313.867295,0.8748,9
481,548055100,50,36.741004464643,127.121666574322,51.712116821669,0.0069,0.0073,313.243105,0.8748,9
482,548055150,50,36.741007040752,127.121663012048,51.711808079854,0.0069,0.0073,311.941219,0.8748,9
483,548055200,50,36.741009595912,127.121659450638,51.713332759216,0.0069,0.0073,311.715628,0.8748,9
484,548055250,50,36.741012149169,127.121655915016,51.713021007366,0.0069,0.0073,311.901319,0.8748,9
485,548055300,50,36.741014785000,127.121652466122,51.715454908088,0.0070,0.0073,313.519249,0.8748,9
486,548055350,50,36.741017454240,127.121649066437,51.712832169607,0.0070,0.0073,314.291176,0.8748,9
487,548055400,50,36.741020185371,127.121645676554,51.718759105541,0.0070,0.0073,315.030499,0.8748,9
488,548055450,50,36.741022904016,127.121642334588,51.721028609201,0.0070,0.0073,315.307055,0.8748,9
489,548055500,50,36.741025588882,127.121638933778,51.716875372455,0.0070,0.0073,314.448890,0.8748,9
490,548055550,50,36.741028224130,127.121635427338,51.726277139969,0.0070,0.0073,313.039738,0.8748,9
491,548055600,50,36.741030802861,127.121631907087,51.722630492412,0.0070,0.0073,312.308472,0.8748,9
492,548055650,50,36.741033399576,127.121628371689,51.727395279333,0.0070,0.0073,312.384258,0.8748,9
493,548055700,50,36.741036052021,127.121624940514,51.728822446428,0.0070,0.0073,313.846473,0.8748,9
494,548055750,50,36.741038746749,127.121621525953,51.731429004110,0.0070,0.0073,314.438347,0.8748,9
495,548055800,50,36.741041496143,127.121618226744,51.726232610643,0.0070,0.0073,315.997973,0.8748,9
496,548055850,50,36.741044303615,127.121614960319,51.720512585714,0.0069,0.0073,315.997931,0.8748,9
