0,546908250,50,36.742069073783,127.119216942186,51.812803417444,0.0081,0.0073,136.690133,1.1008,7
1,546908300,50,36.742069105178,127.119216968475,51.814740126953,0.0081,0.0073,33.975708,1.1008,7
2,546908350,50,36.742069077329,127.119216964109,51.803577512503,0.0081,0.0073,187.191291,1.1008,7
3,546908400,50,36.742069071515,127.119216949291,51.810201185755,0.0081,0.0073,244.009488,1.1008,7
4,546908450,50,36.742069075332,127.119216959632,51.817558991723,0.0081,0.0073,65.359626,1.1008,7
5,546908500,50,36.742069097981,127.119216962964,51.809547474608,0.0081,0.0073,6.753019,1.1008,7
6,546908550,50,36.742069089012,127.119216951213,51.815432034433,0.0081,0.0073,226.516877,1.1008,7
7,546908600,50,36.742069088727,127.119216943481,51.814869536087,0.0081,0.0073,267.376154,1.1008,7
8,546908650,50,36.742069100335,127.119216954740,51.805477806367,0.0081,0.0073,37.974188,1.1008,7
9,546908700,50,36.742069068221,127.119216939256,51.811624372378,0.0084,0.0073,37.974187,1.1008,7
10,546908750,50,36.742069072880,127.119216951698,51.812456139363,0.0084,0.0073,65.048134,1.1008,7
11,546908800,50,36.742069070933,127.119216964528,51.815235270187,0.0084,0.0073,100.680432,1.1008,7
12,546908850,50,36.742069079231,127.119216950824,51.815300503746,0.0087,0.0073,306.956574,1.1008,7
13,546908900,50,36.742069080534,127.119216946587,51.819195770659,0.0087,0.0073,290.923444,1.1008,7
14,546908950,50,36.742069087906,127.119216959030,51.809445885010,0.0087,0.0073,53.640641,1.1008,7
15,546909000,50,36.742069062176,127.119216951543,51.812610282563,0.0087,0.0073,193.180604,1.1008,7
16,546909050,50,36.742069082128,127.119216962961,51.817194650881,0.0087,0.0073,24.731041,1.1008,7
17,546909100,50,36.742069065978,127.119216943072,51.814399329945,0.0087,0.0073,224.745736,1.1008,7
18,546909150,50,36.742069071464,127.119216961129,51.816161245108,0.0087,0.0073,69.317547,1.1008,7
19,546909200,50,36.742069076858,127.119216956775,51.807493114844,0.0087,0.0073,326.994228,1.1008,7
20,546909250,50,36.742069057955,127.119216952596,51.813245768659,0.0087,0.0073,190.090313,0.9902,8
21,546909300,50,36.742069067795,127.119216944206,51.823188634589,0.0087,0.0073,325.543032,0.9902,8
22,546909350,50,36.742069072672,127.119216957947,51.815187786706,0.0087,0.0073,66.203009,0.9902,8
23,546909400,50,36.742069063119,127.119216951812,51.817037099972,0.0087,0.0073,207.335683,0.9902,8
24,546909450,50,36.742069049597,127.119216935650,51.816076004878,0.0087,0.0073,223.887860,0.9902,8
25,546909500,50,36.742069057903,127.119216953011,51.810810881667,0.0087,0.0073,59.271705,0.9902,8
26,546909550,50,36.742069068869,127.119216950964,51.813095287420,0.0091,0.0077,351.457185,0.9902,8
27,546909600,50,36.742069078770,127.119216953381,51.809877104126,0.0091,0.0077,11.114527,0.9902,8
28,546909650,50,36.742069065344,127.119216983662,51.807306493632,0.0091,0.0077,118.849847,0.9902,8
29,546909700,50,36.742069048878,127.119216936907,51.808192436583,0.0090,0.0076,118.849846,0.9902,8
30,546909750,50,36.742069065106,127.119216939343,51.809322100133,0.0090,0.0076,6.891011,0.9902,8
31,546909800,50,36.742069084246,127.119216964899,51.799656566232,0.0090,0.0076,47.059259,0.9902,8
32,546909850,50,36.742069044724,127.119216927194,51.815421613865,0.0090,0.0076,217.517970,0.9902,8
33,546909900,50,36.742069041105,127.119216961738,51.806861632504,0.0091,0.0077,97.417959,1.1013,7
34,546909950,50,36.742069059349,127.119216973946,51.805604520254,0.0091,0.0077,28.303294,1.1013,7
35,546910000,50,36.742069043586,127.119216956994,51.803161634132,0.0091,0.0077,220.875304,1.1013,7
36,546910050,50,36.742069026271,127.119216989089,51.809195999987,0.0091,0.0077,123.836578,1.1013,7
37,546910100,50,36.742069023473,127.119216993150,51.806129394099,0.0091,0.0077,130.563989,1.1013,7
38,546910150,50,36.742069013461,127.119217034970,51.806723295711,0.0091,0.0077,106.566874,1.1013,7
39,546910200,50,36.742068989738,127.119217096904,51.804697091691,0.0091,0.0077,115.450967,1.1013,7
40,546910250,50,36.742068990511,127.119217155995,51.808786104433,0.0091,0.0077,89.068768,1.1013,7
41,546910300,50,36.742068944470,127.119217206255,51.806949889287,0.0091,0.0077,138.699294,1.1013,7
42,546910350,50,36.742068918409,127.119217262781,51.809973499738,0.0091,0.0077,119.806919,1.1013,7
43,546910400,50,36.742068903192,127.119217340205,51.810105014592,0.0090,0.0076,103.723014,1.1013,7
44,546910450,50,36.742068871616,127.119217433557,51.808670562692,0.0090,0.0076,112.796547,1.1013,7
45,546910500,50,36.742068840249,127.119217521903,51.803075865842,0.0090,0.0076,113.805500,1.1013,7
46,546910550,50,36.742068797148,127.119217595233,51.805345810018,0.0090,0.0076,126.140958,1.1013,7
47,546910600,50,36.742068778106,127.119217679997,51.812807552516,0.0090,0.0076,105.596386,1.1013,7
48,546910650,50,36.742068750560,127.119217811959,51.798980928957,0.0090,0.0076,104.540204,1.1013,7
49,546910700,50,36.742068703757,127.119217909691,51.801831131801,0.0090,0.0076,120.754364,1.1013,7
50,546910750,50,36.742068648103,127.119218022102,51.804986828007,0.0090,0.0076,121.598718,1.1013,7
51,546910800,50,36.742068611636,127.119218108420,51.802198079415,0.0090,0.0076,117.697055,1.1013,7
52,546910850,50,36.742068607151,127.119218211288,51.807326521724,0.0090,0.0076,117.697055,1.1013,7
53,546910900,50,36.742068553088,127.119218278959,51.807548840530,0.0089,0.0075,134.789291,1.1013,7
54,546910950,50,36.742068522867,127.119218375752,51.809090196155,0.0089,0.0075,111.203537,1.1013,7
55,546911000,50,36.742068466677,127.119218469241,51.805150260217,0.0089,0.0075,126.752943,1.1013,7
56,546911050,50,36.742068446095,127.119218556762,51.805454459973,0.0089,0.0075,106.288545,1.1013,7
57,546911100,50,36.742068401011,127.119218646965,51.802738093771,0.0089,0.0075,121.841508,1.1013,7
58,546911150,50,36.742068366837,127.119218743680,51.799557100050,0.0089,0.0075,113.703333,1.1013,7
59,546911200,50,36.742068351749,127.119218833133,51.798232580535,0.0089,0.0075,101.837134,1.1013,7
60,546911250,50,36.742068316842,127.119218894270,51.797324456275,0.0089,0.0075,125.353237,1.1013,7
61,546911300,50,36.742068298047,127.119218994003,51.802822403610,0.0089,0.0075,103.178933,1.1013,7
62,546911350,50,36.742068276502,127.119219033859,51.799011282623,0.0089,0.0075,123.888531,1.1013,7
63,546911400,50,36.742068258364,127.119219101870,51.799707660452,0.0089,0.0075,108.333435,1.1013,7
64,546911450,50,36.742068212913,127.119219138467,51.801109325141,0.0089,0.0075,147.056193,1.1013,7
65,546911500,50,36.742068224675,127.119219217500,51.794681715779,0.0089,0.0075,79.522873,1.1013,7
66,546911550,50,36.742068196487,127.119219246437,51.798683376983,0.0089,0.0075,140.437751,1.1013,7
67,546911600,50,36.742068201605,127.119219284515,51.803821710870,0.0089,0.0075,80.518437,1.1013,7
68,546911650,50,36.742068179253,127.119219304315,51.794717468321,0.0089,0.0075,144.513340,1.1013,7
69,546911700,50,36.742068169673,127.119219313786,51.800775207579,0.0089,0.0075,141.491982,1.1013,7
70,546911750,50,36.742068186609,127.119219344682,51.799640633166,0.0089,0.0075,55.741010,1.1013,7
71,546911800,50,36.742068159229,127.119219305716,51.802092252299,0.0089,0.0075,228.875431,1.1013,7
72,546911850,50,36.742068188949,127.119219319821,51.809287249111,0.0089,0.0075,20.903319,1.1013,7
73,546911900,50,36.742068186564,127.119219303787,51.796862180345,0.0089,0.0074,259.524493,1.1013,7
74,546911950,50,36.742068166463,127.119219294179,51.805358640850,0.0089,0.0074,201.041354,1.1013,7
75,546912000,50,36.742068169850,127.119219296462,51.805613501929,0.0089,0.0074,28.472351,1.1013,7
76,546912050,50,36.742068183178,127.119219311098,51.807066845708,0.0089,0.0075,41.470838,1.1013,7
77,546912100,50,36.742068169732,127.119219318982,51.804069701582,0.0089,0.0075,154.736778,1.1013,7
78,546912150,50,36.742068149680,127.119219314198,51.804410759360,0.0088,0.0074,154.736777,1.1013,7
79,546912200,50,36.742068175052,127.119219305003,51.808912943117,0.0088,0.0074,343.740431,1.1013,7
80,546912250,50,36.742068187599,127.119219320225,51.808467561379,0.0088,0.0074,44.312246,1.1013,7
81,546912300,50,36.742068166545,127.119219310705,51.808169393800,0.0088,0.0074,199.994642,1.1013,7
82,546912350,50,36.742068183538,127.119219318477,51.798802465200,0.0088,0.0074,20.206093,1.1013,7
83,546912400,50,36.742068167343,127.119219312003,51.806801642291,0.0088,0.0074,197.834329,1.1013,7
84,546912450,50,36.742068156775,127.119219329162,51.804435593076,0.0088,0.0074,127.426103,1.1013,7
85,546912500,50,36.742068159142,127.119219303744,51.807111700065,0.0089,0.0075,276.602671,1.1013,7
86,546912550,50,36.742068190150,127.119219314367,51.802010639571,0.0089,0.0075,15.414439,1.1013,7
87,546912600,50,36.742068176195,127.119219308490,51.801093541086,0.0089,0.0075,198.723107,1.1013,7
88,546912650,50,36.742068166497,127.119219307358,51.799658021890,0.0089,0.0075,185.366379,1.1013,7
89,546912700,50,36.742068158449,127.119219309933,51.808651406318,0.0088,0.0074,185.366378,1.1013,7
90,546912750,50,36.742068159035,127.119219314607,51.804589383304,0.0088,0.0074,81.136630,1.1013,7
91,546912800,50,36.742068172468,127.119219307997,51.807043254375,0.0088,0.0074,338.393423,1.1013,7
92,546912850,50,36.742068177660,127.119219313408,51.805402876809,0.0088,0.0074,39.992138,1.1013,7
93,546912900,50,36.742068184402,127.119219314938,51.806740097702,0.0089,0.0075,10.351024,1.1013,7
94,546912950,50,36.742068174544,127.119219320135,51.800549952313,0.0089,0.0075,157.009448,1.1013,7
95,546913000,50,36.742068192484,127.119219340138,51.806581995450,0.0089,0.0075,41.902612,1.1013,7
96,546913050,50,36.742068194947,127.119219350595,51.803576932289,0.0089,0.0075,73.688531,1.1013,7
97,546913100,50,36.742068171666,127.119219318402,51.809854398482,0.0089,0.0075,228.059102,1.1013,7
98,546913150,50,36.742068188094,127.119219343207,51.800572529435,0.0089,0.0075,50.549841,1.1013,7
99,546913200,50,36.742068174873,127.119219339406,51.808156628162,0.0089,0.0075,193.030130,1.1013,7
100,546913250,50,36.742068180811,127.119219325829,51.797719671391,0.0089,0.0075,298.522925,1.1013,7
101,546913300,50,36.742068172682,127.119219329743,51.805200902745,0.0089,0.0075,158.821845,1.1013,7
102,546913350,50,36.742068184334,127.119219339641,51.804971597157,0.0089,0.0075,34.360236,1.1013,7
103,546913400,50,36.742068193665,127.119219350900,51.800843578763,0.0088,0.0074,44.159739,1.1013,7
104,546913450,50,36.742068182977,127.119219339234,51.799735977314,0.0088,0.0074,221.297738,1.1013,7
105,546913500,50,36.742068191446,127.119219346126,51.806004061364,0.0088,0.0074,33.222535,1.1013,7
106,546913550,50,36.742068187821,127.119219337543,51.802225015126,0.0088,0.0074,242.311673,1.1013,7
107,546913600,50,36.742068187425,127.119219337228,51.808837057091,0.0088,0.0074,212.635454,1.1013,7
108,546913650,50,36.742068179402,127.119219320792,51.801644775085,0.0087,0.0074,212.635415,1.1013,7
109,546913700,50,36.742068165940,127.119219329724,51.801813660190,0.0087,0.0074,151.897220,1.1013,7
110,546913750,50,36.742068182041,127.119219307525,51.808153035119,0.0087,0.0074,312.024202,1.1013,7
111,546913800,50,36.742068184010,127.119219323272,51.800299508497,0.0087,0.0074,81.167742,1.1013,7
112,546913850,50,36.742068186613,127.119219330781,51.808850249276,0.0087,0.0074,66.702499,1.1013,7
113,546913900,50,36.742068172419,127.119219322163,51.805300606415,0.0087,0.0073,206.042431,1.1013,7
114,546913950,50,36.742068187169,127.119219334960,51.801007416099,0.0087,0.0073,34.923983,1.1013,7
115,546914000,50,36.742068161575,127.119219310216,51.810925278813,0.0087,0.0073,217.884948,1.1013,7
116,546914050,50,36.742068182979,127.119219317574,51.799466035329,0.0087,0.0073,15.464322,1.1013,7
117,546914100,50,36.742068157336,127.119219329788,51.801317734644,0.0087,0.0073,159.026607,1.1013,7
118,546914150,50,36.742068174302,127.119219320810,51.805823967792,0.0087,0.0073,336.930962,1.1013,7
119,546914200,50,36.742068187704,127.119219325709,51.807020761073,0.0087,0.0073,16.393416,1.1013,7
120,546914250,50,36.742068170810,127.119219319413,51.799989989027,0.0087,0.0074,196.695893,1.1013,7
121,546914300,50,36.742068170972,127.119219331029,51.795057583600,0.0087,0.0074,89.006853,1.1013,7
122,546914350,50,36.742068176714,127.119219324873,51.803092305548,0.0087,0.0074,319.206065,1.1013,7
123,546914400,50,36.742068183883,127.119219330210,51.803003135137,0.0087,0.0073,30.930398,1.1013,7
124,546914450,50,36.742068190876,127.119219326302,51.802453628741,0.0087,0.0074,335.778487,1.1013,7
125,546914500,50,36.742068190882,127.119219345145,51.797122091986,0.0087,0.0074,89.976449,1.1013,7
126,546914550,50,36.742068166842,127.119219333406,51.805823315866,0.0087,0.0074,201.455229,1.1013,7
127,546914600,50,36.742068168465,127.119219314500,51.806047090329,0.0087,0.0074,276.089849,1.1013,7
128,546914650,50,36.742068194516,127.119219326106,51.798072435893,0.0088,0.0074,19.725422,1.1013,7
129,546914700,50,36.742068207517,127.119219347257,51.799667595886,0.0087,0.0073,19.725421,1.1013,7
130,546914750,50,36.742068172894,127.119219326155,51.803570492193,0.0087,0.0073,206.128336,1.1013,7
131,546914800,50,36.742068197045,127.119219336263,51.797812703066,0.0087,0.0073,18.615429,1.1013,7
132,546914850,50,36.742068206855,127.119219353543,51.798198336735,0.0087,0.0073,54.801385,1.1013,7
133,546914900,50,36.742068166829,127.119219320355,51.799462318420,0.0090,0.0077,213.715923,1.1013,7
134,546914950,50,36.742068178453,127.119219329080,51.801464357413,0.0090,0.0077,31.135315,1.1013,7
135,546915000,50,36.742068189611,127.119219339510,51.805746642873,0.0090,0.0077,36.954906,1.1013,7
136,546915050,50,36.742068183940,127.119219340965,51.805576333776,0.0090,0.0077,168.332698,1.1013,7
137,546915100,50,36.742068183026,127.119219319938,51.804866827093,0.0090,0.0077,266.908691,1.1013,7
138,546915150,50,36.742068181381,127.119219338318,51.797616563737,0.0090,0.0077,96.345155,1.1013,7
139,546915200,50,36.742068198877,127.119219318530,51.804864156991,0.0090,0.0077,317.690604,1.1013,7
140,546915250,50,36.742068181833,127.119219334835,51.794959567487,0.0090,0.0077,142.406873,1.1013,7
141,546915300,50,36.742068185215,127.119219333040,51.800261175260,0.0090,0.0077,336.866438,1.1013,7
142,546915350,50,36.742068187944,127.119219348938,51.797009255737,0.0090,0.0077,77.958475,1.1013,7
143,546915400,50,36.742068184626,127.119219323801,51.805199639872,0.0090,0.0076,260.685166,1.1013,7
144,546915450,50,36.742068163039,127.119219313392,51.803207204677,0.0090,0.0076,201.209901,1.1013,7
145,546915500,50,36.742068188436,127.119219346776,51.799908069894,0.0090,0.0076,46.611348,1.1013,7
146,546915550,50,36.742068176505,127.119219339836,51.798765663989,0.0090,0.0076,205.084088,1.1013,7
147,546915600,50,36.742068175806,127.119219326643,51.805010118522,0.0090,0.0076,266.235219,1.1013,7
148,546915650,50,36.742068193122,127.119219352044,51.797788141295,0.0090,0.0076,49.734038,1.1013,7
149,546915700,50,36.742068183399,127.119219333571,51.804995862767,0.0090,0.0076,236.816732,1.1013,7
150,546915750,50,36.742068166859,127.119219348453,51.795489405282,0.0090,0.0077,144.089297,1.1013,7
151,546915800,50,36.742068191163,127.119219336639,51.797449235804,0.0090,0.0077,338.633114,1.1013,7
152,546915850,50,36.742068161313,127.119219331869,51.803135943599,0.0090,0.0076,338.633115,1.1013,7
153,546915900,50,36.742068135551,127.119219316729,51.804990442470,0.0090,0.0077,205.313144,1.1013,7
154,546915950,50,36.742068148881,127.119219320936,51.802082030103,0.0090,0.0077,14.250370,1.1013,7
155,546916000,50,36.742068178999,127.119219343796,51.792594075203,0.0090,0.0077,31.419165,1.1013,7
156,546916050,50,36.742068153628,127.119219334422,51.796147391200,0.0090,0.0077,196.560458,1.1013,7
157,546916100,50,36.742068171889,127.119219331655,51.794251684099,0.0090,0.0077,353.048197,1.1013,7
158,546916150,50,36.742068162151,127.119219331583,51.799253013916,0.0090,0.0077,180.341969,1.1013,7
159,546916200,50,36.742068162207,127.119219338472,51.800816278905,0.0090,0.0077,89.431267,1.1013,7
160,546916250,50,36.742068165227,127.119219327979,51.801408615895,0.0090,0.0077,289.681553,1.1013,7
161,546916300,50,36.742068166934,127.119219321263,51.794944196939,0.0090,0.0077,287.524052,1.1013,7
162,546916350,50,36.742068153875,127.119219333523,51.799953936599,0.0090,0.0077,142.926406,1.1013,7
163,546916400,50,36.742068154630,127.119219339094,51.798602055758,0.0090,0.0076,80.444108,1.1013,7
164,546916450,50,36.742068161216,127.119219343254,51.793896776624,0.0090,0.0076,26.946233,1.1013,7
165,546916500,50,36.742068156915,127.119219328718,51.797504344024,0.0090,0.0077,249.816447,1.1013,7
166,546916550,50,36.742068155572,127.119219325842,51.789193052799,0.0090,0.0076,239.869358,1.1013,7
167,546916600,50,36.742068176819,127.119219329892,51.790408506058,0.0090,0.0076,8.721392,1.1013,7
168,546916650,50,36.742068158125,127.119219348097,51.794596523046,0.0090,0.0076,141.912881,1.1013,7
169,546916700,50,36.742068166544,127.119219323574,51.795062771067,0.0090,0.0076,293.102413,1.1013,7
170,546916750,50,36.742068160720,127.119219344829,51.799978988245,0.0090,0.0076,108.800980,1.1013,7
171,546916800,50,36.742068153306,127.119219316800,51.796772702597,0.0090,0.0076,251.804796,1.1013,7
172,546916850,50,36.742068170914,127.119219336539,51.798201437108,0.0090,0.0076,42.056510,1.1013,7
173,546916900,50,36.742068148789,127.119219335577,51.792941587046,0.0090,0.0076,182.004488,1.1013,7
174,546916950,50,36.742068159506,127.119219345192,51.796871763654,0.0090,0.0076,35.832388,1.1013,7
175,546917000,50,36.742068158338,127.119219332677,51.793921341188,0.0090,0.0076,263.382975,1.1013,7
176,546917050,50,36.742068160446,127.119219302645,51.801602086052,0.0089,0.0075,263.382975,1.1013,7
177,546917100,50,36.742068158185,127.119219310676,51.794661165215,0.0089,0.0075,109.276968,1.1013,7
178,546917150,50,36.742068138705,127.119219323543,51.799450068735,0.0089,0.0075,152.004949,1.1013,7
179,546917200,50,36.742068160287,127.119219313658,51.805578751490,0.0089,0.0075,339.765391,1.1013,7
180,546917250,50,36.742068149301,127.119219324768,51.796636173502,0.0089,0.0075,140.858976,1.1013,7
181,546917300,50,36.742068160969,127.119219361095,51.797934801318,0.0089,0.0075,68.243211,1.1013,7
182,546917350,50,36.742068139912,127.119219380391,51.799713669345,0.0089,0.0075,143.591669,1.1013,7
183,546917400,50,36.742068116423,127.119219431387,51.796687825583,0.0089,0.0075,119.782914,1.1013,7
184,546917450,50,36.742068100806,127.119219475482,51.796929013915,0.0089,0.0075,113.753694,1.1013,7
185,546917500,50,36.742068094563,127.119219543804,51.797683398239,0.0089,0.0075,96.476870,1.1013,7
186,546917550,50,36.742068052970,127.119219602051,51.807429319248,0.0089,0.0075,131.581778,1.1013,7
187,546917600,50,36.742068038077,127.119219711750,51.800404528156,0.0089,0.0075,99.574832,1.1013,7
188,546917650,50,36.742067979297,127.119219776987,51.802105052397,0.0089,0.0075,138.228586,1.1013,7
189,546917700,50,36.742067963984,127.119219908545,51.801244226284,0.0088,0.0074,138.228586,1.1013,7
190,546917750,50,36.742067931830,127.119220015445,51.790924968198,0.0088,0.0074,110.492873,1.1013,7
191,546917800,50,36.742067872154,127.119220136052,51.795707791112,0.0088,0.0074,121.583318,1.1013,7
192,546917850,50,36.742067829059,127.119220298133,51.790951029398,0.0088,0.0074,108.282086,1.1013,7
193,546917900,50,36.742067746929,127.119220483454,51.798197571188,0.0087,0.0074,118.839928,1.1013,7
194,546917950,50,36.742067677496,127.119220658237,51.796414205804,0.0087,0.0074,116.271040,1.1013,7
195,546918000,50,36.742067593254,127.119220902747,51.800925099291,0.0087,0.0074,113.175612,1.1013,7
196,546918050,50,36.742067494586,127.119221131514,51.799385401420,0.0087,0.0074,118.187478,1.1013,7
197,546918100,50,36.742067418794,127.119221433617,51.794045411050,0.0087,0.0074,107.313846,1.1013,7
198,546918150,50,36.742067291365,127.119221685436,51.800031528808,0.0087,0.0074,122.160103,1.1013,7
199,546918200,50,36.742067147541,127.119222008823,51.795033705421,0.0087,0.0074,118.925550,1.1013,7
200,546918250,50,36.742067016991,127.119222372427,51.800826864317,0.0087,0.0074,114.042813,1.1013,7
201,546918300,50,36.742066850832,127.119222726377,51.800349133089,0.0087,0.0074,120.255099,1.1013,7
202,546918350,50,36.742066694276,127.119223128293,51.803416206501,0.0088,0.0074,115.826913,1.1013,7
203,546918400,50,36.742066526446,127.119223562919,51.798701874912,0.0087,0.0074,115.631843,1.1013,7
204,546918450,50,36.742066379228,127.119224007864,51.792735970579,0.0087,0.0074,112.348345,1.1013,7
205,546918500,50,36.742066178782,127.119224518113,51.797683159821,0.0087,0.0074,116.017774,1.1013,7
206,546918550,50,36.742065987023,127.119225032915,51.799070663750,0.0087,0.0074,114.836315,1.1013,7
207,546918600,50,36.742065771242,127.119225617001,51.805370764807,0.0087,0.0074,114.656850,1.1013,7
208,546918650,50,36.742065532337,127.119226170315,51.809074350633,0.0087,0.0073,114.656851,1.1013,7
209,546918700,50,36.742065314812,127.119226805915,51.808493340388,0.0087,0.0073,113.037170,1.1013,7
210,546918750,50,36.742065063893,127.119227455217,51.799702661112,0.0087,0.0073,115.648985,1.1013,7
211,546918800,50,36.742064799947,127.119228152464,51.810244509950,0.0087,0.0073,115.190760,1.1013,7
212,546918850,50,36.742064517116,127.119228846705,51.795929827727,0.0087,0.0073,116.848803,1.1013,7
213,546918900,50,36.742064224778,127.119229606456,51.804253201932,0.0087,0.0073,115.552686,0.9916,8
214,546918950,50,36.742063929698,127.119230437283,51.797190206125,0.0087,0.0073,113.812114,0.9916,8
215,546919000,50,36.742063658071,127.119231283877,51.803943067789,0.0087,0.0073,111.735409,0.9916,8
216,546919050,50,36.742063318348,127.119232121348,51.802331639454,0.0087,0.0073,116.749872,1.1024,7
217,546919100,50,36.742062963625,127.119233031135,51.800270984881,0.0087,0.0073,115.848400,1.1024,7
218,546919150,50,36.742062607102,127.119233951236,51.806599782780,0.0087,0.0073,115.709053,1.1024,7
219,546919200,50,36.742062237712,127.119234876224,51.808185150847,0.0087,0.0073,116.390698,1.1024,7
220,546919250,50,36.742061841730,127.119235880312,51.807310843840,0.0087,0.0073,116.105680,0.9917,8
221,546919300,50,36.742061453158,127.119236917569,51.805467982776,0.0087,0.0073,114.960738,0.9917,8
222,546919350,50,36.742061060672,127.119237977180,51.800542078912,0.0087,0.0073,114.713908,0.9917,8
223,546919400,50,36.742060684244,127.119239093423,51.802014433779,0.0087,0.0073,112.734542,0.9917,8
224,546919450,50,36.742060209606,127.119240192031,51.798587694764,0.0087,0.0073,118.227838,0.9917,8
225,546919500,50,36.742059776005,127.119241335340,51.809160580859,0.0087,0.0073,115.231396,0.9917,8
226,546919550,50,36.742059341126,127.119242558912,51.806310329586,0.0087,0.0073,113.827160,0.9917,8
227,546919600,50,36.742058809991,127.119243717480,51.809561119415,0.0086,0.0073,113.827165,0.9917,8
228,546919650,50,36.742058358925,127.119244997518,51.806931027211,0.0087,0.0073,113.646259,0.9917,8
229,546919700,50,36.742057853116,127.119246255391,51.804795356467,0.0087,0.0073,116.548663,0.9917,8
230,546919750,50,36.742057359368,127.119247573104,51.804170120507,0.0087,0.0073,114.965719,0.9917,8
231,546919800,50,36.742056864556,127.119248920508,51.797012648545,0.0087,0.0073,114.527291,0.9917,8
232,546919850,50,36.742056319680,127.119250281709,51.806575440802,0.0087,0.0073,116.444660,0.9917,8
233,546919900,50,36.742055794049,127.119251674580,51.802396992221,0.0087,0.0073,115.121821,0.9917,8
234,546919950,50,36.742055255031,127.119253085701,51.809992726892,0.0087,0.0073,115.390060,0.9917,8
235,546920000,50,36.742054692521,127.119254560195,51.807909290306,0.0087,0.0073,115.361887,0.9917,8
236,546920050,50,36.742054142838,127.119256060583,51.796705530956,0.0087,0.0073,114.475802,0.9917,8
237,546920100,50,36.742053582560,127.119257545650,51.812294278294,0.0087,0.0073,115.116143,0.9917,8
238,546920150,50,36.742052966822,127.119259054601,51.801113057882,0.0087,0.0073,116.886170,0.9917,8
239,546920200,50,36.742052380413,127.119260592057,51.799371540546,0.0087,0.0073,115.357307,0.9917,8
240,546920250,50,36.742051788814,127.119262173356,51.813189194538,0.0087,0.0073,114.931877,0.9917,8
241,546920300,50,36.742051199360,127.119263780335,51.805795929395,0.0087,0.0074,114.502209,0.9917,8
242,546920350,50,36.742050570467,127.119265350596,51.805847245269,0.0088,0.0074,116.456710,0.9917,8
243,546920400,50,36.742049930680,127.119266958621,51.804105283692,0.0088,0.0074,116.306392,0.9917,8
244,546920450,50,36.742049308443,127.119268599152,51.813496770337,0.0088,0.0074,115.233648,0.9917,8
245,546920500,50,36.742048663297,127.119270291286,51.802725527436,0.0088,0.0074,115.348393,0.9917,8
246,546920550,50,36.742048028104,127.119271972849,51.801155981608,0.0088,0.0074,115.143260,0.9917,8
247,546920600,50,36.742047333148,127.119273649064,51.795548744500,0.0088,0.0074,117.255394,0.9917,8
248,546920650,50,36.742046683631,127.119275376991,51.799840253778,0.0088,0.0074,115.035473,0.9917,8
249,546920700,50,36.742046000457,127.119277127212,51.802882943302,0.0088,0.0074,115.873691,0.9917,8
250,546920750,50,36.742045325743,127.119278908914,51.813099502586,0.0088,0.0074,115.198709,0.9917,8
251,546920800,50,36.742044685808,127.119280660098,51.806652723812,0.0086,0.0073,115.198720,0.9917,8
252,546920850,50,36.742044011316,127.119282472372,51.794376950711,0.0086,0.0073,114.818022,0.9917,8
253,546920900,50,36.742043277485,127.119284282751,51.802318722941,0.0086,0.0073,116.732491,0.9917,8
254,546920950,50,36.742042592565,127.119286121348,51.804603348486,0.0087,0.0073,114.838150,0.9917,8
255,546921000,50,36.742041853527,127.119288001752,51.805875339545,0.0087,0.0073,116.028234,0.9917,8
256,546921050,50,36.742041119689,127.119289834202,51.802141168155,0.0087,0.0073,116.454758,0.9917,8
257,546921100,50,36.742040430901,127.119291755668,51.811605189927,0.0087,0.0073,114.008776,0.9917,8
258,546921150,50,36.742039665810,127.119293605700,51.803999240510,0.0087,0.0073,117.196694,0.9917,8
259,546921200,50,36.742038941066,127.119295541000,51.804722837172,0.0087,0.0073,114.953182,0.9917,8
260,546921250,50,36.742038200766,127.119297466340,51.793898464181,0.0087,0.0074,115.536579,0.9917,8
261,546921300,50,36.742037412649,127.119299378411,51.811158905737,0.0089,0.0076,117.119164,0.9917,8
262,546921350,50,36.742036712769,127.119301354934,51.802398526110,0.0089,0.0076,113.748431,0.9917,8
263,546921400,50,36.742035922249,127.119303309793,51.801159849390,0.0090,0.0077,116.677951,0.9917,8
264,546921450,50,36.742035192858,127.119305259884,51.813005307689,0.0090,0.0077,114.926405,0.9917,8
265,546921500,50,36.742034423890,127.119307253041,51.812427168712,0.0090,0.0077,115.611879,0.9917,8
266,546921550,50,36.742033617989,127.119309210300,51.817371692508,0.0090,0.0077,117.094928,0.9917,8
267,546921600,50,36.742032860349,127.119311234581,51.802159711719,0.0090,0.0077,114.940833,0.9917,8
268,546921650,50,36.742032058434,127.119313226344,51.810844191350,0.0090,0.0078,116.577146,0.9917,8
269,546921700,50,36.742031305384,127.119315249779,51.807419216260,0.0090,0.0078,114.817120,0.9917,8
270,546921750,50,36.742030519059,127.119317308597,51.808708180673,0.0090,0.0078,115.387206,0.9917,8
271,546921800,50,36.742029715810,127.119319354050,51.815424502827,0.0090,0.0078,116.009768,0.9917,8
272,546921850,50,36.742028889996,127.119321423116,51.809372820891,0.0090,0.0078,116.377982,0.9917,8
273,546921900,50,36.742028123331,127.119323522268,51.806678461842,0.0090,0.0078,114.408834,0.9917,8
274,546921950,50,36.742027302579,127.119325616221,51.804380533285,0.0090,0.0078,115.967339,0.9917,8
275,546922000,50,36.742026478225,127.119327756582,51.814399212599,0.0090,0.0078,115.573861,0.9917,8
276,546922050,50,36.742025637423,127.119329919793,51.800874772482,0.0091,0.0079,115.778287,1.1028,7
277,546922100,50,36.742024814128,127.119332048839,51.813842838630,0.0083,0.0077,115.778308,1.1028,7
278,546922150,50,36.742023955437,127.119334275535,51.806422753260,0.0083,0.0078,115.602084,0.9921,8
279,546922200,50,36.742023086351,127.119336540889,51.806102887727,0.0086,0.0085,115.486654,0.9921,8
280,546922250,50,36.742022183634,127.119338746993,51.810390398838,0.0086,0.0086,116.950324,0.9921,8
281,546922300,50,36.742021285896,127.119341024440,51.807503405958,0.0086,0.0086,116.095168,0.9921,8
282,546922350,50,36.742020440623,127.119343353531,51.799555393867,0.0086,0.0086,114.272540,0.9921,8
283,546922400,50,36.742019536235,127.119345677492,51.802984309383,0.0086,0.0086,115.805721,0.9921,8
284,546922450,50,36.742018598721,127.119348060624,51.797307838686,0.0086,0.0086,116.049757,0.9921,8
285,546922500,50,36.742017675126,127.119350404087,51.804948393255,0.0086,0.0086,116.091099,0.9921,8
286,546922550,50,36.742016754659,127.119352880596,51.800662865862,0.0086,0.0086,114.788642,1.1029,7
287,546922600,50,36.742015796553,127.119355318639,51.804766229354,0.0086,0.0086,116.025942,1.1029,7
288,546922650,50,36.742014817999,127.119357766822,51.801622588187,0.0086,0.0086,116.411247,0.9922,8
289,546922700,50,36.742013815691,127.119360227209,51.803695377894,0.0086,0.0085,116.411272,0.9922,8
290,546922750,50,36.742012850317,127.119362799293,51.808372156695,0.0086,0.0085,115.002343,0.9922,8
291,546922800,50,36.742011846061,127.119365350263,51.805834157392,0.0086,0.0085,116.065889,0.9922,8
292,546922850,50,36.742010814527,127.119367924967,51.797590324655,0.0086,0.0085,116.464649,1.0992,7
293,546922900,50,36.742009837478,127.119370553852,51.804727809504,0.0086,0.0085,114.787486,1.0992,7
294,546922950,50,36.742008790521,127.119373230554,51.797845090739,0.0086,0.0085,115.919810,0.9922,8
295,546923000,50,36.742007768599,127.119375865072,51.802987273782,0.0086,0.0085,115.732934,0.9922,8
296,546923050,50,36.742006702322,127.119378533885,51.810259115882,0.0086,0.0085,116.401324,0.9922,8
297,546923100,50,36.742005629412,127.119381237298,51.793832628988,0.0086,0.0085,116.249202,1.0992,7
298,546923150,50,36.742004572497,127.119383972825,51.801482689567,0.0086,0.0085,115.644428,1.0992,7
299,546923200,50,36.742003466082,127.119386751351,51.804017201066,0.0086,0.0085,116.325284,1.0992,7
300,546923250,50,36.742002349831,127.119389521712,51.801527542062,0.0086,0.0085,116.594827,1.0992,7
301,546923300,50,36.742001262468,127.119392354189,51.802956273779,0.0086,0.0086,115.501046,0.9923,8
302,546923350,50,36.742000130777,127.119395137936,51.798694327474,0.0086,0.0086,116.799895,1.1030,7
303,546923400,50,36.741999004874,127.119398042573,51.798422865570,0.0086,0.0086,115.717057,1.1030,7
304,546923450,50,36.741997870895,127.119400894637,51.804293041117,0.0086,0.0086,116.290800,0.9923,8
305,546923500,50,36.741996745366,127.119403850718,51.800842168741,0.0086,0.0086,115.318623,0.9923,8
306,546923550,50,36.741995572175,127.119406759135,51.806665729731,0.0086,0.0086,116.620522,0.9923,8
307,546923600,50,36.741994394808,127.119409765372,51.799615159631,0.0086,0.0086,115.948840,0.9923,8
308,546923650,50,36.741993211011,127.119412725606,51.796000925824,0.0086,0.0086,116.422287,0.9923,8
309,546923700,50,36.741992014535,127.119415753046,51.804983294569,0.0085,0.0085,116.422316,0.9923,8
310,546923750,50,36.741990806805,127.119418716932,51.804732788354,0.0085,0.0085,116.853589,0.9923,8
311,546923800,50,36.741989598752,127.119421844565,51.801316553727,0.0085,0.0086,115.637788,0.9923,8
312,546923850,50,36.741988354707,127.119424921552,51.803802344017,0.0085,0.0086,116.673338,0.9923,8
313,546923900,50,36.741987146284,127.119428044327,51.800503489561,0.0085,0.0086,115.679397,0.9923,8
314,546923950,50,36.741985895450,127.119431242299,51.800968971103,0.0085,0.0086,115.919601,0.9923,8
315,546924000,50,36.741984624056,127.119434385289,51.796441279352,0.0085,0.0086,116.685350,0.9923,8
316,546924050,50,36.741983404726,127.119437631846,51.800587417558,0.0085,0.0086,115.016883,0.9923,8
317,546924100,50,36.741982090280,127.119440813533,51.804831166752,0.0085,0.0086,117.172624,1.1031,7
318,546924150,50,36.741980828613,127.119444023568,51.796315081418,0.0085,0.0086,116.029205,0.9924,8
319,546924200,50,36.741979527809,127.119447304852,51.808489356190,0.0085,0.0086,116.223910,1.1031,7
320,546924250,50,36.741978203093,127.119450608655,51.799251972698,0.0085,0.0086,116.483188,0.9924,8
321,546924300,50,36.741976903067,127.119453921961,51.802307965234,0.0086,0.0086,115.990480,0.9924,8
322,546924350,50,36.741975559130,127.119457236117,51.797420125455,0.0086,0.0086,116.741931,0.9924,8
323,546924400,50,36.741974288595,127.119460609599,51.799379236065,0.0086,0.0087,115.078098,0.9924,8
324,546924450,50,36.741972927130,127.119463948270,51.799709667452,0.0086,0.0086,116.870818,0.9924,8
325,546924500,50,36.741971573345,127.119467357734,51.810155815445,0.0085,0.0086,116.260285,0.9924,8
326,546924550,50,36.741970192485,127.119470802589,51.792516733520,0.0085,0.0086,116.476316,0.9924,8
327,546924600,50,36.741968837516,127.119474245281,51.805816836655,0.0085,0.0087,116.060218,0.9924,8
328,546924650,50,36.741967463547,127.119477775244,51.789359916933,0.0086,0.0087,115.809879,0.9924,8
329,546924700,50,36.741966049559,127.119481264859,51.799475991167,0.0085,0.0086,115.809913,0.9924,8
330,546924750,50,36.741964645251,127.119484797434,51.800736919977,0.0085,0.0086,116.286896,0.9924,8
331,546924800,50,36.741963237449,127.119488383772,51.799835112877,0.0085,0.0086,116.000882,0.9924,8
332,546924850,50,36.741961821815,127.119491975026,51.795648254454,0.0085,0.0086,116.095308,0.9924,8
333,546924900,50,36.741960374080,127.119495622400,51.797452251427,0.0085,0.0086,116.252218,0.9924,8
334,546924950,50,36.741958921681,127.119499245959,51.796714326367,0.0085,0.0086,116.474850,0.9924,8
335,546925000,50,36.741957455438,127.119502874113,51.794549385086,0.0085,0.0086,116.663244,0.9924,8
336,546925050,50,36.741955978963,127.119506580182,51.800651710480,0.0085,0.0086,116.336230,0.9924,8
337,546925100,50,36.741954458052,127.119510274112,51.798716478981,0.0085,0.0086,117.093898,0.9924,8
338,546925150,50,36.741952966888,127.119514027037,51.788019089028,0.0085,0.0086,116.275571,0.9924,8
339,546925200,50,36.741951437730,127.119517772378,51.800617400557,0.0085,0.0086,116.898909,0.9924,8
340,546925250,50,36.741949951665,127.119521555877,51.795437520370,0.0085,0.0086,116.014058,0.9924,8
341,546925300,50,36.741948421955,127.119525404417,51.796719095670,0.0085,0.0086,116.283820,0.9924,8
342,546925350,50,36.741946874496,127.119529245922,51.793957124464,0.0085,0.0086,116.589104,0.9924,8
343,546925400,50,36.741945298630,127.119533107815,51.790583962575,0.0085,0.0086,116.886009,0.9924,8
344,546925450,50,36.741943726432,127.119536925850,51.790667357855,0.0085,0.0086,117.096667,0.9924,8
345,546925500,50,36.741942196519,127.119540882333,51.777075214311,0.0085,0.0086,115.662827,0.9924,8
346,546925550,50,36.741940615037,127.119544794703,51.770569986664,0.0085,0.0086,116.668730,0.9924,8
347,546925600,50,36.741939036261,127.119548704783,51.766150426120,0.0085,0.0086,116.642830,0.9924,8
348,546925650,50,36.741937439628,127.119552631531,51.774331516586,0.0085,0.0086,116.803771,0.9924,8
349,546925700,50,36.741935829306,127.119556572451,51.779422966763,0.0085,0.0086,116.917736,0.9924,8
350,546925750,50,36.741934267718,127.119560606029,51.761972984299,0.0085,0.0087,115.689526,0.9924,8
351,546925800,50,36.741932618535,127.119564544823,51.764324663207,0.0085,0.0087,117.485763,0.9924,8
352,546925850,50,36.741931009492,127.119568568092,51.761824794114,0.0084,0.0084,117.485804,0.9924,8
353,546925900,50,36.741929371578,127.119572536004,51.765507873148,0.0084,0.0084,117.153525,0.9924,8
354,546925950,50,36.741927768671,127.119576525258,51.760026289150,0.0084,0.0084,116.531011,0.9924,8
355,546926000,50,36.741926129431,127.119580580795,51.762693176977,0.0084,0.0084,116.667146,0.9924,8
356,546926050,50,36.741924493588,127.119584613102,51.763464170508,0.0084,0.0084,116.751562,0.9924,8
357,546926100,50,36.741922811868,127.119588673924,51.768034333363,0.0084,0.0085,117.229168,0.9924,8
358,546926150,50,36.741921174253,127.119592767316,51.765904494561,0.0084,0.0085,116.431566,0.9924,8
359,546926200,50,36.741919505419,127.119596801582,51.769360199571,0.0084,0.0085,117.202813,0.9924,8
360,546926250,50,36.741917840412,127.119600921596,51.763546902686,0.0084,0.0085,116.663060,0.9924,8
361,546926300,50,36.741916177452,127.119605013813,51.759161079302,0.0084,0.0085,116.790557,0.9924,8
362,546926350,50,36.741914490360,127.119609223085,51.759548260830,0.0084,0.0085,116.473829,0.9924,8
363,546926400,50,36.741912868464,127.119613329158,51.764550091699,0.0085,0.0085,116.141771,0.9924,8
364,546926450,50,36.741911149146,127.119617466506,51.753667553887,0.0085,0.0085,117.309428,0.9924,8
365,546926500,50,36.741909466832,127.119621667264,51.772731191479,0.0085,0.0085,116.455269,0.9924,8
366,546926550,50,36.741907761107,127.119625800915,51.773047071882,0.0085,0.0085,117.145254,0.9924,8
367,546926600,50,36.741906078801,127.119629974543,51.760002979077,0.0085,0.0085,116.603515,0.9924,8
368,546926650,50,36.741904406229,127.119634168504,51.769291262142,0.0085,0.0085,116.359666,0.9924,8
369,546926700,50,36.741902702801,127.119638345515,51.762231122702,0.0085,0.0085,116.872105,0.9924,8
370,546926750,50,36.741901018258,127.119642514145,51.764145257883,0.0085,0.0085,116.661528,0.9924,8
371,546926800,50,36.741899303452,127.119646717780,51.762962485664,0.0085,0.0085,116.879101,0.9924,8
372,546926850,50,36.741897562694,127.119650854975,51.761766894720,0.0085,0.0085,117.600784,0.9924,8
373,546926900,50,36.741895837211,127.119655081973,51.768322992139,0.0085,0.0085,116.894458,0.9924,8
374,546926950,50,36.741894094334,127.119659253107,51.765396091156,0.0085,0.0086,117.437521,0.9924,8
375,546927000,50,36.741892403248,127.119663429715,51.780050442554,0.0085,0.0086,116.706676,0.9924,8
376,546927050,50,36.741890666914,127.119667637735,51.777624108829,0.0085,0.0086,117.144159,1.1034,7
377,546927100,50,36.741888905232,127.119671817484,51.778891293332,0.0085,0.0086,117.641136,0.9929,8
378,546927150,50,36.741887221248,127.119676025135,51.780973518267,0.0083,0.0078,117.641183,0.9929,8
379,546927200,50,36.741885420762,127.119680251010,51.781375919469,0.0085,0.0078,117.896559,0.9929,8
380,546927250,50,36.741883759396,127.119684510865,51.772303140722,0.0085,0.0078,115.854545,1.1034,7
381,546927300,50,36.741881979816,127.119688731045,51.757912661880,0.0085,0.0078,117.652504,1.1034,7
382,546927350,50,36.741880253020,127.119692955850,51.768577857874,0.0085,0.0079,116.924070,0.9929,8
383,546927400,50,36.741878517836,127.119697167186,51.766737499274,0.0085,0.0079,117.110465,0.9929,8
384,546927450,50,36.741876779795,127.119701384937,51.789260662161,0.0085,0.0079,117.113321,1.1035,7
385,546927500,50,36.741874983912,127.119705569134,51.767469787970,0.0086,0.0079,118.071084,0.9929,8
386,546927550,50,36.741873266791,127.119709830693,51.766320406459,0.0086,0.0079,116.595119,0.9929,8
387,546927600,50,36.741871491121,127.119713992507,51.753319768235,0.0086,0.0079,117.929629,0.9929,8
388,546927650,50,36.741869718458,127.119718199170,51.774878816679,0.0086,0.0079,117.636329,0.9929,8
389,546927700,50,36.741867952156,127.119722404469,51.787230716087,0.0086,0.0078,117.636378,1.1035,7
390,546927750,50,36.741866184090,127.119726669171,51.767108959146,0.0086,0.0078,117.254387,1.1035,7
391,546927800,50,36.741864412930,127.119730886195,51.771448571235,0.0086,0.0078,117.558547,1.1035,7
392,546927850,50,36.741862663481,127.119735157798,51.783795314841,0.0085,0.0078,116.970772,0.9930,8
393,546927900,50,36.741860880713,127.119739386060,51.776186192408,0.0085,0.0078,117.649621,0.9930,8
394,546927950,50,36.741859095124,127.119743650457,51.765778339468,0.0085,0.0078,117.486752,1.1035,7
395,546928000,50,36.741857277031,127.119747907648,51.775818337686,0.0086,0.0078,117.952225,1.1035,7
396,546928050,50,36.741855484792,127.119752145620,51.779367676936,0.0086,0.0078,117.720441,0.9930,8
397,546928100,50,36.741853698756,127.119756388401,51.791534150019,0.0086,0.0078,117.612022,1.1035,7
398,546928150,50,36.741851919816,127.119760627752,51.782340785488,0.0085,0.0078,117.537446,1.1035,7
399,546928200,50,36.741850120166,127.119764869744,51.779794653878,0.0085,0.0078,117.795471,0.9930,8
400,546928250,50,36.741848309608,127.119769106688,51.770787541755,0.0085,0.0078,117.966795,0.9930,8
401,546928300,50,36.741846559767,127.119773372153,51.773808164522,0.0085,0.0078,117.009260,0.9930,8
402,546928350,50,36.741844794742,127.119777629569,51.778166801669,0.0085,0.0078,117.254082,0.9930,8
403,546928400,50,36.741843007127,127.119781897397,51.768945308402,0.0085,0.0077,117.494464,0.9930,8
404,546928450,50,36.741841199426,127.119786153676,51.765772182494,0.0085,0.0077,117.821509,0.9930,8
405,546928500,50,36.741839399531,127.119790441490,51.766495091841,0.0085,0.0077,117.545492,0.9930,8
406,546928550,50,36.741837600694,127.119794685584,51.772113903426,0.0085,0.0077,117.773068,0.9930,8
407,546928600,50,36.741835790068,127.119798972806,51.764012385160,0.0085,0.0077,117.688631,0.9930,8
408,546928650,50,36.741833983886,127.119803232903,51.773497565649,0.0085,0.0077,117.780426,0.9930,8
409,546928700,50,36.741832195610,127.119807501171,51.756939978339,0.0091,0.0077,117.780476,0.9930,8
410,546928750,50,36.741830417834,127.119811766344,51.766913788393,0.0091,0.0077,117.379750,0.9930,8
411,546928800,50,36.741828585162,127.119816017238,51.765839097090,0.0091,0.0077,118.177420,0.9930,8
412,546928850,50,36.741826796500,127.119820256894,51.757151512429,0.0091,0.0077,117.663972,0.9930,8
413,546928900,50,36.741824957614,127.119824540671,51.759191563353,0.0090,0.0076,118.074492,0.9930,8
414,546928950,50,36.741823107508,127.119828793943,51.763836261816,0.0090,0.0076,118.390401,0.9930,8
415,546929000,50,36.741821305490,127.119833075742,51.750386850908,0.0090,0.0076,117.606226,0.9930,8
416,546929050,50,36.741819454950,127.119837347608,51.769837466069,0.0090,0.0076,118.291587,0.9930,8
417,546929100,50,36.741817695295,127.119841663375,51.764431761578,0.0090,0.0076,116.867384,0.9930,8
418,546929150,50,36.741815818386,127.119845883496,51.769352180883,0.0091,0.0078,118.925843,0.9930,8
419,546929200,50,36.741814043385,127.119850184763,51.758988896385,0.0091,0.0078,117.146682,0.9930,8
420,546929250,50,36.741812174319,127.119854401772,51.756479003467,0.0091,0.0078,118.842238,0.9930,8
421,546929300,50,36.741810371810,127.119858692057,51.749609011225,0.0091,0.0078,117.566061,0.9930,8
422,546929350,50,36.741808541501,127.119862881341,51.773908949457,0.0091,0.0078,118.495970,0.9930,8
423,546929400,50,36.741806752181,127.119867146695,51.759545641951,0.0092,0.0078,117.530429,0.9930,8
424,546929450,50,36.741804927571,127.119871398910,51.749098520726,0.0092,0.0079,118.064988,0.9930,8
425,546929500,50,36.741803088187,127.119875657172,51.743135353550,0.0092,0.0079,118.223287,0.9930,8
426,546929550,50,36.741801247640,127.119879903838,51.749847328290,0.0092,0.0079,118.303544,0.9930,8
427,546929600,50,36.741799447285,127.119884087082,51.757745500654,0.0092,0.0079,118.135687,0.9930,8
428,546929650,50,36.741797619592,127.119888322031,51.748306440189,0.0092,0.0079,118.202116,0.9930,8
429,546929700,50,36.741795747632,127.119892583102,51.755848890170,0.0083,0.0078,118.202168,0.9930,8
430,546929750,50,36.741793911113,127.119896788395,51.760585654527,0.0083,0.0077,118.485726,0.9930,8
431,546929800,50,36.741792086705,127.119901013454,51.761103485711,0.0083,0.0077,118.215030,0.9930,8
432,546929850,50,36.741790298023,127.119905249245,51.759211041965,0.0083,0.0077,117.685719,0.9930,8
433,546929900,50,36.741788444131,127.119909443026,51.753855546005,0.0082,0.0077,118.778666,0.9930,8
434,546929950,50,36.741786591431,127.119913608751,51.755608858541,0.0082,0.0077,118.925646,0.9930,8
435,546930000,50,36.741784793244,127.119917831021,51.752752847970,0.0082,0.0077,117.886494,0.9930,8
436,546930050,50,36.741782978749,127.119921995428,51.746210783720,0.0082,0.0077,118.430633,0.9930,8
437,546930100,50,36.741781185772,127.119926209582,51.745064640418,0.0082,0.0078,117.863336,0.9930,8
438,546930150,50,36.741779361655,127.119930457441,51.738251850009,0.0082,0.0078,118.082935,0.9930,8
439,546930200,50,36.741777498788,127.119934592688,51.751463337801,0.0082,0.0078,119.237543,0.9930,8
440,546930250,50,36.741775657313,127.119938784926,51.736461696215,0.0082,0.0078,118.625324,0.9930,8
441,546930300,50,36.741773873838,127.119942998452,51.742420407012,0.0082,0.0078,117.741244,0.9930,8
442,546930350,50,36.741772040410,127.119947182047,51.744671632536,0.0082,0.0078,118.569557,0.9930,8
443,546930400,50,36.741770222846,127.119951344318,51.739726339467,0.0083,0.0079,118.483503,0.9930,8
444,546930450,50,36.741768386555,127.119955525555,51.742965318263,0.0083,0.0079,118.620706,0.9930,8
445,546930500,50,36.741766553673,127.119959699144,51.741340717301,0.0082,0.0079,118.620048,0.9930,8
446,546930550,50,36.741764761404,127.119963908911,51.734040689655,0.0082,0.0079,117.878615,0.9930,8
447,546930600,50,36.741762931287,127.119968027206,51.752425859682,0.0085,0.0086,118.905885,0.9930,8
448,546930650,50,36.741761089193,127.119972149584,51.749470459297,0.0085,0.0087,119.040208,0.9930,8
449,546930700,50,36.741759236873,127.119976318711,51.740213688463,0.0085,0.0087,118.900816,0.9930,8
450,546930750,50,36.741757429595,127.119980465384,51.732501879334,0.0085,0.0087,118.437380,0.9930,8
451,546930800,50,36.741755609554,127.119984636660,51.731155005284,0.0085,0.0087,118.464274,0.9930,8
452,546930850,50,36.741753761964,127.119988773508,51.729084528983,0.0082,0.0079,118.464325,0.9930,8
453,546930900,50,36.741751940547,127.119992938157,51.735436473973,0.0082,0.0080,118.520665,0.9930,8
454,546930950,50,36.741750084714,127.119997073936,51.731320720166,0.0082,0.0080,119.142121,0.9930,8
455,546931000,50,36.741748260661,127.120001191032,51.733469462954,0.0082,0.0080,118.832568,0.9930,8
456,546931050,50,36.741746444587,127.120005309259,51.728280465119,0.0082,0.0079,118.719930,0.9930,8
457,546931100,50,36.741744611363,127.120009409686,51.730765945278,0.0082,0.0079,119.052683,0.9930,8
458,546931150,50,36.741742788895,127.120013559689,51.734639596194,0.0082,0.0079,118.619322,0.9930,8
459,546931200,50,36.741740951139,127.120017669149,51.727642886341,0.0082,0.0079,119.059213,0.9930,8
460,546931250,50,36.741739106034,127.120021779922,51.729823311791,0.0082,0.0079,119.148607,0.9930,8
461,546931300,50,36.741737285669,127.120025894492,51.727128732949,0.0082,0.0079,118.798422,0.9930,8
462,546931350,50,36.741735439937,127.120029999549,51.728523799218,0.0082,0.0079,119.190812,0.9930,8
463,546931400,50,36.741733624653,127.120034081597,51.729424935766,0.0082,0.0078,118.922926,0.9930,8
464,546931450,50,36.741731794730,127.120038210880,51.728181696497,0.0082,0.0078,118.838763,0.9930,8
465,546931500,50,36.741729961282,127.120042294684,51.740925050341,0.0082,0.0078,119.154542,0.9930,8
466,546931550,50,36.741728136279,127.120046355794,51.734837703407,0.0082,0.0078,119.177861,0.9930,8
467,546931600,50,36.741726311950,127.120050420314,51.728667310439,0.0082,0.0078,119.148369,0.9930,8
468,546931650,50,36.741724505197,127.120054522612,51.723571974784,0.0082,0.0078,118.689241,0.9930,8
469,546931700,50,36.741722674123,127.120058581404,51.730770450085,0.0082,0.0078,119.272867,0.9930,8
470,546931750,50,36.741720834607,127.120062675253,51.728809199296,0.0082,0.0078,119.175192,0.9930,8
471,546931800,50,36.741719002279,127.120066723889,51.729913980700,0.0082,0.0078,119.350872,0.9930,8
472,546931850,50,36.741717193585,127.120070828235,51.726990812458,0.0082,0.0078,118.703098,0.9930,8
473,546931900,50,36.741715376650,127.120074868513,51.724514383823,0.0082,0.0078,119.195207,0.9930,8
474,546931950,50,36.741713515825,127.120078906775,51.730378282256,0.0082,0.0078,119.793504,0.9930,8
475,546932000,50,36.741711725340,127.120082989018,51.722528047860,0.0082,0.0078,118.589334,0.9930,8
476,546932050,50,36.741709928965,127.120087044798,51.724444438703,0.0082,0.0078,118.825599,0.9930,8
477,546932100,50,36.741708110184,127.120091081892,51.728628680110,0.0082,0.0078,119.239224,0.9930,8
478,546932150,50,36.741706241741,127.120095089812,51.721752028912,0.0082,0.0078,120.081592,0.9930,8
479,546932200,50,36.741704443152,127.120099135321,51.724096666090,0.0081,0.0077,120.081642,0.9930,8
480,546932250,50,36.741702658889,127.120103187581,51.726345466450,0.0081,0.0077,118.683143,0.9930,8
481,546932300,50,36.741700839132,127.120107200510,51.715212939307,0.0081,0.0079,119.399241,0.9930,8
482,546932350,50,36.741699015641,127.120111220023,51.720703774132,0.0081,0.0079,119.409303,0.9930,8
483,546932400,50,36.741697163452,127.120115236807,51.723106754944,0.0082,0.0080,119.810351,0.9930,8
484,546932450,50,36.741695331452,127.120119246396,51.730525243096,0.0082,0.0079,119.584316,0.9930,8
485,546932500,50,36.741693481724,127.120123278047,51.723777149804,0.0082,0.0079,119.686329,0.9930,8
486,546932550,50,36.741691658502,127.120127291470,51.736864203587,0.0082,0.0079,119.442854,0.9930,8
487,546932600,50,36.741689906786,127.120131343363,51.741049189121,0.0082,0.0079,118.243359,0.9930,8
488,546932650,50,36.741688115613,127.120135399696,51.720817175694,0.0081,0.0079,118.243408,0.9930,8
489,546932700,50,36.741686410511,127.120139434409,51.728522207588,0.0081,0.0079,117.704101,0.9930,8
490,546932750,50,36.741684743713,127.120143514626,51.722770217806,0.0081,0.0079,116.911546,0.9930,8
491,546932800,50,36.741683043618,127.120147559284,51.729288605042,0.0081,0.0079,117.576870,0.9930,8
492,546932850,50,36.741681340277,127.120151612021,51.728127122857,0.0081,0.0079,117.574806,0.9930,8
493,546932900,50,36.741679635432,127.120155653655,51.726533111185,0.0081,0.0078,117.660138,0.9930,8
494,546932950,50,36.741677888800,127.120159663106,51.725192649290,0.0081,0.0078,118.425852,0.9930,8
495,546933000,50,36.741676103121,127.120163623457,51.725380951539,0.0081,0.0078,119.259429,0.9930,8
496,546933050,50,36.741674271280,127.120167598876,51.730766261928,0.0081,0.0078,119.793159,0.9930,8
497,546933100,50,36.741672411970,127.120171553745,51.731831859797,0.0081,0.0078,120.291439,0.9930,8
498,546933150,50,36.741670506357,127.120175465210,51.735180934891,0.0081,0.0078,121.188342,0.9930,8
499,546933200,50,36.741668628532,127.120179327569,51.737482084893,0.0081,0.0078,121.136172,1.1042,7
500,546933250,50,36.741666714253,127.120183246136,51.732950729318,0.0081,0.0078,121.257496,0.9938,8
501,546933300,50,36.741664821455,127.120187123679,51.724441264756,0.0081,0.0078,121.238163,0.9938,8
502,546933350,50,36.741662995941,127.120191062536,51.721184767783,0.0082,0.0078,119.936147,0.9938,8
503,546933400,50,36.741661209602,127.120195004844,51.736896358430,0.0082,0.0079,119.380136,0.9938,8
504,546933450,50,36.741659402131,127.120198891359,51.745034304447,0.0082,0.0079,120.021578,0.9938,8
505,546933500,50,36.741657667111,127.120202841519,51.735915877856,0.0082,0.0079,118.623624,0.9938,8
506,546933550,50,36.741655940199,127.120206848429,51.743304939009,0.0082,0.0079,118.169442,0.9938,8
507,546933600,50,36.741654213181,127.120210812196,51.733065737411,0.0082,0.0079,118.429803,0.9938,8
508,546933650,50,36.741652508523,127.120214775815,51.741964254528,0.0082,0.0079,118.119209,0.9938,8
509,546933700,50,36.741650810313,127.120218760428,51.736541678198,0.0081,0.0078,118.119257,0.9938,8
510,546933750,50,36.741649106970,127.120222752790,51.726677190512,0.0081,0.0078,117.929214,0.9938,8
511,546933800,50,36.741647392416,127.120226686583,51.734035066329,0.0081,0.0078,118.438182,0.9938,8
512,546933850,50,36.741645597921,127.120230613720,51.724267771468,0.0081,0.0078,119.586616,0.9938,8
513,546933900,50,36.741643788077,127.120234457511,51.735873266123,0.0081,0.0078,120.329471,0.9938,8
514,546933950,50,36.741641938847,127.120238346557,51.727926961146,0.0081,0.0078,120.575394,0.9938,8
515,546934000,50,36.741640072003,127.120242140705,51.731726905331,0.0081,0.0078,121.440128,0.9938,8
516,546934050,50,36.741638200066,127.120245947200,51.740059593692,0.0081,0.0078,121.426764,0.9938,8
517,546934100,50,36.741636297081,127.120249756573,51.735802073963,0.0081,0.0078,121.828255,0.9938,8
518,546934150,50,36.741634416190,127.120253567260,51.729010047391,0.0081,0.0078,121.520414,0.9938,8
519,546934200,50,36.741632497398,127.120257346524,51.730278179049,0.0081,0.0078,122.245820,0.9938,8
520,546934250,50,36.741630630647,127.120261177584,51.728056066670,0.0081,0.0078,121.192527,0.9938,8
521,546934300,50,36.741628840001,127.120265023022,51.738247298636,0.0081,0.0078,120.053199,0.9938,8
522,546934350,50,36.741627029981,127.120268889980,51.734405064024,0.0081,0.0078,120.182024,0.9938,8
523,546934400,50,36.741625247249,127.120272720598,51.736653272063,0.0081,0.0077,120.039078,0.9938,8
524,546934450,50,36.741623525297,127.120276595865,51.735069430433,0.0081,0.0077,118.903517,0.9938,8
525,546934500,50,36.741621830365,127.120280502759,51.731370187365,0.0081,0.0077,118.326736,0.9938,8
526,546934550,50,36.741620133632,127.120284371065,51.728926888667,0.0081,0.0077,118.590497,0.9938,8
527,546934600,50,36.741618406156,127.120288286807,51.728595788591,0.0081,0.0077,118.729581,0.9938,8
528,546934650,50,36.741616646256,127.120292148514,51.727232127450,0.0081,0.0077,119.521055,0.9938,8
529,546934700,50,36.741614886323,127.120296033938,51.729997934774,0.0081,0.0076,119.521102,0.9938,8
530,546934750,50,36.741613117904,127.120299866633,51.728845624253,0.0081,0.0076,119.825955,0.9938,8
531,546934800,50,36.741611297697,127.120303699158,51.727370541543,0.0081,0.0076,120.545801,0.9938,8
532,546934850,50,36.741609415754,127.120307445215,51.724104656838,0.0081,0.0078,121.973280,0.9938,8
533,546934900,50,36.741607564169,127.120311158142,51.724880600348,0.0081,0.0078,121.783671,0.9938,8
534,546934950,50,36.741605647087,127.120314846054,51.726470969617,0.0081,0.0078,122.858481,0.9938,8
535,546935000,50,36.741603787269,127.120318485928,51.728070193902,0.0081,0.0078,122.410566,0.9938,8
536,546935050,50,36.741601895409,127.120322180721,51.727691490203,0.0081,0.0078,122.465199,0.9938,8
537,546935100,50,36.741599966795,127.120325886445,51.725656253286,0.0081,0.0078,122.889276,0.9938,8
538,546935150,50,36.741598120258,127.120329649195,51.723364858888,0.0081,0.0078,121.373151,0.9938,8
539,546935200,50,36.741596274215,127.120333430368,51.711832209490,0.0081,0.0078,121.242108,0.9938,8
540,546935250,50,36.741594475832,127.120337244232,51.716484820470,0.0081,0.0078,120.365993,0.9938,8
541,546935300,50,36.741592746139,127.120341082940,51.714541885071,0.0081,0.0078,119.243306,0.9938,8
542,546935350,50,36.741590963877,127.120344859953,51.728956642561,0.0081,0.0078,120.383618,0.9938,8
543,546935400,50,36.741589227461,127.120348630944,51.720988597721,0.0081,0.0077,119.775691,0.9938,8
544,546935450,50,36.741587518596,127.120352476087,51.725362455472,0.0081,0.0077,118.907737,0.9938,8
545,546935500,50,36.741585792968,127.120356283720,51.727592985146,0.0081,0.0077,119.384550,0.9938,8
546,546935550,50,36.741584028736,127.120360106873,51.721393889748,0.0081,0.0077,119.828934,0.9938,8
547,546935600,50,36.741582289310,127.120363893814,51.713854449801,0.0081,0.0077,119.714256,0.9938,8
548,546935650,50,36.741580474827,127.120367614445,51.709144961089,0.0082,0.0077,121.214070,0.9938,8
549,546935700,50,36.741578670851,127.120371346965,51.720546172000,0.0082,0.0077,120.986049,0.9938,8
550,546935750,50,36.741576761621,127.120375037787,51.723927801475,0.0082,0.0077,122.730786,0.9938,8
551,546935800,50,36.741574872188,127.120378734101,51.725158601999,0.0082,0.0077,122.421189,0.9938,8
552,546935850,50,36.741572958393,127.120382390780,51.720443092287,0.0082,0.0077,123.035966,0.9938,8
553,546935900,50,36.741571050111,127.120386077848,51.715306414291,0.0081,0.0076,123.036012,0.9938,8
554,546935950,50,36.741569117605,127.120389725901,51.714830547571,0.0081,0.0076,123.353387,0.9938,8
555,546936000,50,36.741567218430,127.120393415252,51.721953171305,0.0081,0.0076,122.603728,0.9938,8
556,546936050,50,36.741565337281,127.120397083035,51.724776283838,0.0081,0.0076,122.508265,0.9938,8
557,546936100,50,36.741563498108,127.120400842684,51.711579586379,0.0081,0.0076,121.292432,0.9938,8
558,546936150,50,36.741561648946,127.120404535684,51.718743291683,0.0081,0.0076,121.888196,0.9938,8
559,546936200,50,36.741559863045,127.120408334153,51.710885694250,0.0081,0.0076,120.293064,0.9938,8
560,546936250,50,36.741558128086,127.120412132802,51.712513227947,0.0081,0.0076,119.574912,0.9938,8
561,546936300,50,36.741556354262,127.120415888636,51.709982266650,0.0081,0.0076,120.405546,0.9938,8
562,546936350,50,36.741554613121,127.120419730789,51.711111864075,0.0081,0.0076,119.382693,0.9938,8
563,546936400,50,36.741552844510,127.120423544056,51.711837925948,0.0081,0.0075,119.954389,0.9938,8
564,546936450,50,36.741551021632,127.120427320681,51.707400393672,0.0081,0.0075,120.952593,0.9938,8
565,546936500,50,36.741549206783,127.120431096432,51.715029101819,0.0081,0.0075,120.846974,0.9938,8
566,546936550,50,36.741547362363,127.120434816456,51.708124986850,0.0081,0.0075,121.635355,0.9938,8
567,546936600,50,36.741545474409,127.120438513380,51.721713424660,0.0081,0.0075,122.396607,0.9938,8
568,546936650,50,36.741543561164,127.120442185848,51.722164846025,0.0081,0.0075,122.915716,0.9938,8
569,546936700,50,36.741541611541,127.120445919400,51.710201743059,0.0081,0.0076,122.976891,0.9938,8
570,546936750,50,36.741539653944,127.120449581655,51.710478071123,0.0081,0.0075,123.590966,0.9938,8
571,546936800,50,36.741537673111,127.120453272135,51.713848328218,0.0081,0.0076,123.699912,0.9938,8
572,546936850,50,36.741535701041,127.120456969929,51.714230488054,0.0081,0.0076,123.530470,0.9938,8
573,546936900,50,36.741533739742,127.120460675214,51.722211408429,0.0081,0.0075,123.332899,0.9938,8
574,546936950,50,36.741531783013,127.120464439922,51.713721951470,0.0081,0.0075,122.854756,0.9938,8
575,546937000,50,36.741529842512,127.120468188663,51.713517763652,0.0081,0.0075,122.748373,0.9938,8
576,546937050,50,36.741527958502,127.120471976249,51.718213164248,0.0081,0.0075,121.718257,0.9938,8
577,546937100,50,36.741526087432,127.120475804405,51.718194208108,0.0080,0.0075,121.718302,0.9938,8
578,546937150,50,36.741524232552,127.120479628374,51.709248309955,0.0080,0.0075,121.077716,0.9938,8
579,546937200,50,36.741522384602,127.120483485449,51.711051181890,0.0080,0.0075,120.765449,0.9938,8
580,546937250,50,36.741520540483,127.120487371844,51.708634872921,0.0080,0.0075,120.523023,0.9938,8
581,546937300,50,36.741518705654,127.120491219587,51.719188143499,0.0080,0.0075,120.647128,0.9938,8
582,546937350,50,36.741516799580,127.120495109000,51.711004210636,0.0080,0.0075,121.338125,0.9938,8
583,546937400,50,36.741514889026,127.120498950277,51.707473905757,0.0080,0.0074,121.716096,0.9938,8
584,546937450,50,36.741512950927,127.120502787886,51.716584757902,0.0080,0.0074,122.108676,0.9938,8
585,546937500,50,36.741510931066,127.120506599802,51.713261773810,0.0080,0.0074,123.360536,0.9938,8
586,546937550,50,36.741508931867,127.120510403822,51.711206875741,0.0080,0.0074,123.144845,0.9938,8
587,546937600,50,36.741506874251,127.120514188365,51.714514867403,0.0080,0.0074,124.040916,0.9938,8
588,546937650,50,36.741504736557,127.120517946746,51.716922397725,0.0080,0.0074,125.249767,0.9938,8
589,546937700,50,36.741502662688,127.120521742416,51.715939071029,0.0080,0.0074,124.172109,0.9938,8
590,546937750,50,36.741500582297,127.120525558437,51.711495266296,0.0079,0.0073,124.172153,0.9938,8
591,546937800,50,36.741498456059,127.120529392900,51.715397943743,0.0079,0.0073,124.566462,0.9938,8
592,546937850,50,36.741496389085,127.120533239949,51.722476602532,0.0079,0.0076,123.726869,0.9938,8
593,546937900,50,36.741494331387,127.120537096855,51.714464638382,0.0080,0.0077,123.540405,0.9938,8
594,546937950,50,36.741492295498,127.120541057823,51.715076796710,0.0080,0.0077,122.564064,0.9938,8
595,546938000,50,36.741490290682,127.120544998037,51.715428671800,0.0080,0.0077,122.301424,0.9938,8
596,546938050,50,36.741488350923,127.120548963395,51.719605463557,0.0080,0.0077,121.291826,0.9938,8
597,546938100,50,36.741486363345,127.120552942286,51.711149070412,0.0080,0.0077,121.827031,0.9938,8
598,546938150,50,36.741484387420,127.120556943677,51.712482615374,0.0080,0.0077,121.532083,0.9938,8
599,546938200,50,36.741482424567,127.120560922081,51.710896301083,0.0080,0.0077,121.509684,0.9938,8
600,546938250,50,36.741480425952,127.120564919300,51.722146887332,0.0080,0.0077,121.851221,0.9938,8
601,546938300,50,36.741478366546,127.120568880416,51.724436427467,0.0080,0.0077,122.862289,0.9938,8
602,546938350,50,36.741476301712,127.120572853374,51.713718011044,0.0080,0.0077,122.853063,0.9938,8
603,546938400,50,36.741474206750,127.120576776437,51.710518842563,0.0080,0.0076,123.565198,0.9938,8
604,546938450,50,36.741472077205,127.120580680376,51.715564961545,0.0080,0.0076,124.128636,0.9938,8
605,546938500,50,36.741469899927,127.120584616685,51.721560034901,0.0080,0.0076,124.499725,0.9938,8
606,546938550,50,36.741467678433,127.120588470755,51.712978857569,0.0080,0.0076,125.610003,0.9938,8
607,546938600,50,36.741465472258,127.120592395344,51.708811472170,0.0080,0.0076,124.933335,0.9938,8
608,546938650,50,36.741463267883,127.120596278271,51.721054838970,0.0073,0.0071,124.933381,0.9938,8
609,546938700,50,36.741461055753,127.120600167340,51.710695278831,0.0073,0.0071,125.251055,0.9938,8
610,546938750,50,36.741458900472,127.120604107689,51.712566498667,0.0073,0.0071,124.201344,0.9938,8
611,546938800,50,36.741456748644,127.120608101577,51.713855933398,0.0073,0.0071,123.800271,0.9938,8
612,546938850,50,36.741454625745,127.120612074798,51.718634587713,0.0073,0.0071,123.579543,0.9938,8
613,546938900,50,36.741452555174,127.120616084371,51.719146755524,0.0073,0.0071,122.686201,0.9938,8
614,546938950,50,36.741450462272,127.120620139877,51.723419209942,0.0073,0.0071,122.668937,0.9938,8
615,546939000,50,36.741448406009,127.120624172177,51.722007068805,0.0073,0.0072,122.359300,0.9938,8
616,546939050,50,36.741446374091,127.120628274977,51.719159176573,0.0073,0.0071,121.606582,0.9938,8
617,546939100,50,36.741444346744,127.120632347857,51.710911985487,0.0073,0.0072,121.736311,0.9938,8
618,546939150,50,36.741442247636,127.120636414644,51.710772723891,0.0073,0.0072,122.673689,0.9938,8
619,546939200,50,36.741440158309,127.120640474915,51.714429818094,0.0073,0.0071,122.593881,0.9938,8
620,546939250,50,36.741437983328,127.120644462927,51.717681949027,0.0073,0.0071,124.123443,0.9938,8
621,546939300,50,36.741435797600,127.120648407365,51.715051950887,0.0073,0.0071,124.548149,0.9938,8
622,546939350,50,36.741433600891,127.120652360007,51.704147307202,0.0073,0.0071,124.626714,0.9938,8
623,546939400,50,36.741431363048,127.120656304156,51.713147594593,0.0073,0.0072,125.183346,0.9938,8
624,546939450,50,36.741429114048,127.120660265261,51.712610229850,0.0073,0.0072,125.201781,0.9938,8
625,546939500,50,36.741426807722,127.120664154833,51.712129936554,0.0073,0.0072,126.381152,0.9938,8
626,546939550,50,36.741424484646,127.120668057302,51.712686238810,0.0073,0.0072,126.488636,0.9938,8
627,546939600,50,36.741422228415,127.120671995669,51.715708047152,0.0073,0.0072,125.444143,0.9938,8
628,546939650,50,36.741419985851,127.120675915577,51.705898401327,0.0073,0.0072,125.406850,0.9938,8
629,546939700,50,36.741417765236,127.120679883561,51.705865421332,0.0073,0.0072,124.813100,0.9938,8
630,546939750,50,36.741415627088,127.120683863974,51.719010889530,0.0073,0.0072,124.813147,0.9938,8
631,546939800,50,36.741413478201,127.120687890762,51.711615053937,0.0073,0.0072,123.547208,0.9938,8
632,546939850,50,36.741411327076,127.120691929888,51.707891448401,0.0073,0.0072,123.493961,0.9938,8
633,546939900,50,36.741409190542,127.120695991882,51.714475185610,0.0073,0.0072,123.166424,0.9938,8
634,546939950,50,36.741407059323,127.120700042733,51.720686431974,0.0073,0.0072,123.173159,0.9938,8
635,546940000,50,36.741404943730,127.120704055990,51.717444251291,0.0073,0.0072,123.224739,0.9938,8
636,546940050,50,36.741402801904,127.120708045915,51.707928671502,0.0073,0.0072,123.703191,0.9938,8
637,546940100,50,36.741400663118,127.120712047189,51.713450891897,0.0073,0.0072,123.590603,0.9938,8
638,546940150,50,36.741398555112,127.120716042752,51.726106015965,0.0073,0.0072,123.246411,0.9938,8
639,546940200,50,36.741396307749,127.120719962015,51.716477127746,0.0073,0.0072,125.469185,0.9938,8
640,546940250,50,36.741394060035,127.120723837135,51.712293256074,0.0073,0.0072,125.780668,0.9938,8
641,546940300,50,36.741391773458,127.120727676807,51.708691343665,0.0073,0.0072,126.499219,0.9938,8
642,546940350,50,36.741389447436,127.120731538279,51.697608893737,0.0073,0.0072,126.813206,0.9938,8
643,546940400,50,36.741387209150,127.120735424427,51.709278552793,0.0074,0.0072,125.589413,0.9938,8
644,546940450,50,36.741384882546,127.120739263501,51.716596762650,0.0074,0.0072,126.980107,0.9938,8
645,546940500,50,36.741382577893,127.120743113339,51.704554880038,0.0074,0.0072,126.642601,0.9938,8
646,546940550,50,36.741380328603,127.120746988903,51.715270652436,0.0074,0.0072,125.796585,0.9938,8
647,546940600,50,36.741378098301,127.120750896258,51.709505623206,0.0074,0.0072,125.345302,0.9938,8
648,546940650,50,36.741375920158,127.120754803602,51.707224406302,0.0074,0.0072,124.708122,0.9938,8
649,546940700,50,36.741373729520,127.120758760132,51.712071527727,0.0074,0.0072,124.526241,0.9938,8
650,546940750,50,36.741371637925,127.120762747106,51.715216970071,0.0074,0.0072,123.097766,0.9938,8
651,546940800,50,36.741369479393,127.120766678347,51.710419470444,0.0074,0.0072,124.303126,0.9938,8
652,546940850,50,36.741367400437,127.120770692264,51.706006904133,0.0074,0.0072,122.763232,0.9938,8
653,546940900,50,36.741365256152,127.120774635934,51.705062731169,0.0074,0.0072,122.763279,0.9938,8
654,546940950,50,36.741363136577,127.120778639365,51.709896364249,0.0074,0.0072,123.338568,0.9938,8
655,546941000,50,36.741360938789,127.120782547369,51.703150824644,0.0074,0.0073,124.944788,0.9938,8
656,546941050,50,36.741358748177,127.120786417014,51.701468070969,0.0074,0.0073,125.122348,0.9938,8
657,546941100,50,36.741356500645,127.120790275882,51.716100835241,0.0074,0.0073,125.892761,0.9938,8
658,546941150,50,36.741354245557,127.120794091522,51.701390814967,0.0076,0.0074,126.291556,0.9938,8
659,546941200,50,36.741351924597,127.120797860149,51.697811597958,0.0076,0.0074,127.424126,0.9938,8
660,546941250,50,36.741349633536,127.120801615528,51.698196998797,0.0076,0.0074,127.163280,0.9938,8
661,546941300,50,36.741347348298,127.120805382481,51.698868172243,0.0077,0.0075,127.008326,0.9938,8
662,546941350,50,36.741345057221,127.120809146574,51.702774140984,0.0077,0.0075,127.099574,0.9938,8
663,546941400,50,36.741342747731,127.120812895004,51.700253224000,0.0077,0.0075,127.435697,0.9938,8
664,546941450,50,36.741340487595,127.120816693187,51.697607094422,0.0077,0.0075,126.478189,0.9938,8
665,546941500,50,36.741338257705,127.120820536450,51.694169313647,0.0077,0.0075,125.788625,0.9938,8
666,546941550,50,36.741336060038,127.120824384060,51.699470740743,0.0077,0.0075,125.363351,0.9938,8
667,546941600,50,36.741333874014,127.120828241170,51.697367751040,0.0077,0.0075,125.153266,0.9938,8
668,546941650,50,36.741331708900,127.120832120086,51.700606572442,0.0077,0.0075,124.743039,0.9938,8
669,546941700,50,36.741329564234,127.120835941824,51.701609030366,0.0077,0.0075,124.887027,0.9938,8
670,546941750,50,36.741327430273,127.120839865742,51.695371455513,0.0077,0.0075,124.047925,0.9938,8
671,546941800,50,36.741325289873,127.120843746783,51.693620256148,0.0076,0.0075,124.420989,0.9938,8
672,546941850,50,36.741323159246,127.120847591087,51.697579524480,0.0076,0.0075,124.552934,0.9938,8
673,546941900,50,36.741320975348,127.120851425593,51.697774073109,0.0076,0.0074,125.285653,0.9938,8
674,546941950,50,36.741318742507,127.120855190448,51.687706185505,0.0076,0.0074,126.386813,0.9938,8
675,546942000,50,36.741316489781,127.120858924958,51.698406371288,0.0076,0.0074,126.852006,0.9938,8
676,546942050,50,36.741314201158,127.120862659035,51.688270115294,0.0076,0.0074,127.290842,0.9938,8
677,546942100,50,36.741311929388,127.120866350238,51.690287580714,0.0076,0.0074,127.405729,0.9938,8
678,546942150,50,36.741309672090,127.120870082202,51.707672676072,0.0076,0.0074,126.926521,0.9938,8
679,546942200,50,36.741307334626,127.120873747647,51.690409450792,0.0076,0.0074,128.391858,0.9938,8
680,546942250,50,36.741305002913,127.120877433027,51.683974836953,0.0075,0.0073,128.391905,0.9938,8
681,546942300,50,36.741302700795,127.120881108053,51.682123799808,0.0075,0.0073,127.895184,0.9938,8
682,546942350,50,36.741300440936,127.120884806005,51.682089041919,0.0075,0.0073,127.210096,0.9938,8
683,546942400,50,36.741298166922,127.120888528978,51.694522826932,0.0075,0.0073,127.196314,0.9938,8
684,546942450,50,36.741296033130,127.120892314209,51.695139798336,0.0075,0.0073,125.008498,0.9938,8
685,546942500,50,36.741293868726,127.120896055428,51.694838349707,0.0075,0.0073,125.709913,0.9938,8
686,546942550,50,36.741291710960,127.120899862239,51.698469243944,0.0075,0.0073,125.156372,0.9938,8
687,546942600,50,36.741289586305,127.120903685387,51.689549581148,0.0077,0.0074,124.625548,0.9938,8
688,546942650,50,36.741287428180,127.120907460707,51.680133827031,0.0076,0.0074,125.385245,0.9938,8
689,546942700,50,36.741285282925,127.120911247083,51.679271071218,0.0076,0.0074,125.144702,0.9938,8
690,546942750,50,36.741283090530,127.120914990126,51.683041166514,0.0082,0.0078,126.046236,0.9938,8
691,546942800,50,36.741280897883,127.120918729042,51.680854224600,0.0082,0.0077,126.046282,0.9938,8
692,546942850,50,36.741278719476,127.120922459709,51.678785819560,0.0082,0.0077,125.962114,0.9938,8
693,546942900,50,36.741276457177,127.120926116339,51.680550117977,0.0082,0.0079,127.550543,0.9938,8
694,546942950,50,36.741274182925,127.120929713759,51.675783956423,0.0082,0.0079,128.149989,0.9938,8
695,546943000,50,36.741271803591,127.120933277945,51.671422340907,0.0082,0.0079,129.674616,0.9938,8
696,546943050,50,36.741269506891,127.120936853299,51.670846258290,0.0082,0.0079,128.595444,0.9938,8
697,546943100,50,36.741267213579,127.120940450651,51.673580509610,0.0082,0.0079,128.383026,0.9938,8
698,546943150,50,36.741264854779,127.120944031716,51.669390617870,0.0082,0.0079,129.298033,0.9938,8
699,546943200,50,36.741262540567,127.120947598887,51.670596200041,0.0082,0.0079,128.871915,0.9938,8
700,546943250,50,36.741260272716,127.120951250937,51.671111305244,0.0082,0.0079,127.653125,0.9938,8
701,546943300,50,36.741258018490,127.120954890073,51.668563993648,0.0082,0.0079,127.584313,0.9938,8
702,546943350,50,36.741255854072,127.120958580981,51.670891989954,0.0082,0.0079,126.078514,0.9938,8
703,546943400,50,36.741253626677,127.120962265217,51.669840931892,0.0082,0.0079,126.913762,0.9938,8
704,546943450,50,36.741251472099,127.120965947684,51.670006856322,0.0082,0.0079,126.016706,0.9938,8
705,546943500,50,36.741249341332,127.120969738484,51.662317937240,0.0083,0.0080,124.930740,0.9938,8
706,546943550,50,36.741247200357,127.120973399739,51.674856049940,0.0083,0.0080,126.001525,0.9938,8
707,546943600,50,36.741245055529,127.120977156307,51.671910268255,0.0083,0.0080,125.352762,0.9938,8
708,546943650,50,36.741242892729,127.120980864832,51.661737580784,0.0083,0.0079,125.928374,0.9938,8
709,546943700,50,36.741240680614,127.120984483832,51.667355623096,0.0083,0.0079,127.216345,0.9938,8
710,546943750,50,36.741238443169,127.120988100556,51.675501443446,0.0076,0.0074,127.216389,0.9938,8
711,546943800,50,36.741236194364,127.120991684531,51.671752848662,0.0076,0.0074,127.941216,0.9938,8
712,546943850,50,36.741233929693,127.120995252900,51.665897595696,0.0076,0.0074,128.258210,0.9938,8
713,546943900,50,36.741231658656,127.120998787702,51.671905807219,0.0076,0.0074,128.600187,0.9938,8
714,546943950,50,36.741229327901,127.121002269151,51.668009410612,0.0076,0.0074,129.755096,0.9938,8
715,546944000,50,36.741227038980,127.121005786971,51.668171465397,0.0076,0.0074,128.954334,0.9938,8
716,546944050,50,36.741224716042,127.121009309340,51.665924359113,0.0076,0.0074,129.331899,0.9938,8
717,546944100,50,36.741222427670,127.121012829473,51.660546919331,0.0076,0.0074,128.929202,0.9938,8
718,546944150,50,36.741220177088,127.121016397507,51.663258269429,0.0076,0.0074,128.087077,0.9938,8
719,546944200,50,36.741217900488,127.121019965127,51.659838685766,0.0076,0.0073,128.410492,0.9938,8
720,546944250,50,36.741215694501,127.121023530998,51.673195176758,0.0076,0.0073,127.548477,0.9938,8
721,546944300,50,36.741213482896,127.121027148939,51.664853529073,0.0075,0.0073,127.218070,0.9938,8
722,546944350,50,36.741211302699,127.121030754779,51.671340270899,0.0075,0.0073,126.916255,0.9938,8
723,546944400,50,36.741209186991,127.121034355714,51.669806274585,0.0075,0.0073,126.130787,0.9938,8
724,546944450,50,36.741207010685,127.121038052196,51.659131920896,0.0075,0.0073,126.186774,0.9938,8
725,546944500,50,36.741204868809,127.121041649667,51.666723722592,0.0075,0.0074,126.493176,0.9938,8
726,546944550,50,36.741202695345,127.121045274544,51.668669740669,0.0075,0.0074,126.686517,0.9938,8
727,546944600,50,36.741200447666,127.121048833910,51.663274788298,0.0075,0.0073,128.118816,0.9938,8
728,546944650,50,36.741198201666,127.121052358822,51.660625929013,0.0075,0.0073,128.118859,0.9938,8
729,546944700,50,36.741195919328,127.121055809864,51.665325535461,0.0076,0.0074,129.411281,0.9938,8
730,546944750,50,36.741193653372,127.121059286143,51.665511405095,0.0076,0.0074,129.004627,0.9938,8
731,546944800,50,36.741191355758,127.121062734224,51.666767547838,0.0082,0.0078,129.623038,0.9938,8
732,546944850,50,36.741188987984,127.121066121428,51.656921239570,0.0082,0.0078,130.976479,0.9938,8
733,546944900,50,36.741186699284,127.121069560930,51.655723401345,0.0082,0.0078,129.583731,0.9938,8
734,546944950,50,36.741184388784,127.121073009262,51.657530706376,0.0082,0.0081,129.778445,0.9938,8
735,546945000,50,36.741182075704,127.121076445755,51.653767483309,0.0082,0.0081,129.906858,0.9938,8
736,546945050,50,36.741179785397,127.121079917265,51.660090472549,0.0082,0.0081,129.343026,0.9938,8
737,546945100,50,36.741177545735,127.121083439490,51.652197386138,0.0082,0.0080,128.311441,0.9938,8
738,546945150,50,36.741175312061,127.121086925744,51.657338031568,0.0082,0.0080,128.523090,0.9938,8
739,546945200,50,36.741173153987,127.121090452210,51.652668712661,0.0082,0.0080,127.248618,0.9938,8
740,546945250,50,36.741171008896,127.121094043041,51.655427131802,0.0082,0.0080,126.584909,0.9938,8
741,546945300,50,36.741168837098,127.121097556976,51.650135014206,0.0082,0.0080,127.522225,0.9938,8
742,546945350,50,36.741166666805,127.121101086432,51.648202644661,0.0082,0.0080,127.381165,0.9938,8
743,546945400,50,36.741164518530,127.121104633237,51.651546983980,0.0082,0.0081,126.964587,0.9938,8
744,546945450,50,36.741162296393,127.121108098481,51.652434133925,0.0082,0.0081,128.547271,0.9938,8
745,546945500,50,36.741160083531,127.121111598248,51.650067081675,0.0082,0.0081,128.154279,0.9938,8
746,546945550,50,36.741157835208,127.121115021951,51.654363629408,0.0082,0.0081,129.212894,0.9938,8
747,546945600,50,36.741155561108,127.121118436396,51.644263045862,0.0082,0.0081,129.609354,0.9938,8
748,546945650,50,36.741153256854,127.121121833800,51.650967975147,0.0082,0.0080,130.121718,0.9938,8
749,546945700,50,36.741150945075,127.121125197026,51.654449000023,0.0082,0.0080,130.499643,0.9938,8
750,546945750,50,36.741148586659,127.121128499886,51.646105596796,0.0083,0.0087,130.499685,0.9938,8
751,546945800,50,36.741146265020,127.121131881925,51.637224062346,0.0083,0.0087,130.462279,0.9938,8
752,546945850,50,36.741143968182,127.121135245163,51.641143159941,0.0083,0.0087,130.316216,0.9938,8
753,546945900,50,36.741141679572,127.121138574599,51.642711797729,0.0084,0.0087,130.500384,0.9938,8
754,546945950,50,36.741139361316,127.121141942369,51.638722401112,0.0084,0.0087,130.540643,0.9938,8
755,546946000,50,36.741137146203,127.121145370874,51.638252966106,0.0084,0.0087,128.756693,0.9938,8
756,546946050,50,36.741134929266,127.121148794893,51.641196612269,0.0084,0.0087,128.816336,0.9938,8
757,546946100,50,36.741132749388,127.121152248258,51.640640798956,0.0084,0.0087,128.107795,0.9938,8
758,546946150,50,36.741130592416,127.121155761647,51.637171377428,0.0084,0.0087,127.337101,0.9938,8
759,546946200,50,36.741128397661,127.121159232619,51.633355811238,0.0084,0.0087,128.155536,0.9938,8
760,546946250,50,36.741126249016,127.121162710599,51.641153609380,0.0084,0.0087,127.510230,0.9938,8
761,546946300,50,36.741124052327,127.121166205565,51.634412938729,0.0084,0.0087,127.988427,0.9938,8
762,546946350,50,36.741121854355,127.121169651636,51.638832096942,0.0084,0.0087,128.396949,0.9938,8
763,546946400,50,36.741119637153,127.121173059238,51.629647139460,0.0084,0.0087,128.954230,0.9938,8
764,546946450,50,36.741117371649,127.121176466256,51.631491260603,0.0084,0.0087,129.564055,0.9938,8
765,546946500,50,36.741115094102,127.121179816114,51.637539737858,0.0084,0.0087,130.190507,0.9938,8
766,546946550,50,36.741112759885,127.121183174028,51.626156270504,0.0084,0.0087,130.817941,0.9938,8
767,546946600,50,36.741110438594,127.121186471738,51.626565638930,0.0084,0.0087,131.173641,0.9938,8
768,546946650,50,36.741108092218,127.121189775010,51.623865911737,0.0084,0.0087,131.431137,0.9938,8
769,546946700,50,36.741105754943,127.121193041334,51.632239516824,0.0084,0.0088,131.640490,0.9938,8
770,546946750,50,36.741103412236,127.121196326233,51.634306123480,0.0084,0.0088,131.545209,0.9938,8
771,546946800,50,36.741101118457,127.121199657122,51.626932834275,0.0084,0.0088,130.551832,0.9938,8
772,546946850,50,36.741098792169,127.121202972222,51.626331361942,0.0084,0.0088,131.085376,0.9938,8
773,546946900,50,36.741096526544,127.121206338914,51.625127052888,0.0084,0.0088,129.900892,0.9938,8
774,546946950,50,36.741094281534,127.121209779460,51.621607818641,0.0084,0.0088,129.033852,0.9938,8
775,546947000,50,36.741092004949,127.121213204405,51.617438971996,0.0079,0.0076,129.033893,0.9938,8
776,546947050,50,36.741089731321,127.121216617267,51.623437183909,0.0079,0.0076,129.616564,0.9938,8
777,546947100,50,36.741087554412,127.121220125384,51.626097389497,0.0079,0.0077,127.633195,0.9938,8
778,546947150,50,36.741085347197,127.121223591722,51.619325529784,0.0079,0.0077,128.350440,0.9938,8
779,546947200,50,36.741083148441,127.121227053489,51.624551961198,0.0079,0.0077,128.280212,0.9938,8
780,546947250,50,36.741080862499,127.121230464588,51.620382462628,0.0080,0.0078,129.783207,0.9938,8
781,546947300,50,36.741078597814,127.121233853456,51.622279466130,0.0080,0.0078,129.704217,0.9938,8
782,546947350,50,36.741076289701,127.121237242385,51.615954318084,0.0080,0.0078,130.239516,0.9938,8
783,546947400,50,36.741073957083,127.121240564198,51.621558857150,0.0080,0.0079,131.105087,0.9938,8
784,546947450,50,36.741071599378,127.121243901526,51.615366592072,0.0080,0.0079,131.276537,0.9938,8
785,546947500,50,36.741069162413,127.121247205402,51.617942949757,0.0080,0.0079,132.504997,0.9938,8
786,546947550,50,36.741066738084,127.121250475828,51.612335165963,0.0080,0.0079,132.647083,0.9938,8
