0,549927800,50,36.741904991966,127.119552445276,51.741655944847,0.0076,0.0066,3.900036,1.0658,8
1,549927850,50,36.741904989796,127.119552457535,51.750917369500,0.0076,0.0066,102.409159,1.0658,8
2,549927900,50,36.741904984895,127.119552436099,51.747680114582,0.0076,0.0066,254.140823,1.0658,8
3,549927950,50,36.741904983056,127.119552447839,51.749137063511,0.0076,0.0066,101.012308,1.0658,8
4,549928000,50,36.741904997427,127.119552464498,51.744375990704,0.0076,0.0066,43.013286,1.0658,8
5,549928050,50,36.741904975205,127.119552446579,51.747785516083,0.0077,0.0066,212.983787,1.0658,8
6,549928100,50,36.741904990062,127.119552453775,51.746509089135,0.0077,0.0066,21.296346,1.0658,8
7,549928150,50,36.741904975073,127.119552450720,51.750292553566,0.0077,0.0066,189.314543,1.0658,8
8,549928200,50,36.741904996611,127.119552458714,51.742869061418,0.0077,0.0066,16.631108,1.0658,8
9,549928250,50,36.741904970182,127.119552447345,51.752128643915,0.0077,0.0066,199.095922,1.0658,8
10,549928300,50,36.741904993996,127.119552477930,51.751094155014,0.0077,0.0066,45.947182,1.0658,8
11,549928350,50,36.741904980394,127.119552457445,51.745951784775,0.0077,0.0066,230.476366,1.0658,8
12,549928400,50,36.741904986455,127.119552482269,51.750951424241,0.0077,0.0066,73.125155,1.0658,8
13,549928450,50,36.741904994852,127.119552451384,51.751583668403,0.0077,0.0067,288.665829,1.0658,8
14,549928500,50,36.741904982514,127.119552462045,51.757081141695,0.0077,0.0067,145.185464,1.0658,8
15,549928550,50,36.741904977520,127.119552458926,51.753411243670,0.0077,0.0067,206.686165,1.0658,8
16,549928600,50,36.741904982301,127.119552440185,51.745653369464,0.0076,0.0066,206.686165,1.0658,8
17,549928650,50,36.741904981586,127.119552453720,51.745252035558,0.0076,0.0066,93.759601,1.0658,8
18,549928700,50,36.741904992610,127.119552443415,51.746024454013,0.0076,0.0066,323.046436,1.0658,8
19,549928750,50,36.741904990268,127.119552438629,51.744258904830,0.0076,0.0066,238.705819,1.0658,8
20,549928800,50,36.741904985826,127.119552443974,51.743751036003,0.0077,0.0066,135.920131,1.0658,8
21,549928850,50,36.741904989844,127.119552429198,51.745438174345,0.0077,0.0066,288.669685,1.0658,8
22,549928900,50,36.741904998640,127.119552447874,51.743480675854,0.0077,0.0066,59.661835,1.0658,8
23,549928950,50,36.741904971075,127.119552448501,51.751417111605,0.0077,0.0066,178.952203,1.0658,8
24,549929000,50,36.741904980095,127.119552443600,51.747130234726,0.0077,0.0066,336.382199,1.0658,8
25,549929050,50,36.741904979721,127.119552446790,51.744810204953,0.0077,0.0066,98.287920,1.0658,8
26,549929100,50,36.741904984825,127.119552419113,51.747841117904,0.0077,0.0066,282.906397,1.0658,8
27,549929150,50,36.741904986321,127.119552454703,51.747337275185,0.0077,0.0066,87.009698,1.0658,8
28,549929200,50,36.741904984113,127.119552432675,51.739764835685,0.0077,0.0066,262.898457,1.0658,8
29,549929250,50,36.741904972035,127.119552438403,51.750255069695,0.0077,0.0067,159.109756,1.0658,8
30,549929300,50,36.741904980663,127.119552418702,51.743532407098,0.0077,0.0067,298.555219,1.0658,8
31,549929350,50,36.741904975462,127.119552450012,51.748079409823,0.0077,0.0067,101.661610,1.0658,8
32,549929400,50,36.741904977412,127.119552435411,51.744039472193,0.0077,0.0067,279.421579,1.0658,8
33,549929450,50,36.741904981942,127.119552414394,51.745802066289,0.0077,0.0067,284.992979,1.0658,8
34,549929500,50,36.741904982367,127.119552430788,51.746563224122,0.0077,0.0067,88.156825,1.0658,8
35,549929550,50,36.741904992526,127.119552438565,51.744519289583,0.0077,0.0067,31.635014,1.0658,8
36,549929600,50,36.741904965163,127.119552433811,51.744170881808,0.0077,0.0066,31.635015,1.0658,8
37,549929650,50,36.741904974490,127.119552426207,51.746752817184,0.0077,0.0066,326.724733,1.0658,8
38,549929700,50,36.741904970867,127.119552431857,51.743842151947,0.0077,0.0066,128.539046,1.0658,8
39,549929750,50,36.741904970728,127.119552432361,51.744992888533,0.0077,0.0066,108.916516,1.0658,8
40,549929800,50,36.741904974028,127.119552426671,51.743543396704,0.0077,0.0066,305.776692,1.0658,8
41,549929850,50,36.741904957017,127.119552458884,51.744951851666,0.0077,0.0066,123.270910,1.0658,8
42,549929900,50,36.741904984978,127.119552436446,51.744805752300,0.0077,0.0066,327.144324,1.0658,8
43,549929950,50,36.741904980222,127.119552444991,51.744715047069,0.0077,0.0067,124.671202,1.0658,8
44,549930000,50,36.741904978196,127.119552467448,51.742054522969,0.0077,0.0067,96.394533,1.0658,8
45,549930050,50,36.741904963501,127.119552445896,51.744802406058,0.0077,0.0067,229.727677,1.0658,8
46,549930100,50,36.741904971258,127.119552454331,51.744592858478,0.0077,0.0067,41.191359,1.0658,8
47,549930150,50,36.741904972165,127.119552448646,51.741791866720,0.0077,0.0067,281.202468,1.0658,8
48,549930200,50,36.741904960260,127.119552441318,51.743546241894,0.0077,0.0067,206.357038,1.0658,8
49,549930250,50,36.741904975835,127.119552444188,51.739658467472,0.0077,0.0067,8.436759,1.0658,8
50,549930300,50,36.741904975069,127.119552451468,51.746292380616,0.0077,0.0067,97.454694,1.0658,8
51,549930350,50,36.741904963629,127.119552446016,51.746517078020,0.0077,0.0067,200.983058,1.0658,8
52,549930400,50,36.741904979537,127.119552455064,51.746028412133,0.0077,0.0067,24.596545,1.0658,8
53,549930450,50,36.741904973407,127.119552437077,51.744666447863,0.0077,0.0067,247.048597,1.0658,8
54,549930500,50,36.741904977337,127.119552439977,51.739155714400,0.0077,0.0067,30.707981,1.0658,8
55,549930550,50,36.741904971846,127.119552453230,51.741896610707,0.0077,0.0067,117.238475,1.0658,8
56,549930600,50,36.741904983282,127.119552447500,51.742366312072,0.0077,0.0067,338.037805,1.0658,8
57,549930650,50,36.741904961587,127.119552453046,51.746539015323,0.0077,0.0067,168.374227,1.0658,8
58,549930700,50,36.741904965558,127.119552444701,51.741749374196,0.0077,0.0067,300.591407,1.0658,8
59,549930750,50,36.741904964658,127.119552462366,51.744850744493,0.0077,0.0067,93.619515,1.0658,8
60,549930800,50,36.741904977509,127.119552438418,51.742229280062,0.0076,0.0066,93.619515,1.0658,8
61,549930850,50,36.741904971389,127.119552433027,51.742913099937,0.0076,0.0066,215.333571,1.0658,8
62,549930900,50,36.741904961904,127.119552427528,51.746254242025,0.0076,0.0066,205.013042,1.0658,8
63,549930950,50,36.741904973395,127.119552439661,51.741149683483,0.0076,0.0066,40.355818,1.0658,8
64,549931000,50,36.741904973488,127.119552451841,51.741251709871,0.0076,0.0066,89.458474,1.0658,8
65,549931050,50,36.741904971560,127.119552433270,51.743208999746,0.0077,0.0066,262.649978,1.0658,8
66,549931100,50,36.741904945768,127.119552420138,51.743144499138,0.0077,0.0066,202.283745,1.0658,8
67,549931150,50,36.741904981924,127.119552452132,51.739674894139,0.0077,0.0066,35.457606,1.0658,8
68,549931200,50,36.741904960031,127.119552449577,51.747422978282,0.0077,0.0066,185.364145,1.0658,8
69,549931250,50,36.741904972845,127.119552441687,51.742185981013,0.0077,0.0066,333.637927,1.0658,8
70,549931300,50,36.741904975029,127.119552457512,51.741117478348,0.0077,0.0066,80.271552,1.0658,8
71,549931350,50,36.741904955974,127.119552444777,51.746878459118,0.0077,0.0066,208.274364,1.0658,8
72,549931400,50,36.741904961925,127.119552447913,51.744317142293,0.0077,0.0066,22.983654,1.0658,8
73,549931450,50,36.741904972400,127.119552459201,51.743611269630,0.0077,0.0066,40.935032,1.0658,8
74,549931500,50,36.741904970496,127.119552440103,51.741709833965,0.0077,0.0066,262.940545,1.0658,8
75,549931550,50,36.741904956475,127.119552439970,51.746889535338,0.0077,0.0066,180.438731,1.0658,8
76,549931600,50,36.741904970931,127.119552466232,51.745452995412,0.0077,0.0066,55.629867,1.0658,8
77,549931650,50,36.741904976993,127.119552447783,51.745132422075,0.0077,0.0066,292.209722,1.0658,8
78,549931700,50,36.741904958969,127.119552445284,51.746962762438,0.0077,0.0066,186.367945,1.0658,8
79,549931750,50,36.741904966563,127.119552473524,51.745170307346,0.0077,0.0067,71.524882,1.0658,8
80,549931800,50,36.741904982556,127.119552461005,51.740379092284,0.0077,0.0067,327.788062,1.0658,8
81,549931850,50,36.741904963278,127.119552467842,51.746021221392,0.0077,0.0067,164.070136,1.0658,8
82,549931900,50,36.741904970746,127.119552449630,51.743126245216,0.0077,0.0067,297.000342,1.0658,8
83,549931950,50,36.741904974647,127.119552469313,51.745629858226,0.0077,0.0067,76.167340,1.0658,8
84,549932000,50,36.741904959900,127.119552455363,51.744299693033,0.0077,0.0067,217.283145,1.0658,8
85,549932050,50,36.741904962921,127.119552444106,51.742646512575,0.0077,0.0067,288.437054,1.0658,8
86,549932100,50,36.741904964885,127.119552442494,51.744722980075,0.0076,0.0066,288.437055,1.0658,8
87,549932150,50,36.741904973641,127.119552448746,51.743382444605,0.0076,0.0066,29.883539,1.0658,8
88,549932200,50,36.741904973043,127.119552458579,51.743989749812,0.0077,0.0066,94.326787,1.0658,8
89,549932250,50,36.741904976920,127.119552447273,51.741045285948,0.0077,0.0066,293.082595,1.0658,8
90,549932300,50,36.741904957876,127.119552445161,51.744594151154,0.0077,0.0066,185.100318,1.0658,8
91,549932350,50,36.741904973011,127.119552451404,51.739950703457,0.0077,0.0066,18.364433,1.0658,8
92,549932400,50,36.741904959824,127.119552444415,51.741490588523,0.0077,0.0066,203.099940,1.0658,8
93,549932450,50,36.741904976094,127.119552475060,51.740888846107,0.0077,0.0066,56.587477,1.0658,8
94,549932500,50,36.741904961652,127.119552427455,51.742545673624,0.0077,0.0066,249.345771,1.0658,8
95,549932550,50,36.741904968768,127.119552464877,51.742422794923,0.0077,0.0066,76.705959,1.0658,8
96,549932600,50,36.741904963372,127.119552432334,51.739192913286,0.0076,0.0066,76.705959,1.0658,8
97,549932650,50,36.741904978339,127.119552427409,51.738827568479,0.0076,0.0066,345.168197,1.0658,8
98,549932700,50,36.741904967504,127.119552440675,51.740883251652,0.0076,0.0066,135.422885,1.0658,8
99,549932750,50,36.741904974204,127.119552425056,51.741042898968,0.0076,0.0066,298.057997,1.0658,8
100,549932800,50,36.741904982262,127.119552435739,51.739612584002,0.0076,0.0066,46.857863,1.0658,8
101,549932850,50,36.741904968329,127.119552425503,51.742283485830,0.0076,0.0066,210.592828,1.0658,8
102,549932900,50,36.741904978348,127.119552419798,51.737620116211,0.0076,0.0066,335.378845,1.0658,8
103,549932950,50,36.741904975945,127.119552435781,51.742567254230,0.0076,0.0066,100.582423,1.0658,8
104,549933000,50,36.741904988686,127.119552447375,51.739466363564,0.0076,0.0066,36.218765,1.0658,8
105,549933050,50,36.741904954129,127.119552434554,51.742128918879,0.0076,0.0066,196.625556,1.0658,8
106,549933100,50,36.741904982909,127.119552443846,51.738805830479,0.0076,0.0066,14.565486,1.0658,8
107,549933150,50,36.741904971669,127.119552430706,51.738946047612,0.0076,0.0066,223.251660,1.0658,8
108,549933200,50,36.741904980176,127.119552428003,51.739623500966,0.0077,0.0066,345.653545,1.0658,8
109,549933250,50,36.741904969115,127.119552416998,51.737947603688,0.0077,0.0066,218.685019,1.0658,8
110,549933300,50,36.741904959529,127.119552416794,51.739320226945,0.0077,0.0066,180.984672,1.0658,8
111,549933350,50,36.741904988574,127.119552421672,51.736666636541,0.0077,0.0066,7.697601,1.0658,8
112,549933400,50,36.741904982203,127.119552439395,51.738282000646,0.0077,0.0066,114.069842,1.0658,8
113,549933450,50,36.741904983628,127.119552408985,51.733346512541,0.0077,0.0066,273.333160,1.0658,8
114,549933500,50,36.741904977277,127.119552407220,51.736513095908,0.0077,0.0066,192.610142,1.0658,8
115,549933550,50,36.741904998271,127.119552440139,51.731818921864,0.0077,0.0066,51.606240,1.0658,8
116,549933600,50,36.741904975375,127.119552434461,51.741239304654,0.0076,0.0066,51.606240,1.0658,8
117,549933650,50,36.741904963972,127.119552420681,51.739139557816,0.0076,0.0066,224.203020,1.0658,8
118,549933700,50,36.741904982776,127.119552443775,51.740005017258,0.0076,0.0066,44.666002,1.0658,8
119,549933750,50,36.741904980993,127.119552415682,51.738887377083,0.0076,0.0066,265.492754,1.0658,8
120,549933800,50,36.741904987470,127.119552413442,51.740181628615,0.0076,0.0066,344.448309,1.0658,8
121,549933850,50,36.741904985211,127.119552451818,51.738559397869,0.0076,0.0066,94.183240,1.0658,8
122,549933900,50,36.741904971835,127.119552414659,51.741418667138,0.0076,0.0066,245.903078,1.0658,8
123,549933950,50,36.741904981944,127.119552444495,51.739605338313,0.0076,0.0066,67.169034,1.0658,8
124,549934000,50,36.741904987426,127.119552418825,51.739236795343,0.0076,0.0066,284.860754,1.0658,8
125,549934050,50,36.741904987728,127.119552432974,51.737751555629,0.0076,0.0066,88.480236,1.0658,8
126,549934100,50,36.741904988594,127.119552447250,51.736698432826,0.0076,0.0066,85.689305,1.0658,8
127,549934150,50,36.741904971296,127.119552431450,51.739650500938,0.0076,0.0066,216.319782,1.0658,8
128,549934200,50,36.741904981424,127.119552430875,51.739996267483,0.0076,0.0066,357.386006,1.0658,8
129,549934250,50,36.741904986047,127.119552431293,51.742472693324,0.0076,0.0066,4.156618,1.0658,8
130,549934300,50,36.741904990298,127.119552420909,51.737895212136,0.0077,0.0066,296.964845,1.0658,8
131,549934350,50,36.741904983475,127.119552411856,51.736333256587,0.0077,0.0066,226.877196,1.0658,8
132,549934400,50,36.741904975799,127.119552424497,51.737058173865,0.0077,0.0066,127.036745,1.0658,8
133,549934450,50,36.741904979343,127.119552436794,51.739318707027,0.0077,0.0066,70.296866,1.0658,8
134,549934500,50,36.741904987735,127.119552437070,51.738094761968,0.0077,0.0066,1.516048,1.0658,8
135,549934550,50,36.741904989855,127.119552434268,51.737751437351,0.0077,0.0066,313.237524,1.0658,8
136,549934600,50,36.741904972944,127.119552418608,51.743663344532,0.0076,0.0066,313.237524,1.0658,8
137,549934650,50,36.741904970256,127.119552430978,51.745159758255,0.0076,0.0066,105.109769,1.0658,8
138,549934700,50,36.741904964178,127.119552432868,51.744635912590,0.0076,0.0066,165.948885,1.0658,8
139,549934750,50,36.741904976843,127.119552443104,51.737948736176,0.0076,0.0066,33.041131,1.0658,8
140,549934800,50,36.741904989004,127.119552427041,51.743782219477,0.0076,0.0066,313.249374,1.0658,8
141,549934850,50,36.741904975502,127.119552439185,51.741522890516,0.0076,0.0066,144.100296,1.0658,8
142,549934900,50,36.741904983219,127.119552459173,51.743679635227,0.0076,0.0066,64.374148,1.0658,8
143,549934950,50,36.741904976530,127.119552423612,51.741390882060,0.0076,0.0066,256.844745,1.0658,8
144,549935000,50,36.741904966682,127.119552447854,51.741599230096,0.0076,0.0066,116.781114,1.0658,8
145,549935050,50,36.741904977763,127.119552438167,51.743127513677,0.0076,0.0066,324.870540,1.0658,8
146,549935100,50,36.741904973833,127.119552450073,51.739976760000,0.0076,0.0066,112.299895,1.0658,8
147,549935150,50,36.741904986096,127.119552454319,51.746047081426,0.0076,0.0066,15.569907,1.0658,8
148,549935200,50,36.741904981978,127.119552451173,51.743541149423,0.0076,0.0066,211.582655,1.0658,8
149,549935250,50,36.741904973251,127.119552464255,51.741961630061,0.0077,0.0066,129.657089,1.0658,8
150,549935300,50,36.741904990336,127.119552459663,51.742059513927,0.0077,0.0066,347.795054,1.0658,8
151,549935350,50,36.741904987398,127.119552455857,51.743690015748,0.0077,0.0066,226.193512,1.0658,8
152,549935400,50,36.741904975050,127.119552426036,51.745509489439,0.0077,0.0066,242.773522,1.0658,8
153,549935450,50,36.741904970812,127.119552449806,51.741371217184,0.0077,0.0066,102.492008,1.0658,8
154,549935500,50,36.741904988622,127.119552439844,51.746872758493,0.0077,0.0066,335.765814,1.0658,8
155,549935550,50,36.741904988344,127.119552466517,51.744408926927,0.0077,0.0066,90.742042,1.0658,8
156,549935600,50,36.741904987880,127.119552460999,51.742438787594,0.0077,0.0066,264.033317,1.0658,8
157,549935650,50,36.741904979379,127.119552470602,51.740753049031,0.0077,0.0066,137.725446,1.0658,8
158,549935700,50,36.741904976782,127.119552453622,51.747074958868,0.0077,0.0066,259.239813,1.0658,8
159,549935750,50,36.741904969673,127.119552425640,51.750743188895,0.0076,0.0066,259.239813,1.0658,8
160,549935800,50,36.741904964241,127.119552436468,51.745592597872,0.0076,0.0066,121.939026,1.0658,8
161,549935850,50,36.741904984559,127.119552458479,51.745882491581,0.0076,0.0066,41.084377,1.0658,8
162,549935900,50,36.741904964627,127.119552458178,51.748264957219,0.0076,0.0066,180.696573,1.0658,8
163,549935950,50,36.741904978952,127.119552446351,51.747129007243,0.0076,0.0066,326.397807,1.0658,8
164,549936000,50,36.741904977843,127.119552455525,51.741583959199,0.0076,0.0066,98.547736,1.0658,8
165,549936050,50,36.741904967378,127.119552429191,51.751236389391,0.0076,0.0066,243.722328,1.0658,8
166,549936100,50,36.741904982000,127.119552455377,51.748142736033,0.0076,0.0066,55.245333,1.0658,8
167,549936150,50,36.741904969138,127.119552436080,51.749287701212,0.0076,0.0066,230.368247,1.0658,8
168,549936200,50,36.741904975743,127.119552446001,51.749039902352,0.0077,0.0066,50.404812,1.0658,8
169,549936250,50,36.741904967483,127.119552418986,51.752411523834,0.0077,0.0066,249.198494,1.0658,8
170,549936300,50,36.741904972468,127.119552450455,51.750745375641,0.0077,0.0066,78.864160,1.0658,8
171,549936350,50,36.741904969287,127.119552466435,51.748653099872,0.0077,0.0066,103.893571,1.0658,8
172,549936400,50,36.741904969757,127.119552437324,51.748240065761,0.0077,0.0066,271.148993,1.0658,8
173,549936450,50,36.741904976038,127.119552453410,51.751955545507,0.0077,0.0066,64.118543,1.0658,8
174,549936500,50,36.741904965054,127.119552456486,51.752794886008,0.0077,0.0066,167.298480,1.0658,8
175,549936550,50,36.741904958987,127.119552437667,51.754003481939,0.0077,0.0066,248.168419,1.0658,8
176,549936600,50,36.741904975250,127.119552436874,51.748553536832,0.0077,0.0066,357.753148,1.0658,8
177,549936650,50,36.741904963525,127.119552462383,51.754910138436,0.0077,0.0066,119.733228,1.0658,8
178,549936700,50,36.741904961577,127.119552444167,51.751342176460,0.0077,0.0067,262.431339,1.0658,8
179,549936750,50,36.741904976745,127.119552438265,51.752424456179,0.0077,0.0067,342.611047,1.0658,8
180,549936800,50,36.741904959446,127.119552445819,51.754048231989,0.0077,0.0067,160.637118,1.0658,8
181,549936850,50,36.741904956085,127.119552440730,51.759326015599,0.0077,0.0067,230.634561,1.0658,8
182,549936900,50,36.741904959155,127.119552440787,51.753157089464,0.0077,0.0067,0.856005,1.0658,8
183,549936950,50,36.741904960306,127.119552426981,51.753634361550,0.0076,0.0066,0.856009,1.0658,8
184,549937000,50,36.741904972720,127.119552439416,51.747268356383,0.0076,0.0066,38.874277,1.0658,8
185,549937050,50,36.741904964647,127.119552444127,51.747609798796,0.0076,0.0066,154.844477,1.0658,8
186,549937100,50,36.741904966942,127.119552424987,51.752269607037,0.0077,0.0066,278.472702,1.0658,8
187,549937150,50,36.741904951066,127.119552445329,51.756388836540,0.0077,0.0066,134.119985,1.0658,8
188,549937200,50,36.741904962779,127.119552421829,51.750676819123,0.0077,0.0066,301.771642,1.0658,8
189,549937250,50,36.741904972871,127.119552435446,51.750562508591,0.0077,0.0066,47.359179,1.0658,8
190,549937300,50,36.741904957075,127.119552447712,51.749309374020,0.0077,0.0066,147.999256,1.0658,8
191,549937350,50,36.741904954537,127.119552435324,51.754653898068,0.0077,0.0066,255.718401,1.0658,8
192,549937400,50,36.741904961802,127.119552426927,51.752288194373,0.0077,0.0066,317.073363,1.0658,8
193,549937450,50,36.741904955364,127.119552424057,51.750805091113,0.0077,0.0066,199.736532,1.0658,8
194,549937500,50,36.741904966960,127.119552446317,51.753191846423,0.0077,0.0067,57.084647,1.0658,8
195,549937550,50,36.741904940176,127.119552435290,51.757318619639,0.0077,0.0067,198.332250,1.0658,8
196,549937600,50,36.741904960210,127.119552441364,51.748354489915,0.0076,0.0066,198.332250,1.0658,8
197,549937650,50,36.741904969974,127.119552440219,51.749355433509,0.0076,0.0066,354.607728,1.0658,8
198,549937700,50,36.741904962958,127.119552444948,51.750254391693,0.0076,0.0066,151.520915,1.0658,8
199,549937750,50,36.741904959310,127.119552443849,51.750299721956,0.0076,0.0066,193.631282,1.0658,8
200,549937800,50,36.741904953356,127.119552435190,51.750856279396,0.0076,0.0066,229.488328,1.0658,8
201,549937850,50,36.741904965108,127.119552439960,51.752971549518,0.0076,0.0066,18.090037,1.0658,8
202,549937900,50,36.741904969191,127.119552444197,51.747739003040,0.0076,0.0066,39.869432,1.0658,8
203,549937950,50,36.741904947872,127.119552423155,51.753331009299,0.0077,0.0066,218.461818,1.0658,8
204,549938000,50,36.741904973118,127.119552441597,51.744026386179,0.0077,0.0066,30.450895,1.0658,8
205,549938050,50,36.741904971407,127.119552429764,51.747248638421,0.0077,0.0066,259.816013,1.0658,8
206,549938100,50,36.741904959295,127.119552454169,51.745402690955,0.0077,0.0066,121.660113,1.0658,8
207,549938150,50,36.741904964206,127.119552434074,51.746641184203,0.0077,0.0066,286.891485,1.0658,8
208,549938200,50,36.741904972922,127.119552437204,51.745053070597,0.0077,0.0066,16.124097,1.0658,8
209,549938250,50,36.741904973695,127.119552435787,51.747940232046,0.0077,0.0066,304.125999,1.0658,8
210,549938300,50,36.741904957463,127.119552431340,51.749690616503,0.0077,0.0066,192.434684,1.0658,8
211,549938350,50,36.741904965513,127.119552437608,51.749226553366,0.0077,0.0067,32.072254,1.0658,8
212,549938400,50,36.741904963994,127.119552456841,51.744486071169,0.0077,0.0067,95.605358,1.0658,8
213,549938450,50,36.741904959204,127.119552439676,51.742944220081,0.0077,0.0067,250.875276,1.0658,8
214,549938500,50,36.741904943508,127.119552482828,51.745956257917,0.0077,0.0067,114.320733,1.0658,8
215,549938550,50,36.741904931176,127.119552536386,51.747655243613,0.0077,0.0067,105.966218,1.0658,8
216,549938600,50,36.741904917892,127.119552588076,51.746041016653,0.0077,0.0067,107.708430,1.0658,8
217,549938650,50,36.741904905750,127.119552621947,51.744427993894,0.0076,0.0066,107.708430,1.0658,8
218,549938700,50,36.741904868662,127.119552713761,51.746527414769,0.0076,0.0066,116.653211,1.0658,8
219,549938750,50,36.741904840381,127.119552784629,51.742382569239,0.0076,0.0066,116.374309,1.0658,8
220,549938800,50,36.741904800426,127.119552866591,51.745964586735,0.0076,0.0066,121.204143,1.0658,8
221,549938850,50,36.741904769009,127.119552968305,51.740646191873,0.0076,0.0066,110.996045,1.0658,8
222,549938900,50,36.741904711996,127.119553059272,51.747425135225,0.0076,0.0066,127.910013,1.0658,8
223,549938950,50,36.741904650455,127.119553170773,51.750197742134,0.0076,0.0066,124.442252,1.0658,8
224,549939000,50,36.741904608010,127.119553300347,51.744340714067,0.0077,0.0066,112.146920,1.0658,8
225,549939050,50,36.741904533165,127.119553457778,51.746526494622,0.0077,0.0066,120.571382,1.0658,8
226,549939100,50,36.741904473491,127.119553631892,51.743324232288,0.0077,0.0066,113.066823,1.0658,8
227,549939150,50,36.741904379112,127.119553835704,51.747514621355,0.0077,0.0066,119.915230,1.0658,8
228,549939200,50,36.741904313710,127.119554075321,51.743736414239,0.0077,0.0066,108.733980,1.0658,8
229,549939250,50,36.741904195040,127.119554347896,51.749757965095,0.0077,0.0066,118.411664,1.0658,8
230,549939300,50,36.741904084416,127.119554598505,51.748072975315,0.0077,0.0066,118.743835,1.0658,8
231,549939350,50,36.741903946678,127.119554913795,51.746234937571,0.0077,0.0067,118.493840,1.0658,8
232,549939400,50,36.741903814479,127.119555251233,51.739511259831,0.0077,0.0067,115.956389,1.0658,8
233,549939450,50,36.741903666505,127.119555600407,51.743434780277,0.0077,0.0067,117.769722,1.0658,8
234,549939500,50,36.741903483300,127.119555936427,51.748672107235,0.0077,0.0067,124.115851,1.0658,8
235,549939550,50,36.741903315699,127.119556296128,51.747526691295,0.0077,0.0067,120.068856,1.0658,8
236,549939600,50,36.741903141225,127.119556729652,51.745690540411,0.0076,0.0066,120.068856,1.0658,8
237,549939650,50,36.741902986196,127.119557228222,51.736776079983,0.0076,0.0066,111.124655,1.0658,8
238,549939700,50,36.741902767306,127.119557702809,51.733582833782,0.0076,0.0066,119.816387,1.0658,8
239,549939750,50,36.741902554190,127.119558175769,51.730658470653,0.0076,0.0066,119.243912,1.0658,8
240,549939800,50,36.741902321332,127.119558773982,51.733528539538,0.0076,0.0066,115.811380,1.0658,8
241,549939850,50,36.741902117255,127.119559344006,51.732707542367,0.0077,0.0066,113.981738,1.0658,8
242,549939900,50,36.741901830745,127.119559963140,51.733455160633,0.0077,0.0066,119.898590,1.0658,8
243,549939950,50,36.741901533674,127.119560556917,51.728125998750,0.0077,0.0066,121.867192,1.0658,8
244,549940000,50,36.741901238317,127.119561179619,51.735364162363,0.0077,0.0066,120.513086,1.0658,8
245,549940050,50,36.741900951513,127.119561902000,51.737652046606,0.0077,0.0066,116.257975,1.0658,8
246,549940100,50,36.741900668929,127.119562639421,51.734063833021,0.0077,0.0067,115.461288,1.0658,8
247,549940150,50,36.741900369888,127.119563416088,51.724498169497,0.0077,0.0067,115.567146,1.0658,8
248,549940200,50,36.741899995248,127.119564202709,51.729807271622,0.0077,0.0067,120.615981,1.0658,8
249,549940250,50,36.741899653643,127.119565022701,51.744138977490,0.0077,0.0067,117.367650,1.0658,8
250,549940300,50,36.741899301170,127.119565860091,51.737922905013,0.0077,0.0067,117.609862,1.0658,8
251,549940350,50,36.741898904756,127.119566759598,51.733700501733,0.0077,0.0067,118.704527,1.0658,8
252,549940400,50,36.741898521253,127.119567719472,51.733250749297,0.0077,0.0067,116.401443,1.0658,8
253,549940450,50,36.741898107668,127.119568636946,51.741418004967,0.0077,0.0067,119.253941,1.0658,8
254,549940500,50,36.741897712341,127.119569674259,51.732847482897,0.0077,0.0067,115.339338,1.0658,8
255,549940550,50,36.741897278679,127.119570686376,51.733451384120,0.0077,0.0067,118.030373,1.0658,8
256,549940600,50,36.741896819146,127.119571688452,51.736362864263,0.0077,0.0067,119.674628,1.0658,8
257,549940650,50,36.741896371040,127.119572785541,51.736385764554,0.0077,0.0067,116.908392,1.0658,8
258,549940700,50,36.741895913130,127.119573964971,51.730595283210,0.0077,0.0067,115.753103,1.0658,8
259,549940750,50,36.741895432314,127.119575077423,51.727559750900,0.0078,0.0067,118.237550,1.0658,8
260,549940800,50,36.741894899798,127.119576229478,51.728585265577,0.0077,0.0067,118.237555,1.0658,8
261,549940850,50,36.741894410667,127.119577492790,51.727981823497,0.0077,0.0067,115.691552,1.0658,8
262,549940900,50,36.741893870663,127.119578703962,51.732177397236,0.0077,0.0067,118.985881,1.0658,8
263,549940950,50,36.741893308012,127.119579957662,51.726654713042,0.0077,0.0067,119.145800,1.0658,8
264,549941000,50,36.741892772619,127.119581274826,51.721240801737,0.0077,0.0067,116.796403,1.0658,8
265,549941050,50,36.741892209614,127.119582609106,51.720876747742,0.0077,0.0067,117.667689,1.0658,8
266,549941100,50,36.741891611802,127.119583915598,51.722412634641,0.0077,0.0067,119.620271,1.0658,8
267,549941150,50,36.741890996317,127.119585348557,51.721282375976,0.0077,0.0067,118.088560,1.0658,8
268,549941200,50,36.741890395153,127.119586721865,51.722960140556,0.0077,0.0067,118.542561,1.0658,8
269,549941250,50,36.741889822503,127.119588206200,51.721627353691,0.0077,0.0067,115.611398,1.0658,8
270,549941300,50,36.741889188532,127.119589629016,51.731531646103,0.0077,0.0067,118.970757,1.0658,8
271,549941350,50,36.741888540214,127.119591146999,51.729854170233,0.0077,0.0067,117.953799,1.0658,8
272,549941400,50,36.741887884825,127.119592629497,51.725749842823,0.0078,0.0067,118.780208,1.0658,8
273,549941450,50,36.741887248568,127.119594241269,51.722267303616,0.0078,0.0067,116.127859,1.0658,8
274,549941500,50,36.741886558147,127.119595725982,51.736877540126,0.0078,0.0067,120.019445,1.0658,8
275,549941550,50,36.741885895071,127.119597356740,51.724102654494,0.0078,0.0067,116.803890,1.0658,8
276,549941600,50,36.741885205969,127.119598929483,51.727861759253,0.0078,0.0067,118.564761,1.0658,8
277,549941650,50,36.741884542424,127.119600603548,51.724817444570,0.0078,0.0067,116.220228,1.0658,8
278,549941700,50,36.741883815417,127.119602237069,51.734923295677,0.0078,0.0068,118.942411,1.0658,8
279,549941750,50,36.741883081651,127.119603864405,51.727661452256,0.0078,0.0068,119.260116,1.0658,8
280,549941800,50,36.741882401755,127.119605598729,51.727408235893,0.0078,0.0068,115.970829,1.0658,8
281,549941850,50,36.741881644925,127.119607283528,51.728660888039,0.0078,0.0068,119.168491,1.0658,8
282,549941900,50,36.741880888243,127.119608981422,51.726035930216,0.0078,0.0068,118.975317,1.0658,8
283,549941950,50,36.741880175679,127.119610751723,51.729852419347,0.0078,0.0068,116.571114,1.0658,8
284,549942000,50,36.741879402169,127.119612495526,51.726575077511,0.0078,0.0068,118.861708,1.0658,8
285,549942050,50,36.741878624104,127.119614265377,51.720436654985,0.0079,0.0068,118.645345,1.0658,8
286,549942100,50,36.741877833659,127.119616113242,51.730595910922,0.0078,0.0067,118.645357,1.0658,8
287,549942150,50,36.741877038345,127.119617918008,51.731526799500,0.0078,0.0067,118.703015,1.0658,8
288,549942200,50,36.741876263021,127.119619733451,51.728068786673,0.0078,0.0067,117.952696,1.0658,8
289,549942250,50,36.741875477347,127.119621619700,51.721655615605,0.0078,0.0067,117.363773,1.0658,8
290,549942300,50,36.741874627621,127.119623449114,51.719224236906,0.0078,0.0067,119.990600,1.0658,8
291,549942350,50,36.741873819815,127.119625362258,51.729919092730,0.0078,0.0067,117.683628,1.0658,8
292,549942400,50,36.741872973042,127.119627224930,51.728532839566,0.0078,0.0067,119.460243,1.0658,8
293,549942450,50,36.741872148076,127.119629157408,51.728184322827,0.0078,0.0067,117.942884,1.0658,8
294,549942500,50,36.741871305733,127.119631090868,51.730903455988,0.0078,0.0067,118.428015,1.0658,8
295,549942550,50,36.741870458282,127.119632989052,51.734581273980,0.0078,0.0067,119.018586,1.0658,8
296,549942600,50,36.741869588443,127.119634875370,51.734548158944,0.0077,0.0067,119.018604,1.0658,8
297,549942650,50,36.741868762044,127.119636825526,51.738703122362,0.0077,0.0067,117.768442,1.0658,8
298,549942700,50,36.741867895187,127.119638777181,51.731073888019,0.0077,0.0067,118.893894,1.0658,8
299,549942750,50,36.741867028748,127.119640758064,51.733091961592,0.0077,0.0067,118.523370,1.0658,8
300,549942800,50,36.741866169352,127.119642773659,51.732123164460,0.0077,0.0067,117.913900,1.0658,8
301,549942850,50,36.741865304504,127.119644716137,51.733570275828,0.0077,0.0067,118.951896,1.0658,8
302,549942900,50,36.741864434876,127.119646778763,51.733743209392,0.0077,0.0067,117.648584,1.0658,8
303,549942950,50,36.741863505203,127.119648770785,51.734343271703,0.0078,0.0067,120.108912,1.0658,8
304,549943000,50,36.741862642597,127.119650786111,51.729216183536,0.0078,0.0067,118.005536,1.0658,8
305,549943050,50,36.741861731978,127.119652835508,51.733725544997,0.0078,0.0067,118.903130,1.0658,8
306,549943100,50,36.741860852440,127.119654909174,51.732617130503,0.0078,0.0067,117.789951,1.0658,8
307,549943150,50,36.741859936186,127.119657017447,51.732063264586,0.0078,0.0067,118.369219,1.0658,8
308,549943200,50,36.741858959917,127.119659070555,51.729328372516,0.0078,0.0067,120.576048,1.0658,8
309,549943250,50,36.741858044673,127.119661192688,51.733422229066,0.0078,0.0067,118.186238,1.0658,8
310,549943300,50,36.741857102532,127.119663340019,51.728200986981,0.0078,0.0067,118.597498,1.0658,8
311,549943350,50,36.741856155341,127.119665523593,51.735664692707,0.0078,0.0067,118.324030,1.0658,8
312,549943400,50,36.741855191654,127.119667680362,51.733213016763,0.0078,0.0067,119.038523,1.0658,8
313,549943450,50,36.741854224210,127.119669930587,51.742525987327,0.0078,0.0067,118.111324,1.0658,8
314,549943500,50,36.741853224902,127.119672158964,51.736864919774,0.0078,0.0067,119.126966,1.0658,8
315,549943550,50,36.741852195979,127.119674422457,51.732971711084,0.0078,0.0067,119.458720,1.0658,8
316,549943600,50,36.741851178578,127.119676736671,51.732030812651,0.0078,0.0067,118.645823,1.0658,8
317,549943650,50,36.741850152023,127.119679033936,51.735257947817,0.0077,0.0067,118.645846,1.0658,8
318,549943700,50,36.741849126005,127.119681335875,51.746767968871,0.0077,0.0067,118.978598,1.0658,8
319,549943750,50,36.741848072667,127.119683759584,51.737248242833,0.0077,0.0067,118.369139,1.0658,8
320,549943800,50,36.741847004568,127.119686149518,51.741172757931,0.0077,0.0067,119.043738,1.0658,8
321,549943850,50,36.741845932244,127.119688615973,51.740447617136,0.0078,0.0067,118.378257,1.0658,8
322,549943900,50,36.741844850440,127.119691041314,51.736354997382,0.0078,0.0067,118.996189,1.0658,8
323,549943950,50,36.741843732083,127.119693530136,51.741888201796,0.0078,0.0067,119.176135,1.0658,8
324,549944000,50,36.741842603972,127.119696046398,51.747115580365,0.0078,0.0067,119.120543,1.0658,8
325,549944050,50,36.741841485686,127.119698531576,51.746895079501,0.0078,0.0067,119.210308,1.0658,8
326,549944100,50,36.741840340127,127.119701121204,51.745352004655,0.0078,0.0067,118.795489,1.0658,8
327,549944150,50,36.741839177338,127.119703703570,51.749257212505,0.0078,0.0067,119.226501,1.0658,8
328,549944200,50,36.741838025770,127.119706321504,51.741682180203,0.0078,0.0067,118.659300,1.0658,8
329,549944250,50,36.741836863788,127.119708972944,51.729030140676,0.0078,0.0067,118.569806,1.0658,8
330,549944300,50,36.741835640983,127.119711648259,51.746864976361,0.0078,0.0067,119.593262,1.0658,8
331,549944350,50,36.741834435468,127.119714346320,51.738761723042,0.0078,0.0067,119.037866,1.0658,8
332,549944400,50,36.741833208750,127.119717047275,51.736902382225,0.0078,0.0067,119.437449,1.0658,8
333,549944450,50,36.741831980370,127.119719827321,51.739880554378,0.0078,0.0067,118.767669,1.0658,8
334,549944500,50,36.741830764455,127.119722629456,51.738799688406,0.0078,0.0067,118.331982,1.0658,8
335,549944550,50,36.741829496644,127.119725430705,51.738573232666,0.0078,0.0067,119.351418,1.0658,8
336,549944600,50,36.741828203843,127.119728237909,51.741756098345,0.0078,0.0067,119.351445,1.0658,8
337,549944650,50,36.741826951850,127.119731102540,51.732147382572,0.0078,0.0067,118.504249,1.0658,8
338,549944700,50,36.741825658020,127.119733971055,51.730010204017,0.0078,0.0067,119.267926,1.0658,8
339,549944750,50,36.741824334178,127.119736859699,51.736168120056,0.0078,0.0067,119.659034,1.0658,8
340,549944800,50,36.741823014248,127.119739794305,51.731736623682,0.0078,0.0067,119.199405,1.0658,8
341,549944850,50,36.741821694769,127.119742729471,51.735100438818,0.0078,0.0067,119.186421,1.0658,8
342,549944900,50,36.741820338079,127.119745752906,51.734665928409,0.0078,0.0067,119.142061,1.0658,8
343,549944950,50,36.741818975772,127.119748699587,51.725754082203,0.0078,0.0067,119.875071,1.0658,8
344,549945000,50,36.741817621695,127.119751748907,51.732604329474,0.0078,0.0067,118.888016,1.0658,8
345,549945050,50,36.741816245987,127.119754769844,51.734000352211,0.0078,0.0067,119.502838,1.0658,8
346,549945100,50,36.741814852987,127.119757802075,51.728453597054,0.0078,0.0067,119.718426,1.0658,8
347,549945150,50,36.741813449314,127.119760916337,51.729921151884,0.0078,0.0067,119.250524,1.0658,8
348,549945200,50,36.741812038603,127.119764049366,51.724733310752,0.0078,0.0067,119.225945,1.0658,8
349,549945250,50,36.741810595529,127.119767176545,51.720599015243,0.0078,0.0067,119.829145,1.0658,8
350,549945300,50,36.741809175195,127.119770331187,51.729647188447,0.0078,0.0067,119.224076,1.0658,8
351,549945350,50,36.741807747071,127.119773578687,51.726542871445,0.0078,0.0067,118.652924,1.0658,8
352,549945400,50,36.741806281728,127.119776753884,51.731776160188,0.0078,0.0067,119.831004,1.0658,8
353,549945450,50,36.741804777186,127.119779970654,51.727021927945,0.0078,0.0067,120.163209,1.0658,8
354,549945500,50,36.741803271113,127.119783223294,51.729263962246,0.0078,0.0067,119.913113,1.0658,8
355,549945550,50,36.741801775715,127.119786533407,51.723570614122,0.0078,0.0067,119.306965,1.0658,8
356,549945600,50,36.741800279306,127.119789856659,51.724210246466,0.0078,0.0067,119.226679,1.0658,8
357,549945650,50,36.741798756813,127.119793145880,51.721552556381,0.0079,0.0067,119.904684,1.0658,8
358,549945700,50,36.741797214291,127.119796511250,51.723367685452,0.0079,0.0067,119.662198,1.0658,8
359,549945750,50,36.741795686846,127.119799861682,51.723046067171,0.0078,0.0067,119.662231,1.0658,8
360,549945800,50,36.741794105620,127.119803295849,51.718462275341,0.0078,0.0067,119.774328,1.0658,8
361,549945850,50,36.741792543486,127.119806689712,51.715160812251,0.0078,0.0067,119.765885,1.0658,8
362,549945900,50,36.741790968486,127.119810131464,51.713468297385,0.0078,0.0067,119.622651,1.0658,8
363,549945950,50,36.741789370405,127.119813596932,51.715303504840,0.0078,0.0067,119.812119,1.0658,8
364,549946000,50,36.741787732309,127.119817118622,51.716571678407,0.0078,0.0067,120.026074,1.0658,8
365,549946050,50,36.741786116775,127.119820611232,51.713855646551,0.0078,0.0067,119.887806,1.0658,8
366,549946100,50,36.741784510447,127.119824139772,51.715433706529,0.0078,0.0067,119.494588,1.0658,8
367,549946150,50,36.741782833572,127.119827678105,51.715995465405,0.0078,0.0067,120.491976,1.0658,8
368,549946200,50,36.741781210924,127.119831301005,51.714639807120,0.0078,0.0067,119.096486,1.0691,8
369,549946250,50,36.741779533729,127.119834898851,51.712308000773,0.0078,0.0067,120.080541,1.0691,8
370,549946300,50,36.741777829115,127.119838525841,51.714986762032,0.0078,0.0067,120.283431,1.0691,8
371,549946350,50,36.741776156822,127.119842163770,51.714002377354,0.0078,0.0067,119.733696,1.0691,8
372,549946400,50,36.741774439186,127.119845777811,51.709321982227,0.0078,0.0067,120.563300,1.0691,8
373,549946450,50,36.741772705498,127.119849505557,51.711967897601,0.0078,0.0067,120.022417,1.0691,8
374,549946500,50,36.741771002138,127.119853231783,51.711038506590,0.0078,0.0067,119.596336,1.0691,8
375,549946550,50,36.741769251831,127.119856951172,51.706262517720,0.0078,0.0067,120.315764,1.0691,8
376,549946600,50,36.741767526041,127.119860663485,51.698871127330,0.0078,0.0067,120.012051,1.0691,8
377,549946650,50,36.741765739047,127.119864451588,51.710774489678,0.0078,0.0067,120.376649,1.0691,8
378,549946700,50,36.741763978120,127.119868234169,51.710080106743,0.0078,0.0067,120.046897,1.0691,8
379,549946750,50,36.741762186953,127.119872027941,51.712148950435,0.0078,0.0067,120.397579,1.0691,8
380,549946800,50,36.741760384638,127.119875837825,51.706617396325,0.0078,0.0067,120.446771,1.0691,8
381,549946850,50,36.741758581575,127.119879625059,51.702421961352,0.0078,0.0067,120.606660,1.0691,8
382,549946900,50,36.741756779275,127.119883481016,51.705581885763,0.0078,0.0067,120.146582,1.0691,8
383,549946950,50,36.741754978775,127.119887325468,51.709544850513,0.0078,0.0067,120.196084,1.0691,8
384,549947000,50,36.741753158643,127.119891171853,51.695627682842,0.0078,0.0067,120.196123,1.0691,8
385,549947050,50,36.741751374555,127.119895006012,51.696552625857,0.0078,0.0067,120.035074,1.0691,8
386,549947100,50,36.741749547386,127.119898879854,51.694427804090,0.0078,0.0067,120.372952,1.0691,8
387,549947150,50,36.741747677545,127.119902706856,51.692876115441,0.0078,0.0067,121.261519,1.0691,8
388,549947200,50,36.741745812373,127.119906643540,51.688513765112,0.0078,0.0067,120.485384,1.0691,8
389,549947250,50,36.741743942432,127.119910534784,51.692473265342,0.0078,0.0067,120.841373,1.0691,8
390,549947300,50,36.741742060336,127.119914477011,51.693316984922,0.0078,0.0067,120.676749,1.0691,8
391,549947350,50,36.741740225142,127.119918393944,51.689241698012,0.0078,0.0067,120.206275,1.0691,8
392,549947400,50,36.741738322895,127.119922314152,51.695173721761,0.0078,0.0067,121.086892,1.0691,8
393,549947450,50,36.741736422514,127.119926285511,51.686581653543,0.0078,0.0067,120.734738,1.0691,8
394,549947500,50,36.741734493588,127.119930271614,51.693747174926,0.0078,0.0067,121.017466,1.0691,8
395,549947550,50,36.741732601555,127.119934245668,51.687457505614,0.0078,0.0067,120.607012,1.0691,8
396,549947600,50,36.741730667516,127.119938206885,51.697587006725,0.0077,0.0067,120.607056,1.0691,8
397,549947650,50,36.741728766514,127.119942228204,51.690449601971,0.0077,0.0067,120.429243,1.0691,8
398,549947700,50,36.741726831583,127.119946209485,51.692061378621,0.0077,0.0067,121.126881,1.0691,8
399,549947750,50,36.741724882782,127.119950213645,51.692268760875,0.0077,0.0067,121.162708,1.0691,8
400,549947800,50,36.741722928254,127.119954184992,51.693890551105,0.0077,0.0067,121.446646,1.0691,8
401,549947850,50,36.741721040400,127.119958224202,51.689345128834,0.0077,0.0067,120.145280,1.0691,8
402,549947900,50,36.741719093682,127.119962263546,51.689986847341,0.0077,0.0067,120.914190,1.0691,8
403,549947950,50,36.741717100761,127.119966256748,51.683032630943,0.0077,0.0067,121.803869,1.0691,8
404,549948000,50,36.741715161513,127.119970248125,51.689497019164,0.0077,0.0067,121.119164,1.0691,8
405,549948050,50,36.741713225030,127.119974347291,51.686948588118,0.0078,0.0067,120.412173,1.0691,8
406,549948100,50,36.741711228129,127.119978339221,51.680049266666,0.0078,0.0067,121.863272,1.0691,8
407,549948150,50,36.741709283360,127.119982358416,51.690069816075,0.0078,0.0067,121.015247,1.0691,8
408,549948200,50,36.741707284076,127.119986362648,51.684316674247,0.0078,0.0067,121.814882,1.0691,8
409,549948250,50,36.741705358017,127.119990419042,51.677024086006,0.0078,0.0067,120.539688,1.0691,8
410,549948300,50,36.741703339584,127.119994415339,51.684527305886,0.0078,0.0067,122.111195,1.0691,8
411,549948350,50,36.741701351412,127.119998474718,51.675416857935,0.0078,0.0067,121.322863,1.0691,8
412,549948400,50,36.741699355097,127.120002526705,51.675468325615,0.0078,0.0067,121.473459,1.0691,8
413,549948450,50,36.741697400624,127.120006550388,51.675044968724,0.0078,0.0067,121.113016,1.0691,8
414,549948500,50,36.741695391951,127.120010595386,51.673733891919,0.0078,0.0067,121.675301,1.0691,8
415,549948550,50,36.741693397714,127.120014671119,51.682205719873,0.0078,0.0067,121.298054,1.0691,8
416,549948600,50,36.741691390356,127.120018671395,51.676671599038,0.0078,0.0067,121.943815,1.0691,8
417,549948650,50,36.741689410567,127.120022700793,51.669177727774,0.0078,0.0067,121.404012,1.0691,8
418,549948700,50,36.741687398348,127.120026744680,51.671245539561,0.0078,0.0067,121.727509,1.0691,8
419,549948750,50,36.741685356034,127.120030779260,51.664780225605,0.0077,0.0067,121.727556,1.0691,8
420,549948800,50,36.741683352652,127.120034891642,51.667624518275,0.0078,0.0067,121.186897,1.0691,8
421,549948850,50,36.741681351960,127.120038929437,51.665943767875,0.0078,0.0067,121.619036,1.0691,8
422,549948900,50,36.741679321672,127.120043001398,51.667234707624,0.0078,0.0067,121.779374,1.0691,8
423,549948950,50,36.741677296779,127.120047074387,51.658104030415,0.0078,0.0067,121.704679,1.0691,8
424,549949000,50,36.741675249400,127.120051136621,51.658787534572,0.0078,0.0067,122.056384,1.0691,8
425,549949050,50,36.741673200798,127.120055158812,51.664855955169,0.0078,0.0067,122.327713,1.0691,8
426,549949100,50,36.741671205356,127.120059238884,51.662549875677,0.0078,0.0067,121.286383,1.0691,8
427,549949150,50,36.741669178397,127.120063296220,51.661298791878,0.0078,0.0067,121.829565,1.0691,8
428,549949200,50,36.741667136683,127.120067352914,51.655837808736,0.0078,0.0067,122.020149,1.0691,8
429,549949250,50,36.741665069271,127.120071427807,51.657754097134,0.0078,0.0067,122.227391,1.0691,8
430,549949300,50,36.741663017236,127.120075534639,51.659504590556,0.0078,0.0067,121.833916,1.0691,8
431,549949350,50,36.741660956317,127.120079548941,51.655367393047,0.0078,0.0067,122.534069,1.0691,8
432,549949400,50,36.741658903914,127.120083647339,51.658103822730,0.0078,0.0067,121.891337,1.0691,8
433,549949450,50,36.741656827841,127.120087681073,51.656862365082,0.0078,0.0067,122.598972,1.0691,8
434,549949500,50,36.741654776066,127.120091756528,51.657804067247,0.0078,0.0067,122.027899,1.0691,8
435,549949550,50,36.741652697802,127.120095838781,51.658660212532,0.0078,0.0067,122.316105,1.0691,8
436,549949600,50,36.741650630862,127.120099871365,51.656688009389,0.0077,0.0067,122.316154,1.0691,8
437,549949650,50,36.741648545044,127.120103972535,51.660812312737,0.0077,0.0067,122.290402,1.0691,8
438,549949700,50,36.741646451643,127.120108041008,51.656766860746,0.0077,0.0067,122.592159,1.0691,8
439,549949750,50,36.741644400668,127.120112118368,51.654720289633,0.0077,0.0067,122.005848,1.0691,8
440,549949800,50,36.741642297586,127.120116168113,51.659616055898,0.0078,0.0067,122.832557,1.0691,8
441,549949850,50,36.741640222131,127.120120219727,51.662723671645,0.0078,0.0067,122.476347,1.0691,8
442,549949900,50,36.741638154838,127.120124280138,51.654276762158,0.0078,0.0067,122.318005,1.0691,8
443,549949950,50,36.741636094215,127.120128347373,51.655053512193,0.0078,0.0067,122.191002,1.0691,8
444,549950000,50,36.741633964088,127.120132379079,51.655576193705,0.0078,0.0067,123.284199,1.0691,8
445,549950050,50,36.741631872369,127.120136473639,51.657729606144,0.0078,0.0067,122.405318,1.0691,8
446,549950100,50,36.741629766772,127.120140534742,51.656020566821,0.0078,0.0067,122.790632,1.0691,8
447,549950150,50,36.741627679082,127.120144578347,51.651805674657,0.0078,0.0067,122.680584,1.0691,8
448,549950200,50,36.741625566626,127.120148641861,51.653050927445,0.0078,0.0067,122.860025,1.0691,8
449,549950250,50,36.741623458509,127.120152658708,51.655512334779,0.0078,0.0067,123.108453,1.0691,8
450,549950300,50,36.741621341193,127.120156701753,51.658200297505,0.0078,0.0067,123.052185,1.0691,8
451,549950350,50,36.741619255697,127.120160719108,51.651983168907,0.0078,0.0067,122.822952,1.0691,8
452,549950400,50,36.741617163833,127.120164785977,51.655234579928,0.0078,0.0067,122.583263,1.0691,8
453,549950450,50,36.741615035433,127.120168820455,51.655513751321,0.0078,0.0067,123.244787,1.0691,8
454,549950500,50,36.741612890691,127.120172768655,51.654829070903,0.0078,0.0067,124.018000,1.0691,8
455,549950550,50,36.741610761083,127.120176798782,51.651449340396,0.0078,0.0067,123.288053,1.0691,8
456,549950600,50,36.741608638078,127.120180858100,51.652484135702,0.0078,0.0067,123.017255,1.0691,8
457,549950650,50,36.741606573114,127.120184885401,51.658714576624,0.0078,0.0067,122.500992,1.0691,8
458,549950700,50,36.741604585553,127.120188970979,51.658206357621,0.0079,0.0067,121.151578,1.0691,8
459,549950750,50,36.741602624544,127.120193097144,51.660370991565,0.0078,0.0067,121.151627,1.0691,8
460,549950800,50,36.741600762711,127.120197278732,51.657931685448,0.0078,0.0067,118.952685,1.0691,8
461,549950850,50,36.741598968086,127.120201450143,51.659665344283,0.0078,0.0067,118.127205,1.0691,8
462,549950900,50,36.741597239010,127.120205701261,51.661960854195,0.0078,0.0067,116.811066,1.0691,8
463,549950950,50,36.741595621049,127.120210010430,51.655416811816,0.0078,0.0067,115.010514,1.0691,8
464,549951000,50,36.741594059953,127.120214323261,51.657337306999,0.0078,0.0067,114.215933,1.0691,8
465,549951050,50,36.741592527068,127.120218657754,51.662198912352,0.0078,0.0067,113.721509,1.0691,8
466,549951100,50,36.741591105217,127.120223035582,51.657247020863,0.0078,0.0067,111.976715,1.0691,8
467,549951150,50,36.741589721529,127.120227446403,51.657059128396,0.0078,0.0067,111.295065,1.0691,8
468,549951200,50,36.741588392440,127.120231854879,51.665121073835,0.0078,0.0067,110.536091,1.0691,8
469,549951250,50,36.741587063880,127.120236315401,51.659666384570,0.0078,0.0067,110.308724,1.0691,8
470,549951300,50,36.741585760941,127.120240747224,51.659972039051,0.0078,0.0067,110.067145,1.0691,8
471,549951350,50,36.741584486072,127.120245153106,51.659355447628,0.0078,0.0067,109.775148,1.0691,8
472,549951400,50,36.741583204236,127.120249615865,51.657385695726,0.0078,0.0067,109.640973,1.0691,8
473,549951450,50,36.741581922436,127.120254023820,51.664378594607,0.0078,0.0067,109.865643,1.0691,8
474,549951500,50,36.741580652818,127.120258422624,51.664598566480,0.0078,0.0067,109.729227,1.0691,8
475,549951550,50,36.741579315452,127.120262772871,51.664931629784,0.0078,0.0067,110.905891,1.0691,8
476,549951600,50,36.741577972370,127.120267159805,51.660548711196,0.0078,0.0067,110.827078,1.0691,8
477,549951650,50,36.741576577265,127.120271510257,51.663367824629,0.0079,0.0067,111.724982,1.0691,8
478,549951700,50,36.741575149466,127.120275835508,51.665406224318,0.0079,0.0067,112.301811,1.0691,8
479,549951750,50,36.741573672096,127.120280123544,51.670630685054,0.0079,0.0067,113.175321,1.0691,8
480,549951800,50,36.741572128249,127.120284384677,51.670384870842,0.0079,0.0067,114.236224,1.0691,8
481,549951850,50,36.741570538064,127.120288575841,51.668168290518,0.0079,0.0067,115.240632,1.0691,8
482,549951900,50,36.741568859048,127.120292690953,51.674167251214,0.0079,0.0068,116.883421,1.0691,8
483,549951950,50,36.741567134518,127.120296778394,51.672289129347,0.0079,0.0068,117.664999,1.0691,8
484,549952000,50,36.741565332714,127.120300763100,51.673734547570,0.0079,0.0068,119.329225,1.0691,8
485,549952050,50,36.741563450906,127.120304752583,51.664227697067,0.0079,0.0068,120.374110,1.0691,8
486,549952100,50,36.741561508692,127.120308619941,51.670730208047,0.0078,0.0067,120.374159,1.0691,8
487,549952150,50,36.741559532565,127.120312467244,51.669712821953,0.0078,0.0067,122.546456,1.0691,8
488,549952200,50,36.741557465542,127.120316309348,51.668797749095,0.0078,0.0067,123.761538,1.0691,8
489,549952250,50,36.741555420831,127.120320101570,51.666584091261,0.0078,0.0067,123.820203,1.0691,8
490,549952300,50,36.741553302678,127.120323832660,51.666508913040,0.0078,0.0067,125.198633,1.0691,8
491,549952350,50,36.741551205832,127.120327582423,51.668613013811,0.0078,0.0067,124.792096,1.0691,8
492,549952400,50,36.741549110542,127.120331326709,51.672464248724,0.0078,0.0067,124.811406,1.0691,8
493,549952450,50,36.741546969662,127.120335042843,51.667254299857,0.0078,0.0067,125.596005,1.0691,8
494,549952500,50,36.741544858838,127.120338816662,51.671796875075,0.0078,0.0067,124.798790,1.0691,8
495,549952550,50,36.741542728716,127.120342498865,51.671877407469,0.0078,0.0067,125.708210,1.0691,8
496,549952600,50,36.741540625595,127.120346288757,51.675247878768,0.0078,0.0067,125.708261,1.0691,8
497,549952650,50,36.741538568649,127.120350033367,51.675357596949,0.0078,0.0067,124.314747,1.0691,8
498,549952700,50,36.741536516872,127.120353807273,51.673994238488,0.0078,0.0067,124.040245,1.0691,8
499,549952750,50,36.741534474381,127.120357564597,51.677075691521,0.0078,0.0067,124.036709,1.0691,8
500,549952800,50,36.741532494076,127.120361373121,51.678463399410,0.0078,0.0067,122.865404,1.0691,8
501,549952850,50,36.741530566198,127.120365220899,51.675527308136,0.0078,0.0067,121.904394,1.0691,8
502,549952900,50,36.741528705830,127.120369065618,51.669798628427,0.0078,0.0067,121.015511,1.0691,8
503,549952950,50,36.741526924143,127.120373017150,51.675166263245,0.0078,0.0067,119.259163,1.0691,8
504,549953000,50,36.741525173945,127.120376969175,51.672704081982,0.0078,0.0067,118.822522,1.0691,8
505,549953050,50,36.741523529009,127.120381000897,51.674295217730,0.0078,0.0067,116.882668,1.0691,8
506,549953100,50,36.741521919959,127.120385033073,51.674967875704,0.0078,0.0067,116.373739,1.0691,8
507,549953150,50,36.741520411542,127.120389083519,51.673828306608,0.0078,0.0067,114.831221,1.0691,8
508,549953200,50,36.741518923081,127.120393170433,51.678514599800,0.0078,0.0067,114.348173,1.0691,8
509,549953250,50,36.741517529722,127.120397314501,51.676300822757,0.0078,0.0067,112.673905,1.0691,8
510,549953300,50,36.741516129806,127.120401429143,51.675427014939,0.0078,0.0067,112.915815,1.0691,8
511,549953350,50,36.741514761232,127.120405580430,51.674028202891,0.0078,0.0067,112.275424,1.0691,8
512,549953400,50,36.741513404432,127.120409677833,51.677432029508,0.0078,0.0067,112.364487,1.0691,8
513,549953450,50,36.741512026788,127.120413812246,51.679601500742,0.0078,0.0067,112.490852,1.0691,8
514,549953500,50,36.741510695469,127.120417960042,51.676376998425,0.0078,0.0067,111.742779,1.0691,8
515,549953550,50,36.741509352207,127.120422023795,51.681278163567,0.0078,0.0067,112.328577,1.0691,8
516,549953600,50,36.741508004249,127.120426127341,51.675978459418,0.0078,0.0067,112.328622,1.0691,8
517,549953650,50,36.741506602015,127.120430232512,51.671978417784,0.0078,0.0067,112.997292,1.0691,8
518,549953700,50,36.741505193906,127.120434326164,51.677156656981,0.0078,0.0067,113.141700,1.0691,8
519,549953750,50,36.741503754237,127.120438357356,51.677194526419,0.0078,0.0067,113.929086,1.0691,8
520,549953800,50,36.741502258034,127.120442344516,51.681090456434,0.0078,0.0067,114.997976,1.0691,8
521,549953850,50,36.741500691644,127.120446337156,51.683323706500,0.0078,0.0067,115.987701,1.0691,8
522,549953900,50,36.741499144009,127.120450297568,51.679607016034,0.0078,0.0067,115.898890,1.0691,8
523,549953950,50,36.741497501750,127.120454185752,51.684805856086,0.0078,0.0067,117.690833,1.0691,8
524,549954000,50,36.741495831243,127.120458015266,51.680068346672,0.0078,0.0067,118.458299,1.0691,8
525,549954050,50,36.741494067055,127.120461801811,51.683744360693,0.0078,0.0067,120.066750,1.0691,8
526,549954100,50,36.741492263659,127.120465533265,51.683819010854,0.0078,0.0067,120.985145,1.0691,8
527,549954150,50,36.741490345604,127.120469226007,51.684832431376,0.0078,0.0067,122.837510,1.0691,8
528,549954200,50,36.741488420065,127.120472882869,51.689011588693,0.0078,0.0067,123.195041,1.0691,8
529,549954250,50,36.741486411001,127.120476429012,51.679675710388,0.0078,0.0067,125.143689,1.0691,8
530,549954300,50,36.741484361627,127.120479951116,51.683215290308,0.0078,0.0067,125.866059,1.0691,8
531,549954350,50,36.741482299195,127.120483474504,51.684626141563,0.0078,0.0067,126.029074,1.0691,8
532,549954400,50,36.741480215719,127.120486981736,51.679855962284,0.0078,0.0067,126.431917,1.0691,8
533,549954450,50,36.741478116926,127.120490506617,51.677347995341,0.0078,0.0067,126.495047,1.0691,8
534,549954500,50,36.741476021053,127.120493974362,51.678534837440,0.0078,0.0067,126.905476,1.0691,8
535,549954550,50,36.741473898752,127.120497482787,51.684110718779,0.0078,0.0067,126.929355,1.0691,8
536,549954600,50,36.741471750022,127.120500939386,51.683058149181,0.0078,0.0067,126.929403,1.0691,8
537,549954650,50,36.741469658162,127.120504449933,51.684340108186,0.0078,0.0067,126.516072,1.0691,8
538,549954700,50,36.741467558458,127.120507969119,51.682622187771,0.0078,0.0067,126.551285,1.0691,8
539,549954750,50,36.741465510834,127.120511534455,51.675634723157,0.0078,0.0067,125.511695,1.0691,8
540,549954800,50,36.741463446403,127.120515080322,51.682535925880,0.0078,0.0067,125.882294,1.0691,8
541,549954850,50,36.741461426000,127.120518647220,51.681130250916,0.0078,0.0067,125.138107,1.0691,8
542,549954900,50,36.741459482257,127.120522223269,51.676708075218,0.0078,0.0067,124.033864,1.0691,8
543,549954950,50,36.741457539379,127.120525831165,51.680075045675,0.0078,0.0067,123.786834,1.0691,8
544,549955000,50,36.741455674656,127.120529488713,51.678618581966,0.0078,0.0067,122.353259,1.0691,8
545,549955050,50,36.741453831989,127.120533185317,51.681468985975,0.0078,0.0067,121.772783,1.0691,8
546,549955100,50,36.741452096462,127.120536935554,51.676618804224,0.0078,0.0067,119.899460,1.0691,8
547,549955150,50,36.741450423393,127.120540747893,51.679294861853,0.0078,0.0067,118.603209,1.0691,8
548,549955200,50,36.741448785376,127.120544597605,51.680146334693,0.0078,0.0067,117.864646,1.0691,8
549,549955250,50,36.741447209372,127.120548505939,51.676263091154,0.0078,0.0067,116.612606,1.0691,8
550,549955300,50,36.741445692025,127.120552438015,51.680585634895,0.0078,0.0067,115.616649,1.0691,8
551,549955350,50,36.741444221594,127.120556411912,51.678800827824,0.0078,0.0067,114.691169,1.0691,8
552,549955400,50,36.741442759642,127.120560425715,51.677316111512,0.0078,0.0067,114.349899,1.0691,8
553,549955450,50,36.741441328731,127.120564457326,51.675181534141,0.0078,0.0067,113.797475,1.0691,8
554,549955500,50,36.741439863695,127.120568439706,51.680649599060,0.0078,0.0067,114.565100,1.0691,8
555,549955550,50,36.741438412660,127.120572461620,51.681690209545,0.0078,0.0067,114.145762,1.0691,8
556,549955600,50,36.741436973991,127.120576492424,51.678419978358,0.0078,0.0067,113.916306,1.0691,8
557,549955650,50,36.741435534591,127.120580482577,51.673821900971,0.0078,0.0067,114.143145,1.0691,8
558,549955700,50,36.741434046791,127.120584485551,51.679622164927,0.0078,0.0067,114.788106,1.0691,8
559,549955750,50,36.741432548126,127.120588497359,51.676900046878,0.0078,0.0067,114.788148,1.0691,8
560,549955800,50,36.741431022923,127.120592488948,51.679329293780,0.0078,0.0067,115.397171,1.0691,8
561,549955850,50,36.741429443775,127.120596497292,51.683352976106,0.0078,0.0067,116.082282,1.0691,8
562,549955900,50,36.741427857586,127.120600467301,51.679488892667,0.0078,0.0067,116.401744,1.0691,8
563,549955950,50,36.741426198574,127.120604439937,51.678244564682,0.0078,0.0067,117.424372,1.0691,8
564,549956000,50,36.741424460682,127.120608350443,51.681758278050,0.0078,0.0067,118.907401,1.0691,8
565,549956050,50,36.741422688494,127.120612246210,51.682655958459,0.0078,0.0067,119.476249,1.0691,8
566,549956100,50,36.741420821981,127.120616063850,51.684538542293,0.0078,0.0067,121.278379,1.0691,8
567,549956150,50,36.741418903627,127.120619870327,51.682643008418,0.0078,0.0067,122.054652,1.0691,8
568,549956200,50,36.741416895528,127.120623571339,51.682831019163,0.0078,0.0067,123.986676,1.0691,8
569,549956250,50,36.741414872842,127.120627314778,51.684854924679,0.0078,0.0067,123.876269,1.0691,8
570,549956300,50,36.741412725991,127.120630934680,51.687774416991,0.0078,0.0067,126.386593,1.0691,8
571,549956350,50,36.741410564352,127.120634555637,51.679595873691,0.0078,0.0067,126.566624,1.0691,8
572,549956400,50,36.741408329373,127.120638112317,51.680492445827,0.0078,0.0067,127.982312,1.0691,8
573,549956450,50,36.741406109292,127.120641664413,51.677223848179,0.0078,0.0067,127.832378,1.0691,8
574,549956500,50,36.741403795622,127.120645244484,51.677980849519,0.0078,0.0067,128.764404,1.0691,8
575,549956550,50,36.741401494743,127.120648793983,51.669225060381,0.0078,0.0067,128.849238,1.0691,8
576,549956600,50,36.741399135766,127.120652326118,51.676085356623,0.0079,0.0067,129.687033,1.0691,8
577,549956650,50,36.741396799459,127.120655908742,51.672930479050,0.0079,0.0067,129.017043,1.0691,8
578,549956700,50,36.741394428231,127.120659443520,51.675136131234,0.0079,0.0068,129.811868,1.0691,8
579,549956750,50,36.741392087596,127.120663028462,51.668962455355,0.0079,0.0068,129.050772,1.0691,8
580,549956800,50,36.741389766000,127.120666681952,51.664178132080,0.0079,0.0068,128.293087,1.0691,8
581,549956850,50,36.741387477781,127.120670319153,51.678149627522,0.0079,0.0068,128.014397,1.0691,8
582,549956900,50,36.741385186608,127.120673975939,51.671661626548,0.0079,0.0068,127.901015,1.0691,8
583,549956950,50,36.741382940540,127.120677661313,51.665639143437,0.0079,0.0068,127.135228,1.0691,8
584,549957000,50,36.741380724550,127.120681416297,51.663856005296,0.0078,0.0067,127.135275,1.0691,8
585,549957050,50,36.741378545102,127.120685236417,51.678107317537,0.0078,0.0067,125.332166,1.0691,8
586,549957100,50,36.741376372656,127.120689045536,51.661815143190,0.0078,0.0067,125.323149,1.0691,8
587,549957150,50,36.741374297271,127.120692961903,51.653960497119,0.0078,0.0067,123.362745,1.0691,8
588,549957200,50,36.741372354885,127.120696962215,51.674398967065,0.0079,0.0068,121.103333,1.0691,8
589,549957250,50,36.741370458503,127.120700996111,51.673809768632,0.0079,0.0068,120.290272,1.0691,8
590,549957300,50,36.741368571685,127.120705078425,51.670654659159,0.0079,0.0068,119.868148,1.0691,8
591,549957350,50,36.741366737791,127.120709186259,51.668865677901,0.0079,0.0068,119.017563,1.0691,8
592,549957400,50,36.741364973358,127.120713347864,51.668209622614,0.0079,0.0068,117.780428,1.0691,8
593,549957450,50,36.741363281047,127.120717569128,51.667820654809,0.0079,0.0068,116.479236,1.0691,8
594,549957500,50,36.741361627093,127.120721845644,51.672145500779,0.0079,0.0068,115.666563,1.0691,8
595,549957550,50,36.741359959730,127.120726106788,51.667963704094,0.0079,0.0068,115.928666,1.0691,8
596,549957600,50,36.741358338636,127.120730368641,51.682326821610,0.0080,0.0073,115.928710,1.0691,8
597,549957650,50,36.741356650994,127.120734625777,51.670488853939,0.0080,0.0073,116.223469,1.0691,8
598,549957700,50,36.741355035280,127.120738903160,51.676460223272,0.0080,0.0073,115.142721,1.0691,8
599,549957750,50,36.741353381721,127.120743221297,51.673221037723,0.0080,0.0073,115.445293,1.0691,8
600,549957800,50,36.741351706863,127.120747472563,51.673017218709,0.0080,0.0073,116.082373,1.0691,8
601,549957850,50,36.741349990362,127.120751736395,51.671045977622,0.0080,0.0073,116.574476,1.0691,8
602,549957900,50,36.741348280259,127.120756001801,51.677794768475,0.0080,0.0073,116.480533,1.0691,8
603,549957950,50,36.741346519017,127.120760219745,51.676965775900,0.0081,0.0073,117.421517,1.0691,8
604,549958000,50,36.741344709827,127.120764424508,51.683167695999,0.0081,0.0073,118.129961,1.0691,8
605,549958050,50,36.741342824907,127.120768588226,51.674411503598,0.0081,0.0073,119.357404,1.0691,8
606,549958100,50,36.741340859041,127.120772691042,51.676640680060,0.0081,0.0074,120.767692,1.0691,8
607,549958150,50,36.741338901829,127.120776765551,51.678476239555,0.0081,0.0074,120.830974,1.0691,8
608,549958200,50,36.741336816682,127.120780773837,51.676546393894,0.0081,0.0074,122.877487,1.0691,8
609,549958250,50,36.741334682095,127.120784741491,51.675744113512,0.0081,0.0074,123.761696,1.0691,8
610,549958300,50,36.741332447300,127.120788606692,51.677075208165,0.0081,0.0074,125.693687,1.0691,8
611,549958350,50,36.741330157435,127.120792411380,51.675546442159,0.0081,0.0074,126.789764,1.0691,8
612,549958400,50,36.741327815015,127.120796181935,51.675459023565,0.0081,0.0074,127.664731,1.0691,8
613,549958450,50,36.741325394414,127.120799882438,51.673783835955,0.0081,0.0074,129.103107,1.0691,8
614,549958500,50,36.741322944741,127.120803509680,51.672906861641,0.0081,0.0074,130.001449,1.0691,8
615,549958550,50,36.741320457802,127.120807164222,51.668461282738,0.0081,0.0074,130.216005,1.0691,8
616,549958600,50,36.741317902432,127.120810754715,51.663592758588,0.0079,0.0067,130.216055,1.0691,8
617,549958650,50,36.741315384855,127.120814347174,51.668175540864,0.0079,0.0067,131.047873,1.0691,8
618,549958700,50,36.741312824077,127.120817940727,51.667077266611,0.0079,0.0067,131.522539,1.0691,8
619,549958750,50,36.741310307747,127.120821518561,51.663910636678,0.0079,0.0067,131.149589,1.0691,8
620,549958800,50,36.741307724784,127.120825096749,51.659334048629,0.0079,0.0067,131.889955,1.0691,8
621,549958850,50,36.741305226402,127.120828681104,51.660550576635,0.0079,0.0068,130.894833,1.0691,8
622,549958900,50,36.741302726432,127.120832271459,51.658400094137,0.0079,0.0068,130.865415,1.0691,8
623,549958950,50,36.741300260495,127.120835960154,51.658640386537,0.0079,0.0068,129.714437,1.0691,8
624,549959000,50,36.741297794591,127.120839606998,51.651495346799,0.0079,0.0068,130.035726,1.0691,8
625,549959050,50,36.741295389968,127.120843323984,51.655565031804,0.0079,0.0068,128.793134,1.0691,8
626,549959100,50,36.741293012001,127.120847082478,51.652299819514,0.0079,0.0068,128.172083,1.0691,8
627,549959150,50,36.741290671954,127.120850861283,51.652265613899,0.0079,0.0068,127.576107,1.0691,8
628,549959200,50,36.741288457431,127.120854707183,51.659715191461,0.0079,0.0068,125.582270,1.0691,8
629,549959250,50,36.741286247341,127.120858620151,51.661581018940,0.0079,0.0068,125.060844,1.0691,8
630,549959300,50,36.741284076129,127.120862540769,51.648910952732,0.0080,0.0068,124.531883,1.0691,8
631,549959350,50,36.741282008175,127.120866537372,51.654274149798,0.0080,0.0068,122.737589,1.0691,8
632,549959400,50,36.741280072723,127.120870593083,51.655605021864,0.0080,0.0068,120.665905,1.0691,8
633,549959450,50,36.741278193456,127.120874679131,51.662873779424,0.0080,0.0068,119.746417,1.0691,8
634,549959500,50,36.741276329580,127.120878795911,51.661537835374,0.0080,0.0068,119.360042,1.0691,8
635,549959550,50,36.741274501433,127.120882946306,51.665700253099,0.0080,0.0068,118.691902,1.0691,8
636,549959600,50,36.741272709293,127.120887134994,51.663218880072,0.0079,0.0067,118.691947,1.0691,8
637,549959650,50,36.741270921757,127.120891281574,51.669271146879,0.0079,0.0067,118.175082,1.0691,8
638,549959700,50,36.741269129525,127.120895455153,51.659505752847,0.0079,0.0067,118.082958,1.0691,8
639,549959750,50,36.741267392069,127.120899656487,51.660963500850,0.0079,0.0067,117.196089,1.0691,8
640,549959800,50,36.741265640260,127.120903839681,51.653028155677,0.0079,0.0067,117.489530,1.0691,8
641,549959850,50,36.741263956403,127.120908028501,51.661676233634,0.0079,0.0067,116.541197,1.0691,8
642,549959900,50,36.741262189721,127.120912208921,51.665741687641,0.0079,0.0068,117.704006,1.0691,8
643,549959950,50,36.741260388769,127.120916338854,51.655553754419,0.0079,0.0068,118.450172,1.0691,8
644,549960000,50,36.741258537250,127.120920410278,51.652693895623,0.0079,0.0068,119.468582,1.0691,8
645,549960050,50,36.741256727297,127.120924477233,51.663284367882,0.0079,0.0068,118.941293,1.0691,8
646,549960100,50,36.741254801645,127.120928524439,51.659208709374,0.0080,0.0068,120.591120,1.0691,8
647,549960150,50,36.741252845225,127.120932477726,51.665267529897,0.0080,0.0068,121.587561,1.0691,8
648,549960200,50,36.741250912940,127.120936442373,51.664000247605,0.0080,0.0068,121.198209,1.0691,8
649,549960250,50,36.741248822438,127.120940324638,51.656083626673,0.0080,0.0068,123.785152,1.0691,8
650,549960300,50,36.741246713981,127.120944162063,51.660972117446,0.0080,0.0068,124.321292,1.0691,8
651,549960350,50,36.741244511978,127.120947877034,51.659077513963,0.0080,0.0068,126.371245,1.0691,8
652,549960400,50,36.741242279805,127.120951535346,51.659142470919,0.0080,0.0068,127.167311,1.0691,8
653,549960450,50,36.741239972785,127.120955149107,51.660800900310,0.0080,0.0068,128.422289,1.0691,8
654,549960500,50,36.741237586890,127.120958704535,51.656620169990,0.0080,0.0068,129.821437,1.0691,8
655,549960550,50,36.741235175132,127.120962184656,51.650201097131,0.0080,0.0068,130.731050,1.0691,8
656,549960600,50,36.741232717427,127.120965605562,51.653805905953,0.0080,0.0068,131.754437,1.0691,8
657,549960650,50,36.741230248308,127.120969005480,51.657014470547,0.0080,0.0068,132.061655,1.0691,8
658,549960700,50,36.741227770239,127.120972424823,51.649637272581,0.0080,0.0068,132.002421,1.0691,8
659,549960750,50,36.741225227444,127.120975791267,51.660212837160,0.0080,0.0068,133.183479,1.0691,8
660,549960800,50,36.741222718997,127.120979172825,51.655060207471,0.0079,0.0068,133.183527,1.0691,8
661,549960850,50,36.741220207939,127.120982496107,51.649067280814,0.0079,0.0068,133.193367,1.0691,8
662,549960900,50,36.741217719842,127.120985901320,51.647403062321,0.0079,0.0068,132.235604,1.0691,8
663,549960950,50,36.741215200661,127.120989230442,51.651293260977,0.0079,0.0068,133.235507,1.0691,8
664,549961000,50,36.741212735084,127.120992610975,51.650055518374,0.0079,0.0068,132.183744,1.0691,8
665,549961050,50,36.741210233657,127.120996008937,51.652614332736,0.0079,0.0068,132.448796,1.0691,8
666,549961100,50,36.741207837439,127.120999443294,51.645880657248,0.0079,0.0068,130.923059,1.0691,8
667,549961150,50,36.741205424372,127.121002905325,51.648774460889,0.0079,0.0068,130.894158,1.0691,8
668,549961200,50,36.741203078812,127.121006388008,51.648257087916,0.0079,0.0068,129.923566,1.0691,8
669,549961250,50,36.741200785173,127.121009926580,51.650791051798,0.0079,0.0068,128.847262,1.0691,8
670,549961300,50,36.741198531551,127.121013507631,51.648683508858,0.0079,0.0068,128.023340,1.0691,8
671,549961350,50,36.741196358871,127.121017133159,51.648684761487,0.0079,0.0068,126.671695,1.0691,8
672,549961400,50,36.741194240026,127.121020839646,51.655243611895,0.0080,0.0068,125.386094,1.0691,8
673,549961450,50,36.741192207246,127.121024558935,51.653861089610,0.0080,0.0068,124.180443,1.0691,8
674,549961500,50,36.741190213145,127.121028339782,51.649443130009,0.0080,0.0068,123.238120,1.0691,8
675,549961550,50,36.741188281600,127.121032185362,51.653219074942,0.0080,0.0068,121.967833,1.0691,8
676,549961600,50,36.741186420436,127.121036038976,51.649259247817,0.0080,0.0068,120.967747,1.0691,8
677,549961650,50,36.741184616971,127.121039973459,51.654268679209,0.0080,0.0068,119.663202,1.0691,8
678,549961700,50,36.741182819256,127.121043902380,51.646760957316,0.0080,0.0068,119.619373,1.0691,8
679,549961750,50,36.741180992451,127.121047792703,51.651445042342,0.0080,0.0068,120.261783,1.0691,8
680,549961800,50,36.741179205813,127.121051723925,51.652997542173,0.0080,0.0068,119.453094,1.0691,8
681,549961850,50,36.741177424931,127.121055649601,51.648387660272,0.0080,0.0068,119.408590,1.0691,8
682,549961900,50,36.741175656057,127.121059588286,51.646004338749,0.0080,0.0068,119.162327,1.0691,8
683,549961950,50,36.741173831363,127.121063477709,51.648772693239,0.0080,0.0068,120.238713,1.0691,8
684,549962000,50,36.741172019688,127.121067384643,51.646158713847,0.0080,0.0068,119.949056,1.0691,8
