0,547841800,50,36.740424301620,127.122900433073,51.638039222918,0.0073,0.0075,53.274990,0.8609,9
1,547841850,50,36.740424287857,127.122900414938,51.636074176058,0.0073,0.0075,226.679961,0.8609,9
2,547841900,50,36.740424299588,127.122900422096,51.638413587585,0.0073,0.0075,26.154705,0.8609,9
3,547841950,50,36.740424289205,127.122900424749,51.638055956922,0.0073,0.0075,168.382072,0.8609,9
4,547842000,50,36.740424293374,127.122900428477,51.634565122426,0.0073,0.0075,35.741796,0.8609,9
5,547842050,50,36.740424284149,127.122900416870,51.638783303089,0.0074,0.0075,225.359965,0.8609,9
6,547842100,50,36.740424282876,127.122900406285,51.636651970446,0.0074,0.0075,261.504040,0.8609,9
7,547842150,50,36.740424283233,127.122900396689,51.640648666769,0.0074,0.0075,272.641104,0.8609,9
8,547842200,50,36.740424286522,127.122900405577,51.639551017433,0.0074,0.0075,65.308163,0.8609,9
9,547842250,50,36.740424299722,127.122900415346,51.640116894618,0.0074,0.0075,30.777843,0.8609,9
10,547842300,50,36.740424290330,127.122900427617,51.637204939499,0.0073,0.0075,30.777843,0.8609,9
11,547842350,50,36.740424295539,127.122900409337,51.633634875529,0.0073,0.0075,289.497249,0.8609,9
12,547842400,50,36.740424300104,127.122900418889,51.638063886203,0.0073,0.0075,59.301008,0.8609,9
13,547842450,50,36.740424272391,127.122900411188,51.634690021165,0.0073,0.0075,192.606723,0.8609,9
14,547842500,50,36.740424296116,127.122900425855,51.635044580325,0.0073,0.0075,26.452605,0.8609,9
15,547842550,50,36.740424279394,127.122900401988,51.635673471726,0.0073,0.0075,228.958923,0.8609,9
16,547842600,50,36.740424277159,127.122900385026,51.639139665291,0.0073,0.0075,260.702014,0.8609,9
17,547842650,50,36.740424305709,127.122900431968,51.638596802019,0.0073,0.0075,52.921722,0.8609,9
18,547842700,50,36.740424288440,127.122900410676,51.635596672073,0.0073,0.0075,224.778365,0.8609,9
19,547842750,50,36.740424303071,127.122900429858,51.637932480313,0.0073,0.0075,46.536653,0.8609,9
20,547842800,50,36.740424316557,127.122900408631,51.636053672992,0.0072,0.0074,46.536653,0.8609,9
21,547842850,50,36.740424287779,127.122900396917,51.637495975010,0.0072,0.0074,198.137494,0.8609,9
22,547842900,50,36.740424316790,127.122900421848,51.638029605150,0.0072,0.0074,34.668447,0.8609,9
23,547842950,50,36.740424302989,127.122900415916,51.637087458745,0.0072,0.0074,199.080541,0.8609,9
24,547843000,50,36.740424320739,127.122900420172,51.639971286058,0.0072,0.0074,10.921642,0.8609,9
25,547843050,50,36.740424299840,127.122900447049,51.636542029679,0.0072,0.0075,134.014004,0.8609,9
26,547843100,50,36.740424312008,127.122900430798,51.638155122288,0.0072,0.0075,312.932730,0.8609,9
27,547843150,50,36.740424309918,127.122900426321,51.639537605457,0.0072,0.0075,239.873648,0.8609,9
28,547843200,50,36.740424307937,127.122900430941,51.637537787668,0.0072,0.0075,118.047066,0.8609,9
29,547843250,50,36.740424293279,127.122900420865,51.639787215739,0.0072,0.0075,208.953424,0.8609,9
30,547843300,50,36.740424294616,127.122900417992,51.640105031431,0.0073,0.0075,300.029928,0.8609,9
31,547843350,50,36.740424296279,127.122900436271,51.640557325445,0.0073,0.0075,83.548703,0.8609,9
32,547843400,50,36.740424288126,127.122900432008,51.636537714861,0.0073,0.0075,202.823787,0.8609,9
33,547843450,50,36.740424321640,127.122900449807,51.636213768274,0.0073,0.0075,23.143725,0.8609,9
34,547843500,50,36.740424306304,127.122900436693,51.637640151195,0.0073,0.0075,214.536684,0.8609,9
35,547843550,50,36.740424293143,127.122900390593,51.637166535482,0.0073,0.0075,250.469043,0.8609,9
36,547843600,50,36.740424290913,127.122900368221,51.632387055084,0.0073,0.0075,262.940308,0.8609,9
37,547843650,50,36.740424327063,127.122900382498,51.638605057262,0.0073,0.0075,17.633728,0.8609,9
38,547843700,50,36.740424340525,127.122900325631,51.639937608503,0.0073,0.0075,286.391168,0.8609,9
39,547843750,50,36.740424346699,127.122900273688,51.631197665818,0.0073,0.0075,286.391168,0.8609,9
40,547843800,50,36.740424385840,127.122900256589,51.632572649047,0.0073,0.0075,340.628910,0.8609,9
41,547843850,50,36.740424377445,127.122900178623,51.632746060379,0.0073,0.0075,262.379184,0.8609,9
42,547843900,50,36.740424399878,127.122900119954,51.629958983511,0.0073,0.0075,295.411869,0.8609,9
43,547843950,50,36.740424417716,127.122900094865,51.628443850204,0.0073,0.0076,311.458444,0.8609,9
44,547844000,50,36.740424463877,127.122900033675,51.634696252644,0.0073,0.0076,313.146935,0.8609,9
45,547844050,50,36.740424473425,127.122899963674,51.627841836773,0.0074,0.0076,279.619561,0.8609,9
46,547844100,50,36.740424519456,127.122899923642,51.633945671842,0.0074,0.0076,325.009752,0.8609,9
47,547844150,50,36.740424511149,127.122899845635,51.626862701960,0.0074,0.0076,262.462991,0.8609,9
48,547844200,50,36.740424532150,127.122899804713,51.626212302595,0.0074,0.0076,302.523282,0.8609,9
49,547844250,50,36.740424547909,127.122899746097,51.623634964228,0.0074,0.0076,288.472434,0.8609,9
50,547844300,50,36.740424573164,127.122899695854,51.627114281990,0.0074,0.0076,301.987237,0.8609,9
51,547844350,50,36.740424592518,127.122899647320,51.625414457172,0.0074,0.0076,296.356641,0.8609,9
52,547844400,50,36.740424606507,127.122899583281,51.630151365884,0.0074,0.0076,285.186026,0.8609,9
53,547844450,50,36.740424615954,127.122899538112,51.626978470944,0.0074,0.0076,284.566280,0.8609,9
54,547844500,50,36.740424637070,127.122899482992,51.629104917869,0.0074,0.0076,295.454209,0.8609,9
55,547844550,50,36.740424650163,127.122899455103,51.631130905822,0.0074,0.0076,300.255545,0.8609,9
56,547844600,50,36.740424653191,127.122899415433,51.632222773507,0.0074,0.0076,275.418580,0.8609,9
57,547844650,50,36.740424676584,127.122899394503,51.636161991395,0.0074,0.0076,324.242964,0.8609,9
58,547844700,50,36.740424674584,127.122899371557,51.635106451809,0.0074,0.0076,263.817631,0.8609,9
59,547844750,50,36.740424704104,127.122899374376,51.636845676228,0.0074,0.0076,4.393676,0.8609,9
60,547844800,50,36.740424677882,127.122899307107,51.641393304802,0.0072,0.0075,4.393676,0.8609,9
61,547844850,50,36.740424679774,127.122899336408,51.640257790685,0.0072,0.0075,85.411635,0.8609,9
62,547844900,50,36.740424693259,127.122899333245,51.641160010360,0.0072,0.0075,349.308288,0.8609,9
63,547844950,50,36.740424695323,127.122899373532,51.639570064843,0.0072,0.0075,86.357171,0.8609,9
64,547845000,50,36.740424696181,127.122899341126,51.645733772777,0.0072,0.0075,271.884128,0.8609,9
65,547845050,50,36.740424684152,127.122899346133,51.642842250876,0.0072,0.0075,161.479523,0.8609,9
66,547845100,50,36.740424688000,127.122899350627,51.639880781993,0.0072,0.0075,43.220733,0.8609,9
67,547845150,50,36.740424701805,127.122899341670,51.642736341804,0.0072,0.0075,332.426860,0.8609,9
68,547845200,50,36.740424698826,127.122899332341,51.643246203661,0.0072,0.0075,248.354517,0.8609,9
69,547845250,50,36.740424700020,127.122899335899,51.641841701232,0.0072,0.0075,67.353637,0.8609,9
70,547845300,50,36.740424703735,127.122899350887,51.639899653383,0.0072,0.0075,72.884301,0.8609,9
71,547845350,50,36.740424683622,127.122899331756,51.646415515803,0.0072,0.0075,217.435372,0.8609,9
72,547845400,50,36.740424693067,127.122899325193,51.643702589907,0.0072,0.0075,330.784722,0.8609,9
73,547845450,50,36.740424704696,127.122899353354,51.639782235026,0.0072,0.0075,62.837875,0.8609,9
74,547845500,50,36.740424694368,127.122899341222,51.647639170289,0.0072,0.0075,223.391604,0.8609,9
75,547845550,50,36.740424692836,127.122899348064,51.639757964760,0.0072,0.0075,105.543842,0.8609,9
76,547845600,50,36.740424704640,127.122899331317,51.646771756932,0.0073,0.0075,311.210031,0.8609,9
77,547845650,50,36.740424695911,127.122899367437,51.639700370841,0.0073,0.0075,106.713368,0.8609,9
78,547845700,50,36.740424694403,127.122899340254,51.642016990110,0.0073,0.0075,266.057248,0.8609,9
79,547845750,50,36.740424686926,127.122899351775,51.645548108965,0.0073,0.0075,128.881240,0.8609,9
80,547845800,50,36.740424683066,127.122899335914,51.642919729464,0.0073,0.0075,253.174534,0.8609,9
81,547845850,50,36.740424701278,127.122899347724,51.647065375932,0.0073,0.0075,27.560676,0.8609,9
82,547845900,50,36.740424678618,127.122899345760,51.641801608726,0.0073,0.0075,183.989957,0.8609,9
83,547845950,50,36.740424661918,127.122899325072,51.644326074980,0.0072,0.0075,183.989957,0.8609,9
84,547846000,50,36.740424668649,127.122899324234,51.644671301357,0.0072,0.0075,354.282203,0.8609,9
85,547846050,50,36.740424700176,127.122899339431,51.647159688175,0.0072,0.0075,21.203184,0.8609,9
86,547846100,50,36.740424703031,127.122899337970,51.646361342631,0.0072,0.0075,337.614171,0.8609,9
87,547846150,50,36.740424689181,127.122899343693,51.644830673002,0.0072,0.0075,161.606256,0.8609,9
88,547846200,50,36.740424685090,127.122899325503,51.643996249884,0.0072,0.0075,254.386656,0.8609,9
89,547846250,50,36.740424707605,127.122899338194,51.644232956693,0.0072,0.0075,24.400205,0.8609,9
90,547846300,50,36.740424677245,127.122899334288,51.641656369902,0.0072,0.0075,185.910671,0.8609,9
91,547846350,50,36.740424697942,127.122899339597,51.645264149643,0.0072,0.0075,11.663483,0.8609,9
92,547846400,50,36.740424703120,127.122899327638,51.650689883158,0.0072,0.0075,298.282250,0.8609,9
93,547846450,50,36.740424708428,127.122899340621,51.644523683935,0.0072,0.0075,63.069284,0.8609,9
94,547846500,50,36.740424699970,127.122899329056,51.645880056545,0.0072,0.0075,227.736542,0.8609,9
95,547846550,50,36.740424684378,127.122899319764,51.643378627487,0.0072,0.0075,205.623486,0.8609,9
96,547846600,50,36.740424704826,127.122899341040,51.645765416324,0.0072,0.0075,39.942049,0.8609,9
97,547846650,50,36.740424706423,127.122899314987,51.648069847375,0.0073,0.0075,274.353630,0.8609,9
98,547846700,50,36.740424721240,127.122899342298,51.647466351278,0.0073,0.0075,56.015928,0.8609,9
99,547846750,50,36.740424696811,127.122899329944,51.642405790277,0.0073,0.0075,202.147561,0.8609,9
100,547846800,50,36.740424701562,127.122899335983,51.646963353269,0.0073,0.0075,45.648706,0.8609,9
101,547846850,50,36.740424696857,127.122899329414,51.642474084161,0.0073,0.0075,228.329822,0.8609,9
102,547846900,50,36.740424728127,127.122899347120,51.647678545676,0.0076,0.0077,24.499574,0.8609,9
103,547846950,50,36.740424713405,127.122899337807,51.637816937640,0.0076,0.0077,206.981307,0.8609,9
104,547847000,50,36.740424703687,127.122899345133,51.645719720982,0.0076,0.0077,148.755975,0.8609,9
105,547847050,50,36.740424702550,127.122899322196,51.641948661767,0.0076,0.0077,266.476594,0.8609,9
106,547847100,50,36.740424710743,127.122899347988,51.643663120456,0.0077,0.0077,68.461413,0.8609,9
107,547847150,50,36.740424705361,127.122899353060,51.642187753692,0.0077,0.0077,142.824452,0.8609,9
108,547847200,50,36.740424679919,127.122899332310,51.642899665050,0.0077,0.0077,213.282421,0.8609,9
109,547847250,50,36.740424689225,127.122899343139,51.636176588945,0.0072,0.0075,213.282422,0.8609,9
110,547847300,50,36.740424702689,127.122899351533,51.639855784364,0.0072,0.0075,26.647273,0.8609,9
111,547847350,50,36.740424691021,127.122899361957,51.637408153154,0.0072,0.0075,144.282875,0.8609,9
112,547847400,50,36.740424689550,127.122899362945,51.636162887327,0.0072,0.0075,151.606147,0.8609,9
113,547847450,50,36.740424685233,127.122899328802,51.641997310333,0.0072,0.0075,261.072163,0.8609,9
114,547847500,50,36.740424690340,127.122899358763,51.636492772959,0.0072,0.0075,78.042492,0.8609,9
115,547847550,50,36.740424703401,127.122899362367,51.640815495513,0.0072,0.0075,12.522698,0.8609,9
116,547847600,50,36.740424704920,127.122899352453,51.641378671862,0.0072,0.0075,280.775987,0.8609,9
117,547847650,50,36.740424696841,127.122899333586,51.636802279390,0.0075,0.0076,280.775987,0.8609,9
118,547847700,50,36.740424691486,127.122899350776,51.640371331014,0.0075,0.0076,111.158064,0.8609,9
119,547847750,50,36.740424689961,127.122899354178,51.636844173074,0.0075,0.0076,119.121667,0.8609,9
120,547847800,50,36.740424686317,127.122899323395,51.638773991726,0.0075,0.0076,261.632844,0.8609,9
121,547847850,50,36.740424680892,127.122899338439,51.641700202599,0.0075,0.0076,114.134029,0.8609,9
122,547847900,50,36.740424682458,127.122899344606,51.639614432119,0.0075,0.0076,72.487284,0.8609,9
123,547847950,50,36.740424686812,127.122899328881,51.637889137492,0.0075,0.0076,288.983147,0.8609,9
124,547848000,50,36.740424709309,127.122899364684,51.640637194738,0.0075,0.0076,52.019414,0.8609,9
125,547848050,50,36.740424713175,127.122899352038,51.642160429619,0.0075,0.0076,290.795928,0.8609,9
126,547848100,50,36.740424684432,127.122899317966,51.639061721042,0.0076,0.0076,223.652651,0.8609,9
127,547848150,50,36.740424703266,127.122899305627,51.640458667651,0.0076,0.0076,332.200549,0.8609,9
128,547848200,50,36.740424720302,127.122899265871,51.644340864383,0.0076,0.0076,298.032123,0.8609,9
129,547848250,50,36.740424732938,127.122899227201,51.637125579640,0.0076,0.0076,292.097577,0.8609,9
130,547848300,50,36.740424761737,127.122899191991,51.641845813021,0.0076,0.0076,315.462455,0.8609,9
131,547848350,50,36.740424762158,127.122899113062,51.640192265622,0.0076,0.0076,270.379692,0.8609,9
132,547848400,50,36.740424790063,127.122899056695,51.640543645248,0.0076,0.0076,301.596407,0.8609,9
133,547848450,50,36.740424823894,127.122898961250,51.641968332231,0.0076,0.0076,293.769500,0.8609,9
134,547848500,50,36.740424841297,127.122898878099,51.638211666606,0.0076,0.0076,284.576972,0.8609,9
135,547848500,50,36.740424841297,127.122898878099,51.638211666606,0.0076,0.0077,284.576972,0.8609,9
136,547848600,50,36.740424921148,127.122898657151,51.639052569866,0.0076,0.0077,285.310571,0.8609,9
137,547848650,50,36.740424971717,127.122898539858,51.641470942646,0.0076,0.0077,298.177638,0.8609,9
138,547848700,50,36.740425019301,127.122898401339,51.636265220121,0.0076,0.0077,293.113857,0.8609,9
139,547848750,50,36.740425057158,127.122898241810,51.636726921424,0.0074,0.0076,293.113857,0.8609,9
140,547848800,50,36.740425123155,127.122898049457,51.638408373110,0.0074,0.0076,293.089031,0.8609,9
141,547848850,50,36.740425219172,127.122897862381,51.629231095314,0.0075,0.0076,302.526725,0.8609,9
142,547848900,50,36.740425292935,127.122897621716,51.628118385561,0.0075,0.0076,290.847881,0.8609,9
143,547848950,50,36.740425365785,127.122897338267,51.630608553998,0.0075,0.0076,287.710556,0.8609,9
144,547849000,50,36.740425461686,127.122897065813,51.636290897615,0.0075,0.0076,293.622260,0.8609,9
145,547849050,50,36.740425562257,127.122896766687,51.631210129708,0.0075,0.0076,292.672669,0.8609,9
146,547849100,50,36.740425707610,127.122896459650,51.631934349425,0.0075,0.0076,300.464684,0.8609,9
147,547849150,50,36.740425845281,127.122896091460,51.634854973294,0.0075,0.0076,294.919040,0.8609,9
148,547849200,50,36.740425980360,127.122895705261,51.636269011535,0.0075,0.0076,293.489210,0.8609,9
149,547849250,50,36.740426141605,127.122895290346,51.629488950595,0.0075,0.0076,295.774306,0.8609,9
150,547849300,50,36.740426296363,127.122894864482,51.633738407865,0.0075,0.0076,294.300413,0.8609,9
151,547849350,50,36.740426449946,127.122894365776,51.646688910201,0.0075,0.0076,290.939189,0.8609,9
152,547849400,50,36.740426630230,127.122893893567,51.633456445299,0.0075,0.0076,295.378616,0.8609,9
153,547849450,50,36.740426797984,127.122893334803,51.638387943618,0.0075,0.0076,290.457055,0.8609,9
154,547849500,50,36.740427026791,127.122892740487,51.636455135420,0.0075,0.0076,295.564511,0.8609,9
155,547849550,50,36.740427230343,127.122892202401,51.641007417813,0.0075,0.0076,295.174835,0.8609,9
156,547849600,50,36.740427446468,127.122891547502,51.627527528442,0.0075,0.0076,292.295819,0.8609,9
157,547849650,50,36.740427688068,127.122890862435,51.639169528149,0.0075,0.0076,293.662621,0.8609,9
158,547849700,50,36.740427927822,127.122890226225,51.634374956600,0.0075,0.0076,295.090738,0.8609,9
159,547849750,50,36.740428223084,127.122889488957,51.633986473083,0.0074,0.0076,295.090737,0.8609,9
160,547849800,50,36.740428447491,127.122888722278,51.636303016916,0.0074,0.0076,289.985461,0.8609,9
161,547849850,50,36.740428742931,127.122887920055,51.630306629464,0.0074,0.0076,294.588249,0.8609,9
162,547849900,50,36.740429077741,127.122887101123,51.637712177821,0.0074,0.0076,296.929871,0.8609,9
163,547849950,50,36.740429397366,127.122886271229,51.635927718133,0.0075,0.0076,295.572981,0.8609,9
164,547850000,50,36.740429726737,127.122885367819,51.635965573601,0.0075,0.0076,294.370656,0.8609,9
165,547850050,50,36.740430021216,127.122884374260,51.622797661461,0.0075,0.0076,290.217045,0.8609,9
166,547850100,50,36.740430398619,127.122883424096,51.644310903735,0.0075,0.0076,296.267340,0.8609,9
167,547850150,50,36.740430737536,127.122882415065,51.627192065120,0.0075,0.0076,292.652714,0.8609,9
168,547850200,50,36.740431138561,127.122881373815,51.630609898828,0.0075,0.0076,295.572931,0.8609,9
169,547850250,50,36.740431486859,127.122880294949,51.631737882271,0.0075,0.0076,291.857116,0.8609,9
170,547850300,50,36.740431904860,127.122879199248,51.629259059206,0.0075,0.0076,295.361342,0.8609,9
171,547850350,50,36.740432319599,127.122878055279,51.635053509846,0.0075,0.0076,294.249878,0.8609,9
172,547850400,50,36.740432739444,127.122876902413,51.632897117175,0.0075,0.0076,294.346407,0.8609,9
173,547850450,50,36.740433158713,127.122875693062,51.633754719980,0.0075,0.0076,293.304690,0.8609,9
174,547850500,50,36.740433611039,127.122874464821,51.636099537835,0.0075,0.0077,294.587959,0.8609,9
175,547850550,50,36.740434073911,127.122873137838,51.631409073249,0.0075,0.0077,293.432275,0.8609,9
176,547850600,50,36.740434555586,127.122871849540,51.624737110920,0.0075,0.0077,294.917484,0.8609,9
177,547850650,50,36.740435049234,127.122870517310,51.632845502347,0.0075,0.0077,294.721542,0.8609,9
178,547850700,50,36.740435525594,127.122869191852,51.631029279903,0.0075,0.0077,294.063126,0.8609,9
179,547850750,50,36.740436026059,127.122867819742,51.627935172990,0.0075,0.0077,294.379799,0.8609,9
180,547850800,50,36.740436556061,127.122866388009,51.626648735255,0.0075,0.0077,294.700351,0.8609,9
181,547850850,50,36.740437069606,127.122864932404,51.625166398473,0.0075,0.0077,293.670978,0.8609,9
182,547850900,50,36.740437580927,127.122863448051,51.627995849587,0.0076,0.0077,293.171538,0.8609,9
183,547850950,50,36.740438152671,127.122861942167,51.634121150710,0.0073,0.0075,293.171531,0.8609,9
184,547851000,50,36.740438700947,127.122860401149,51.621531831101,0.0073,0.0075,293.848853,0.8609,9
185,547851050,50,36.740439285842,127.122858852576,51.637981244363,0.0073,0.0075,295.140491,0.8609,9
186,547851100,50,36.740439840995,127.122857268854,51.625716952607,0.0074,0.0075,293.535331,0.8609,9
187,547851150,50,36.740440422174,127.122855684854,51.625762304291,0.0074,0.0075,294.507563,0.8609,9
188,547851200,50,36.740441012772,127.122854065426,51.630469509400,0.0074,0.0075,294.377105,0.8609,9
189,547851250,50,36.740441634428,127.122852453312,51.631506735459,0.0074,0.0076,295.600576,0.8609,9
190,547851300,50,36.740442216349,127.122850761765,51.630548252724,0.0074,0.0076,293.144045,0.8609,9
191,547851350,50,36.740442834951,127.122849066199,51.628137796186,0.0074,0.0076,294.385346,0.8609,9
192,547851400,50,36.740443470909,127.122847373921,51.628033586778,0.0074,0.0076,295.029576,0.8609,9
193,547851450,50,36.740444080060,127.122845635341,51.628420988098,0.0074,0.0076,293.525568,0.8609,9
194,547851500,50,36.740444671109,127.122843881456,51.629998269491,0.0075,0.0076,292.720013,0.8609,9
195,547851550,50,36.740445340434,127.122842133166,51.632019965909,0.0075,0.0076,295.439953,0.8609,9
196,547851600,50,36.740446016501,127.122840376833,51.634404169396,0.0075,0.0076,295.560952,0.8609,9
197,547851650,50,36.740446642634,127.122838543539,51.631446187384,0.0075,0.0077,292.994481,0.8609,9
198,547851700,50,36.740447326857,127.122836743148,51.619811029173,0.0075,0.0077,295.276985,0.8609,9
199,547851750,50,36.740447995369,127.122834870441,51.627519112080,0.0075,0.0077,293.919546,0.8609,9
200,547851800,50,36.740448654253,127.122832999782,51.620848020539,0.0075,0.0077,293.636043,0.8609,9
201,547851850,50,36.740449332776,127.122831118552,51.626330998726,0.0075,0.0077,294.139556,0.8609,9
202,547851900,50,36.740450043984,127.122829220586,51.626546233892,0.0075,0.0077,294.966492,0.8609,9
203,547851950,50,36.740450745896,127.122827275993,51.628166617826,0.0075,0.0077,294.155838,0.8609,9
204,547852000,50,36.740451429679,127.122825357849,51.620582353324,0.0075,0.0077,293.890156,0.8609,9
205,547852050,50,36.740452132219,127.122823381906,51.625120311975,0.0075,0.0077,293.834469,0.8609,9
206,547852100,50,36.740452863790,127.122821465560,51.622042147443,0.0076,0.0077,295.376562,0.8609,9
207,547852150,50,36.740453616942,127.122819527944,51.627050891519,0.0076,0.0077,295.778948,0.8609,9
208,547852200,50,36.740454293834,127.122817493477,51.628827570006,0.0076,0.0077,292.460161,0.8609,9
209,547852250,50,36.740455068983,127.122815524554,51.621270114556,0.0076,0.0077,296.066383,0.8609,9
210,547852300,50,36.740455784644,127.122813496495,51.625447475351,0.0072,0.0075,296.066368,0.8609,9
211,547852350,50,36.740456529964,127.122811487176,51.629367095418,0.0072,0.0075,294.744368,0.8609,9
212,547852400,50,36.740457253865,127.122809476900,51.624140745029,0.0073,0.0075,294.105144,0.8609,9
213,547852450,50,36.740458019214,127.122807453025,51.629809924401,0.0075,0.0076,295.167394,0.8609,9
214,547852500,50,36.740458758477,127.122805382272,51.623420343734,0.0075,0.0076,293.921085,0.8609,9
215,547852550,50,36.740459518896,127.122803305850,51.623654368334,0.0075,0.0077,294.466889,0.8609,9
216,547852600,50,36.740460290365,127.122801295930,51.623448903672,0.0075,0.0077,295.497175,0.8609,9
217,547852650,50,36.740461046418,127.122799179824,51.628107716329,0.0075,0.0077,293.937941,1.1649,8
218,547852700,50,36.740461831311,127.122797097052,51.628693678416,0.0075,0.0077,295.090947,1.1649,8
219,547852750,50,36.740462639771,127.122794956800,51.624334556051,0.0075,0.0077,295.142903,0.8627,9
220,547852800,50,36.740463403143,127.122792830519,51.623316436075,0.0074,0.0076,295.142882,0.8627,9
221,547852850,50,36.740464204207,127.122790669935,51.622170298360,0.0074,0.0076,294.734442,0.8627,9
222,547852900,50,36.740465002342,127.122788498941,51.626936677843,0.0074,0.0076,294.550544,0.8627,9
223,547852950,50,36.740465835404,127.122786337248,51.621412261389,0.0074,0.0076,295.586671,0.8627,9
224,547853000,50,36.740466673418,127.122784093685,51.630963637494,0.0074,0.0076,294.896126,0.8627,9
225,547853050,50,36.740467480495,127.122781887060,51.622852575034,0.0074,0.0076,294.439475,1.1650,8
226,547853100,50,36.740468321527,127.122779612805,51.624543968588,0.0074,0.0076,294.678234,0.8627,9
227,547853150,50,36.740469160265,127.122777318150,51.631026741117,0.0074,0.0076,294.425690,0.8627,9
228,547853200,50,36.740470042364,127.122775018239,51.623381729238,0.0075,0.0076,295.480077,0.8627,9
229,547853250,50,36.740470922397,127.122772692507,51.626398376189,0.0075,0.0076,295.180764,0.8627,9
230,547853300,50,36.740471809439,127.122770356824,51.628890598193,0.0075,0.0076,295.261685,0.8627,9
231,547853350,50,36.740472710602,127.122767956450,51.626247636043,0.0075,0.0076,295.007739,0.8627,9
232,547853400,50,36.740473598583,127.122765508269,51.626837880351,0.0075,0.0076,294.259782,0.8627,9
233,547853450,50,36.740474494040,127.122763068888,51.628241728060,0.0075,0.0076,294.518049,0.8627,9
234,547853500,50,36.740475448411,127.122760597730,51.624121834524,0.0075,0.0076,295.634663,0.8627,9
235,547853550,50,36.740476376531,127.122758080545,51.629744216800,0.0075,0.0076,294.613993,0.8627,9
236,547853600,50,36.740477340550,127.122755542357,51.630302511156,0.0075,0.0076,295.263299,0.8627,9
237,547853650,50,36.740478248923,127.122752984923,51.625633550808,0.0074,0.0076,295.263275,0.8627,9
238,547853700,50,36.740479226694,127.122750370068,51.629168502986,0.0074,0.0076,294.920162,0.8627,9
239,547853750,50,36.740480215887,127.122747776908,51.627312352881,0.0074,0.0076,295.359634,0.8627,9
240,547853800,50,36.740481209090,127.122745126102,51.627994140610,0.0074,0.0076,294.964060,0.8627,9
241,547853850,50,36.740482199663,127.122742480601,51.621732805856,0.0074,0.0076,294.949872,0.8627,9
242,547853900,50,36.740483223408,127.122739785118,51.627248637378,0.0074,0.0076,295.262946,0.8627,9
243,547853950,50,36.740484243159,127.122737065298,51.630733112805,0.0074,0.0076,294.978909,0.8627,9
244,547854000,50,36.740485273696,127.122734291589,51.631961132400,0.0074,0.0076,294.779948,0.8627,9
245,547854050,50,36.740486306560,127.122731528231,51.628021405078,0.0074,0.0076,294.910906,0.8627,9
246,547854100,50,36.740487354590,127.122728737024,51.630689753219,0.0074,0.0076,295.010639,0.8627,9
247,547854150,50,36.740488413369,127.122725923615,51.632389553823,0.0074,0.0076,295.060753,0.8627,9
248,547854200,50,36.740489486543,127.122723052610,51.629102593288,0.0074,0.0076,294.912439,0.8627,9
249,547854250,50,36.740490576446,127.122720163044,51.629473540001,0.0074,0.0076,295.110544,0.8627,9
250,547854300,50,36.740491681345,127.122717247958,51.634616846219,0.0074,0.0076,295.217978,0.8627,9
251,547854350,50,36.740492771361,127.122714334143,51.628048131242,0.0074,0.0076,294.929320,0.8627,9
252,547854400,50,36.740493914187,127.122711402769,51.631545748562,0.0074,0.0076,294.929320,0.8627,9
253,547854450,50,36.740495048939,127.122708446041,51.637417210266,0.0075,0.0076,295.494616,0.8627,9
254,547854500,50,36.740496203345,127.122705455641,51.630754328333,0.0075,0.0076,295.625033,1.1653,8
255,547854550,50,36.740497319185,127.122702393332,51.629463370889,0.0075,0.0076,294.358434,1.1653,8
256,547854600,50,36.740498548811,127.122699374222,51.621069622226,0.0077,0.0077,296.841818,0.8628,9
257,547854650,50,36.740499700310,127.122696243591,51.624334311113,0.0076,0.0077,296.841788,0.8628,9
258,547854700,50,36.740500872702,127.122693166119,51.629305066541,0.0076,0.0077,295.330417,1.1654,8
259,547854750,50,36.740502083673,127.122690063190,51.626670224592,0.0076,0.0077,295.869311,0.8628,9
260,547854800,50,36.740503285565,127.122686895145,51.629407346249,0.0076,0.0077,295.238448,0.8628,9
261,547854850,50,36.740504511780,127.122683711485,51.627696809359,0.0076,0.0077,295.574159,0.8628,9
262,547854900,50,36.740505705816,127.122680477529,51.619581012055,0.0076,0.0077,294.643726,0.8628,9
263,547854950,50,36.740507001390,127.122677292509,51.630697446875,0.0076,0.0077,296.812884,0.8628,9
264,547855000,50,36.740508214456,127.122674044162,51.629974609241,0.0076,0.0077,294.891581,0.8628,9
265,547855050,50,36.740509475394,127.122670731464,51.625169659033,0.0077,0.0077,295.311704,0.8628,9
266,547855100,50,36.740510756596,127.122667490946,51.624549108557,0.0077,0.0077,296.162678,0.8628,9
267,547855150,50,36.740512063438,127.122664153507,51.623539236374,0.0077,0.0077,295.944408,0.8628,9
268,547855200,50,36.740513369045,127.122660835075,51.626507627778,0.0077,0.0077,296.051981,0.8628,9
269,547855250,50,36.740514661470,127.122657477709,51.629176583141,0.0077,0.0077,295.562191,0.8628,9
270,547855300,50,36.740515930754,127.122654087249,51.629094817676,0.0077,0.0077,294.945929,0.8628,9
271,547855350,50,36.740517255659,127.122650684583,51.623381333426,0.0077,0.0077,295.817775,0.8628,9
272,547855400,50,36.740518584685,127.122647243046,51.626932702027,0.0077,0.0077,295.632849,0.8628,9
273,547855450,50,36.740519962811,127.122643803274,51.620619070716,0.0077,0.0077,296.464439,0.8628,9
274,547855500,50,36.740521290706,127.122640295566,51.624583647586,0.0077,0.0077,295.191026,0.8628,9
275,547855550,50,36.740522643667,127.122636829534,51.619715922512,0.0077,0.0077,295.874044,0.8628,9
276,547855600,50,36.740524015762,127.122633298158,51.629330936819,0.0077,0.0077,295.769950,0.8628,9
277,547855650,50,36.740525406569,127.122629717758,51.621225982904,0.0077,0.0077,295.764546,0.8628,9
278,547855700,50,36.740526788245,127.122626139488,51.628505324945,0.0077,0.0077,295.630394,0.8628,9
279,547855750,50,36.740528196171,127.122622528588,51.624708747491,0.0077,0.0077,295.848775,0.8628,9
280,547855800,50,36.740529632188,127.122618899952,51.624069165438,0.0077,0.0077,296.184290,0.8628,9
281,547855850,50,36.740531045333,127.122615229451,51.621483250521,0.0073,0.0075,296.184254,0.8628,9
282,547855900,50,36.740532486712,127.122611554370,51.632290573791,0.0073,0.0075,295.980816,0.8628,9
283,547855950,50,36.740533936342,127.122607859331,51.624897673726,0.0073,0.0075,295.987431,0.8628,9
284,547856000,50,36.740535373540,127.122604070405,51.622606486082,0.0073,0.0075,295.234735,0.8628,9
285,547856050,50,36.740536872887,127.122600329025,51.628577765077,0.0073,0.0075,296.470294,0.8628,9
286,547856100,50,36.740538350985,127.122596587814,51.626911458559,0.0073,0.0075,296.146406,0.8628,9
287,547856150,50,36.740539814379,127.122592776936,51.626140112057,0.0073,0.0075,295.507259,0.8628,9
288,547856200,50,36.740541333295,127.122588995609,51.627731025219,0.0073,0.0075,296.523993,0.8628,9
289,547856250,50,36.740542851858,127.122585143770,51.625917774625,0.0073,0.0075,296.098108,0.8628,9
290,547856300,50,36.740544377843,127.122581295875,51.631184414029,0.0073,0.0075,296.231890,0.8628,9
291,547856350,50,36.740545874079,127.122577407262,51.628090783022,0.0074,0.0075,295.551883,0.8628,9
292,547856400,50,36.740547471231,127.122573563156,51.625517950393,0.0074,0.0075,297.304666,0.8628,9
293,547856450,50,36.740548993408,127.122569569980,51.621225667186,0.0074,0.0075,295.344129,0.8628,9
294,547856500,50,36.740550564212,127.122565657362,51.629848805256,0.0074,0.0075,296.511605,0.8628,9
295,547856550,50,36.740552137804,127.122561716418,51.624652675353,0.0074,0.0075,296.387313,0.8628,9
296,547856600,50,36.740553719202,127.122557763721,51.630193871446,0.0074,0.0075,296.432293,0.8628,9
297,547856650,50,36.740555283499,127.122553788156,51.628797045909,0.0074,0.0075,296.054157,0.8628,9
298,547856700,50,36.740556884235,127.122549852154,51.629097339697,0.0074,0.0075,296.808386,0.8628,9
299,547856750,50,36.740558447710,127.122545842407,51.630439383909,0.0074,0.0075,295.849297,0.8628,9
300,547856800,50,36.740560066969,127.122541898241,51.627675441094,0.0074,0.0075,297.026566,0.8628,9
301,547856850,50,36.740561652314,127.122537890319,51.627310435288,0.0074,0.0075,296.173251,0.8628,9
302,547856900,50,36.740563252977,127.122533835445,51.621872533113,0.0074,0.0075,296.173251,0.8628,9
303,547856950,50,36.740564874026,127.122529822265,51.628132271580,0.0074,0.0075,296.651702,0.8628,9
304,547857000,50,36.740566499471,127.122525775653,51.625235115178,0.0073,0.0075,296.651660,0.8628,9
305,547857050,50,36.740568136447,127.122521724171,51.620496237651,0.0073,0.0075,296.658063,0.8628,9
306,547857100,50,36.740569768661,127.122517633591,51.621473123319,0.0073,0.0075,296.371562,0.8628,9
307,547857150,50,36.740571399448,127.122513525209,51.627626330592,0.0073,0.0075,296.252796,0.8628,9
308,547857200,50,36.740573053605,127.122509425320,51.626379123889,0.0073,0.0075,296.625090,0.8628,9
309,547857250,50,36.740574732891,127.122505354286,51.618352209218,0.0073,0.0075,297.136656,0.8628,9
310,547857300,50,36.740576412496,127.122501230991,51.623101525940,0.0073,0.0075,296.845489,0.8628,9
311,547857350,50,36.740578055541,127.122497049170,51.622799278237,0.0073,0.0075,296.021040,0.8628,9
312,547857400,50,36.740579758643,127.122492910664,51.626986715943,0.0073,0.0075,297.081922,0.8628,9
313,547857450,50,36.740581447948,127.122488780341,51.625405661762,0.0073,0.0075,296.939240,0.8628,9
314,547857500,50,36.740583149651,127.122484623645,51.620084099472,0.0073,0.0075,296.961173,0.8628,9
315,547857550,50,36.740584823597,127.122480473185,51.623704243451,0.0073,0.0075,296.616668,0.8628,9
316,547857600,50,36.740586515250,127.122476282131,51.622233924456,0.0073,0.0075,296.634808,0.8628,9
317,547857650,50,36.740588213465,127.122472124707,51.627579075284,0.0073,0.0075,296.909658,0.8628,9
318,547857700,50,36.740589923165,127.122467964870,51.619359538890,0.0072,0.0074,296.909611,0.8628,9
319,547857750,50,36.740591636493,127.122463768083,51.629045889713,0.0072,0.0074,296.896592,0.8628,9
320,547857800,50,36.740593355063,127.122459597046,51.626898503862,0.0072,0.0074,297.110039,0.8628,9
321,547857850,50,36.740595094281,127.122455447015,51.626394639723,0.0072,0.0074,297.506914,0.8628,9
322,547857900,50,36.740596787644,127.122451218922,51.622913986444,0.0072,0.0075,296.456367,0.8628,9
323,547857950,50,36.740598495582,127.122447037148,51.626486355439,0.0073,0.0075,296.906596,0.8628,9
324,547858000,50,36.740600230355,127.122442833822,51.626477298327,0.0073,0.0075,297.148958,0.8628,9
325,547858050,50,36.740601963809,127.122438670821,51.620231813751,0.0073,0.0075,297.356048,0.8628,9
326,547858100,50,36.740603693485,127.122434461671,51.624521282502,0.0073,0.0075,297.048414,0.8628,9
327,547858150,50,36.740605422076,127.122430257254,51.625720211305,0.0073,0.0075,297.059965,0.8628,9
328,547858200,50,36.740607173092,127.122426067078,51.632744364440,0.0073,0.0075,297.439725,0.8628,9
329,547858250,50,36.740608922887,127.122421852290,51.633015368134,0.0073,0.0075,297.286425,0.8628,9
330,547858300,50,36.740610659560,127.122417656566,51.626140012406,0.0073,0.0075,297.216601,0.8628,9
331,547858350,50,36.740612397056,127.122413425933,51.627041897736,0.0073,0.0075,297.034976,0.8628,9
332,547858400,50,36.740614166063,127.122409218877,51.629326856695,0.0073,0.0075,297.585305,0.8628,9
333,547858450,50,36.740615907243,127.122404994386,51.629794528708,0.0073,0.0075,297.117901,0.8628,9
334,547858500,50,36.740617677976,127.122400777761,51.628863238730,0.0073,0.0075,297.554840,0.8628,9
335,547858500,50,36.740617677976,127.122400777761,51.628863238730,0.0073,0.0075,297.554840,0.8628,9
336,547858600,50,36.740621214194,127.122392326993,51.632312753238,0.0073,0.0075,297.774063,0.8628,9
337,547858650,50,36.740622995063,127.122388073285,51.630778604187,0.0073,0.0075,297.483274,0.8628,9
338,547858700,50,36.740624779437,127.122383865671,51.633410831913,0.0072,0.0074,297.483224,0.8628,9
339,547858700,50,36.740624779437,127.122383865671,51.629472700879,0.0072,0.0074,297.483224,0.8628,9
340,547858800,50,36.740628343327,127.122375401496,51.634736741893,0.0072,0.0074,297.821932,0.8628,9
341,547858850,50,36.740630119808,127.122371173824,51.628958704881,0.0072,0.0074,297.569467,0.8628,9
342,547858900,50,36.740631895938,127.122366950213,51.630692194216,0.0072,0.0074,297.587432,0.8628,9
343,547858950,50,36.740633692961,127.122362700985,51.629816320725,0.0072,0.0074,297.720476,0.8628,9
344,547859000,50,36.740635512879,127.122358480046,51.627884256653,0.0072,0.0074,298.179235,0.8628,9
345,547859050,50,36.740637294659,127.122354209564,51.637527179904,0.0072,0.0074,297.403010,0.8628,9
346,547859100,50,36.740639071083,127.122349974660,51.632577204145,0.0072,0.0074,297.528579,0.8628,9
347,547859150,50,36.740640903665,127.122345744493,51.633214822970,0.0072,0.0074,298.292703,0.8628,9
348,547859200,50,36.740642711625,127.122341522971,51.639779251069,0.0072,0.0074,298.019036,0.8628,9
349,547859250,50,36.740644513586,127.122337276285,51.635721908882,0.0072,0.0074,297.799414,0.8628,9
350,547859300,50,36.740646325298,127.122333039691,51.635357079096,0.0072,0.0074,297.983627,0.8628,9
351,547859350,50,36.740648119741,127.122328773938,51.636612505652,0.0072,0.0074,297.595220,0.8628,9
352,547859400,50,36.740649947022,127.122324570644,51.628759099171,0.0073,0.0075,298.375918,0.8628,9
353,547859450,50,36.740651756004,127.122320345034,51.629000397399,0.0073,0.0075,298.009479,0.8628,9
354,547859500,50,36.740653586419,127.122316114729,51.627351719886,0.0073,0.0075,298.263651,0.8628,9
355,547859500,50,36.740653586419,127.122316114729,51.627351719886,0.0073,0.0075,298.263651,0.8628,9
356,547859600,50,36.740657251568,127.122307584647,51.633128047921,0.0073,0.0075,298.373726,0.8628,9
357,547859650,50,36.740659083591,127.122303357832,51.632646901533,0.0073,0.0075,298.304393,0.8628,9
358,547859700,50,36.740660870512,127.122299106802,51.621597080491,0.0072,0.0074,298.304343,0.8628,9
359,547859750,50,36.740662711954,127.122294885770,51.624166621827,0.0072,0.0074,298.460028,0.8628,9
360,547859800,50,36.740664552651,127.122290650901,51.631342808716,0.0072,0.0074,298.371854,0.8628,9
361,547859850,50,36.740666371426,127.122286430302,51.626598282717,0.0072,0.0074,298.166189,0.8628,9
362,547859900,50,36.740668211559,127.122282193934,51.627984519117,0.0072,0.0074,298.356037,0.8628,9
363,547859950,50,36.740670053968,127.122277968594,51.621246392839,0.0073,0.0074,298.448152,0.8628,9
364,547860000,50,36.740671899493,127.122273792295,51.627953549847,0.0073,0.0074,298.770054,0.8628,9
365,547860050,50,36.740673727995,127.122269589020,51.621087963693,0.0073,0.0074,298.392015,0.8628,9
366,547860100,50,36.740675564284,127.122265347840,51.624530667439,0.0073,0.0074,298.278853,0.8628,9
367,547860150,50,36.740677385406,127.122261163071,51.623638560064,0.0073,0.0075,298.400864,0.8628,9
368,547860200,50,36.740679220012,127.122256935731,51.629431024194,0.0073,0.0074,298.335116,0.8628,9
369,547860250,50,36.740681068460,127.122252749333,51.633315777406,0.0073,0.0074,298.749940,0.8628,9
370,547860300,50,36.740682928760,127.122248547685,51.626091850922,0.0073,0.0075,298.816549,0.8628,9
371,547860350,50,36.740684764574,127.122244381299,51.628844995983,0.0073,0.0075,298.700039,0.8628,9
372,547860400,50,36.740686606846,127.122240166030,51.632128593512,0.0073,0.0075,298.503710,0.8628,9
373,547860450,50,36.740688440826,127.122235988639,51.628305605613,0.0073,0.0075,298.612330,0.8628,9
374,547860500,50,36.740690279953,127.122231844787,51.624565771781,0.0073,0.0075,298.874790,1.1666,8
375,547860550,50,36.740692088109,127.122227660373,51.630851674825,0.0073,0.0075,298.231954,0.8632,9
376,547860600,50,36.740693950108,127.122223525912,51.629690538161,0.0073,0.0075,299.230596,0.8632,9
377,547860650,50,36.740695779332,127.122219338287,51.631154895760,0.0073,0.0075,298.491036,0.8632,9
378,547860700,50,36.740697623323,127.122215192209,51.630875317380,0.0073,0.0075,298.925804,0.8632,9
379,547860750,50,36.740699451174,127.122211027793,51.622282354161,0.0073,0.0075,298.606650,0.8632,9
380,547860800,50,36.740701283857,127.122206904810,51.626995217055,0.0073,0.0075,298.912116,0.8632,9
381,547860850,50,36.740703124154,127.122202783421,51.631862461567,0.0072,0.0074,298.912066,0.8632,9
382,547860900,50,36.740704946925,127.122198657302,51.636888465844,0.0072,0.0074,298.762366,0.8632,9
383,547860950,50,36.740706793023,127.122194528978,51.634234397672,0.0072,0.0074,299.057752,0.8632,9
384,547861000,50,36.740708631088,127.122190417059,51.638775790110,0.0072,0.0074,299.048525,0.8632,9
385,547861050,50,36.740710492051,127.122186344440,51.633892826736,0.0072,0.0074,299.586296,0.8632,9
386,547861100,50,36.740712322887,127.122182224866,51.631423735060,0.0072,0.0074,298.907671,0.8632,9
387,547861150,50,36.740714160247,127.122178102809,51.635011536069,0.0072,0.0074,298.979373,0.8632,9
388,547861200,50,36.740716024779,127.122174011864,51.644452212378,0.0072,0.0074,299.523021,0.8632,9
389,547861250,50,36.740717859257,127.122169903310,51.639635348693,0.0072,0.0074,299.020950,0.8632,9
390,547861300,50,36.740719684311,127.122165831056,51.641083600931,0.0072,0.0074,299.111576,0.8632,9
391,547861350,50,36.740721558913,127.122161744091,51.639162279665,0.0072,0.0074,299.679520,0.8632,9
392,547861400,50,36.740723406538,127.122157690784,51.642427893355,0.0072,0.0074,299.526318,0.8632,9
393,547861450,50,36.740725300172,127.122153656105,51.642746424302,0.0072,0.0074,300.249178,0.8632,9
394,547861500,50,36.740727199284,127.122149626545,51.642150639556,0.0072,0.0074,300.352950,0.8632,9
395,547861550,50,36.740729025138,127.122145554751,51.646065003239,0.0072,0.0074,299.125008,0.8632,9
396,547861600,50,36.740730749550,127.122141441571,51.649147300050,0.0072,0.0074,297.515677,0.8632,9
397,547861650,50,36.740732443742,127.122137282972,51.646933171898,0.0072,0.0075,296.848375,0.8632,9
398,547861700,50,36.740734073572,127.122133144803,51.645247184671,0.0072,0.0075,296.075746,0.8632,9
399,547861750,50,36.740735623328,127.122128917441,51.644434111193,0.0072,0.0075,294.489732,0.8632,9
400,547861800,50,36.740737198730,127.122124752563,51.647092130035,0.0072,0.0075,295.173270,0.8632,9
401,547861850,50,36.740738805008,127.122120545802,51.652092881501,0.0073,0.0075,295.381289,0.8632,9
402,547861900,50,36.740740439218,127.122116422096,51.647124854848,0.0073,0.0075,296.215954,0.8632,9
403,547861950,50,36.740742127271,127.122112323170,51.644320026040,0.0073,0.0075,297.099061,0.8632,9
404,547861950,50,36.740742127271,127.122112323170,51.644320026040,0.0073,0.0075,297.099061,0.8632,9
405,547862050,50,36.740745682262,127.122104325292,51.642911923118,0.0073,0.0075,299.537272,0.8632,9
406,547862100,50,36.740747516265,127.122100360082,51.640784839168,0.0073,0.0075,299.885787,0.8632,9
407,547862150,50,36.740749443672,127.122096479866,51.642257472500,0.0073,0.0075,301.682624,0.8632,9
408,547862200,50,36.740751376708,127.122092575875,51.637759611011,0.0073,0.0075,301.600924,0.8632,9
409,547862250,50,36.740753316740,127.122088697546,51.642145573162,0.0072,0.0074,301.600874,0.8632,9
410,547862300,50,36.740755215200,127.122084767075,51.644084192812,0.0072,0.0074,300.970092,0.8632,9
411,547862350,50,36.740757064763,127.122080836858,51.635097906925,0.0072,0.0074,300.316137,0.8632,9
412,547862400,50,36.740758863067,127.122076849676,51.643373915926,0.0072,0.0074,299.266391,0.8632,9
413,547862450,50,36.740760599193,127.122072863575,51.635741501115,0.0072,0.0075,298.421059,0.8632,9
414,547862500,50,36.740762283318,127.122068868637,51.644318520091,0.0072,0.0075,297.645677,0.8632,9
415,547862550,50,36.740763917478,127.122064823668,51.640460873023,0.0072,0.0075,296.655547,0.8632,9
416,547862600,50,36.740765492105,127.122060756563,51.640274328180,0.0073,0.0075,295.690185,0.8632,9
417,547862650,50,36.740767020508,127.122056647195,51.639375684783,0.0073,0.0075,294.803188,0.8632,9
418,547862700,50,36.740768630348,127.122052590556,51.644650958478,0.0073,0.0075,296.247122,0.8632,9
419,547862750,50,36.740770212448,127.122048530540,51.642286540009,0.0073,0.0075,295.835503,0.8632,9
420,547862800,50,36.740771857287,127.122044526995,51.639122204855,0.0071,0.0074,295.835454,0.8632,9
421,547862850,50,36.740773559916,127.122040547746,51.634076962247,0.0071,0.0074,297.997127,0.8632,9
422,547862900,50,36.740775297434,127.122036643929,51.641367642209,0.0071,0.0074,298.943578,0.8632,9
423,547862950,50,36.740777082308,127.122032779000,51.639918057248,0.0071,0.0074,299.847697,0.8632,9
424,547863000,50,36.740778950897,127.122028937839,51.640228039585,0.0071,0.0074,301.150498,0.8632,9
425,547863050,50,36.740780832098,127.122025174821,51.638539238833,0.0071,0.0074,301.846809,0.8632,9
426,547863100,50,36.740782776174,127.122021443934,51.644891004078,0.0071,0.0074,302.920922,0.8632,9
427,547863150,50,36.740784659729,127.122017608937,51.643087023869,0.0071,0.0074,301.394145,0.8632,9
428,547863200,50,36.740786514027,127.122013810110,51.643452072516,0.0071,0.0074,301.236950,0.8632,9
429,547863250,50,36.740788350035,127.122009971729,51.640679424629,0.0071,0.0074,300.724399,0.8632,9
430,547863300,50,36.740790125128,127.122006115389,51.635108710267,0.0071,0.0074,299.766893,0.8632,9
431,547863350,50,36.740791868448,127.122002233445,51.642535188235,0.0071,0.0074,299.161350,0.8632,9
432,547863400,50,36.740793555856,127.121998339132,51.645712969825,0.0071,0.0074,298.297345,0.8632,9
433,547863450,50,36.740795187766,127.121994376180,51.643731052987,0.0071,0.0074,297.096986,0.8632,9
434,547863500,50,36.740796757086,127.121990434086,51.645531412214,0.0071,0.0074,296.318779,0.8632,9
435,547863550,50,36.740798287841,127.121986423594,51.649083930068,0.0072,0.0074,295.372877,0.8632,9
436,547863600,50,36.740799865586,127.121982484165,51.644757383503,0.0072,0.0074,296.456355,0.8632,9
437,547863650,50,36.740801446233,127.121978530684,51.647208523005,0.0072,0.0074,296.417010,0.8632,9
438,547863700,50,36.740803082712,127.121974616196,51.646740332246,0.0072,0.0074,297.449374,0.8632,9
439,547863750,50,36.740804769114,127.121970752277,51.647667833604,0.0072,0.0074,298.470825,0.8632,9
440,547863800,50,36.740806495850,127.121966914125,51.640713162720,0.0067,0.0071,298.470777,0.8632,9
441,547863850,50,36.740808302178,127.121963103617,51.644759654999,0.0067,0.0071,300.498175,0.8632,9
442,547863900,50,36.740810140790,127.121959363094,51.640439050272,0.0067,0.0071,301.414338,0.8632,9
443,547863950,50,36.740812067573,127.121955673964,51.644828720950,0.0067,0.0071,302.981608,0.8632,9
444,547864000,50,36.740813948415,127.121951949170,51.645935770124,0.0067,0.0071,302.104677,0.8632,9
445,547864050,50,36.740815845313,127.121948232067,51.646476247348,0.0067,0.0071,302.377883,0.8632,9
446,547864100,50,36.740817704111,127.121944527570,51.643540805206,0.0067,0.0071,301.941744,0.8632,9
447,547864150,50,36.740819540063,127.121940746164,51.650321685709,0.0067,0.0071,301.101305,0.8632,9
448,547864200,50,36.740821269002,127.121936961154,51.644162039272,0.0067,0.0071,299.577754,0.8632,9
449,547864250,50,36.740823026138,127.121933155435,51.644041328691,0.0067,0.0071,299.842159,0.8632,9
450,547864300,50,36.740824674364,127.121929327976,51.638311599381,0.0067,0.0071,298.149865,0.8632,9
451,547864350,50,36.740826305783,127.121925418211,51.641930920072,0.0067,0.0071,297.405095,0.8632,9
452,547864400,50,36.740827890574,127.121921515024,51.646743583493,0.0067,0.0071,296.770700,0.8632,9
453,547864450,50,36.740829463198,127.121917607783,51.648033325560,0.0067,0.0071,296.569722,0.8632,9
454,547864500,50,36.740831036331,127.121913672447,51.646460590884,0.0067,0.0071,296.413234,0.8632,9
455,547864550,50,36.740832664156,127.121909815838,51.646886809729,0.0067,0.0071,297.674864,0.8632,9
456,547864600,50,36.740834320569,127.121905935883,51.648653712124,0.0067,0.0071,297.943790,0.8632,9
457,547864650,50,36.740836015150,127.121902082459,51.649282930419,0.0067,0.0071,298.652673,0.8632,9
458,547864700,50,36.740837768771,127.121898302803,51.647475422360,0.0067,0.0071,299.962770,0.8632,9
459,547864750,50,36.740839579289,127.121894553419,51.642723328434,0.0067,0.0071,300.963504,0.8632,9
460,547864800,50,36.740841447252,127.121890830611,51.635554067791,0.0066,0.0070,300.963457,0.8632,9
461,547864850,50,36.740843383449,127.121887174765,51.638623842038,0.0066,0.0070,303.347291,0.8632,9
462,547864900,50,36.740845300216,127.121883502995,51.638465386815,0.0066,0.0070,302.968659,0.8632,9
463,547864950,50,36.740847222808,127.121879815419,51.643944726326,0.0066,0.0070,302.935672,0.8632,9
464,547865000,50,36.740849102407,127.121876089803,51.642529978417,0.0066,0.0070,302.081948,0.8632,9
465,547865050,50,36.740850949779,127.121872328428,51.645325807855,0.0066,0.0070,301.393834,0.8632,9
466,547865100,50,36.740852737373,127.121868539377,51.641243658029,0.0066,0.0070,300.378601,0.8632,9
467,547865150,50,36.740854521873,127.121864732199,51.642046982422,0.0066,0.0070,300.216265,0.8632,9
468,547865150,50,36.740854521873,127.121864732199,51.642046982422,0.0066,0.0070,300.216265,0.8632,9
469,547865250,50,36.740857899211,127.121856948100,51.635717110708,0.0066,0.0070,297.679204,0.8632,9
470,547865300,50,36.740859550458,127.121852973028,51.641438426450,0.0066,0.0070,297.300248,0.8632,9
471,547865350,50,36.740861177646,127.121849027988,51.641403677873,0.0066,0.0070,297.134939,0.8632,9
472,547865400,50,36.740862781274,127.121845035451,51.636448082514,0.0066,0.0070,297.134939,0.8632,9
473,547865450,50,36.740864459386,127.121841093680,51.642459257506,0.0067,0.0070,297.877631,0.8632,9
474,547865500,50,36.740866179427,127.121837193135,51.640566887334,0.0067,0.0071,298.719230,0.8632,9
475,547865550,50,36.740867950313,127.121833312633,51.636863152497,0.0067,0.0071,299.554578,0.8632,9
476,547865600,50,36.740869785799,127.121829465994,51.637233573012,0.0067,0.0070,300.663252,0.8632,9
477,547865650,50,36.740871667702,127.121825621775,51.636758454144,0.0067,0.0070,301.310699,0.8632,9
478,547865700,50,36.740873616113,127.121821866299,51.639397893101,0.0067,0.0071,301.310699,0.8632,9
479,547865750,50,36.740875573398,127.121818092668,51.634203570895,0.0067,0.0071,302.800330,0.8632,9
480,547865800,50,36.740877587041,127.121814352871,51.639314748347,0.0067,0.0071,302.800330,0.8632,9
481,547865850,50,36.740879584427,127.121810562804,51.647258804180,0.0067,0.0071,303.217421,0.8632,9
482,547865900,50,36.740881557688,127.121806756204,51.645988442935,0.0067,0.0071,302.785483,0.8632,9
483,547865950,50,36.740883498212,127.121802872247,51.646322648972,0.0067,0.0071,301.831850,0.8632,9
484,547865950,50,36.740883498212,127.121802872247,51.646322648972,0.0067,0.0071,301.831850,0.8632,9
485,547866050,50,36.740887226188,127.121795050224,51.646839908324,0.0066,0.0070,300.226142,0.8632,9
486,547866100,50,36.740889021242,127.121791042216,51.651149567217,0.0066,0.0070,299.095234,0.8632,9
487,547866150,50,36.740890776778,127.121787022358,51.650435643271,0.0066,0.0070,298.485534,0.8632,9
488,547866200,50,36.740892483046,127.121782958985,51.643467415124,0.0066,0.0070,298.485534,0.8632,9
489,547866250,50,36.740894189179,127.121778898799,51.647436114028,0.0066,0.0070,297.569998,0.8632,9
490,547866300,50,36.740895897637,127.121774799427,51.652237080969,0.0066,0.0070,297.376669,0.8632,9
491,547866350,50,36.740897646325,127.121770695876,51.652955587022,0.0066,0.0070,297.900706,0.8632,9
492,547866400,50,36.740899442316,127.121766647896,51.651527645998,0.0066,0.0070,297.900706,0.8632,9
493,547866450,50,36.740901294017,127.121762629881,51.650341314264,0.0066,0.0070,299.796154,0.8632,9
494,547866500,50,36.740903220590,127.121758661037,51.656309060752,0.0066,0.0070,299.796154,0.8632,9
495,547866550,50,36.740905193010,127.121754750353,51.656513755210,0.0066,0.0070,302.074842,0.8632,9
496,547866600,50,36.740907246893,127.121750831760,51.654816090129,0.0066,0.0070,303.074304,0.8632,9
497,547866650,50,36.740909344974,127.121746940464,51.656320734881,0.0066,0.0070,303.819488,0.8632,9
498,547866700,50,36.740911436274,127.121743089775,51.655400170945,0.0066,0.0070,304.011907,0.8632,9
499,547866750,50,36.740913555820,127.121739190038,51.655404117890,0.0066,0.0070,304.032080,0.8632,9
500,547866800,50,36.740915609954,127.121735270966,51.654025395401,0.0066,0.0070,304.032080,0.8632,9
501,547866850,50,36.740917651531,127.121731325031,51.658559093252,0.0066,0.0070,302.735574,0.8632,9
502,547866850,50,36.740917651531,127.121731325031,51.658559093252,0.0066,0.0070,302.735574,0.8632,9
503,547866950,50,36.740921580357,127.121723280154,51.654220648110,0.0067,0.0070,301.152885,0.8632,9
504,547866950,50,36.740921580357,127.121723280154,51.654220648110,0.0067,0.0070,301.152885,0.8632,9
505,547867050,50,36.740925249792,127.121715012183,51.650917869061,0.0066,0.0070,299.788183,0.8632,9
506,547867100,50,36.740927036595,127.121710855263,51.652804237790,0.0066,0.0070,298.105925,0.8632,9
507,547867150,50,36.740928787012,127.121706651867,51.655737602152,0.0066,0.0070,297.358072,0.8632,9
508,547867150,50,36.740928787012,127.121702505551,51.655086924322,0.0066,0.0070,297.358072,0.8632,9
509,547867250,50,36.740932365319,127.121698321087,51.653808332980,0.0066,0.0070,298.089497,0.8632,9
510,547867300,50,36.740934245478,127.121694210938,51.656165552326,0.0066,0.0070,299.613177,0.8632,9
511,547867350,50,36.740936164371,127.121690105487,51.655156094581,0.0066,0.0070,300.146156,0.8632,9
512,547867400,50,36.740938150205,127.121686044342,51.651893930510,0.0066,0.0070,301.281748,0.8632,9
513,547867450,50,36.740940186722,127.121681998919,51.656253299676,0.0066,0.0070,302.026045,0.8632,9
514,547867500,50,36.740942269339,127.121678050695,51.650341926143,0.0066,0.0070,303.241174,0.8632,9
515,547867550,50,36.740944417326,127.121674129368,51.649449715391,0.0066,0.0070,304.239880,0.8632,9
516,547867600,50,36.740946555048,127.121670187351,51.656374563463,0.0066,0.0070,303.972465,0.8632,9
517,547867650,50,36.740948726443,127.121666261750,51.653806776740,0.0066,0.0070,303.972417,0.8632,9
518,547867700,50,36.740950835362,127.121662294853,51.655300185084,0.0066,0.0070,303.447179,0.8632,9
519,547867750,50,36.740952916864,127.121658273154,51.655805579387,0.0066,0.0070,302.744618,0.8632,9
520,547867800,50,36.740954958599,127.121654246643,51.659023747779,0.0066,0.0070,302.212950,0.8632,9
521,547867850,50,36.740956944132,127.121650147619,51.661074811593,0.0066,0.0070,301.042344,0.8632,9
522,547867850,50,36.740958860157,127.121646023365,51.661225831136,0.0066,0.0070,301.042344,0.8632,9
523,547867950,50,36.740960730074,127.121641870077,51.662248650566,0.0066,0.0070,299.223307,0.8632,9
524,547868000,50,36.740962553787,127.121637657476,51.662491595373,0.0066,0.0070,298.276297,0.8632,9
525,547868050,50,36.740964362461,127.121633472111,51.664553904906,0.0066,0.0070,298.233421,0.8632,9
526,547868100,50,36.740966177684,127.121629284769,51.659801563248,0.0066,0.0070,298.308527,0.8632,9
527,547868150,50,36.740968033214,127.121625114586,51.663801384158,0.0066,0.0070,298.936562,0.8632,9
528,547868200,50,36.740969948832,127.121620965307,51.665462407283,0.0066,0.0070,299.840378,0.8632,9
529,547868250,50,36.740971911340,127.121616855273,51.663278480060,0.0066,0.0070,300.680427,0.8632,9
530,547868300,50,36.740973936542,127.121612786561,51.661463326775,0.0066,0.0070,301.735387,0.8632,9
531,547868350,50,36.740976020666,127.121608732788,51.667649384588,0.0066,0.0070,302.570648,0.8632,9
532,547868400,50,36.740978179923,127.121604805058,51.663621129468,0.0066,0.0070,304.335937,0.8632,9
533,547868450,50,36.740980345968,127.121600869674,51.668726671487,0.0066,0.0070,304.367743,0.8632,9
534,547868500,50,36.740982550545,127.121596995210,51.667439552024,0.0066,0.0070,305.260234,0.8632,9
535,547868550,50,36.740984723249,127.121593082625,51.664341671392,0.0066,0.0070,304.605206,0.8632,9
536,547868600,50,36.740986866734,127.121589134418,51.660006850027,0.0066,0.0070,304.002302,0.8632,9
537,547868650,50,36.740988967361,127.121585135454,51.660660532303,0.0066,0.0070,303.132043,0.8632,9
538,547868700,50,36.740991015682,127.121581110875,51.667916063219,0.0066,0.0070,303.131994,0.8632,9
539,547868750,50,36.740993050106,127.121577060553,51.668749024160,0.0066,0.0070,301.968392,0.8632,9
540,547868800,50,36.740994968031,127.121572957345,51.663015322760,0.0066,0.0070,300.147200,0.8632,9
541,547868850,50,36.740996859289,127.121568790679,51.667232289910,0.0066,0.0070,299.422274,0.8632,9
542,547868900,50,36.740998712634,127.121564624564,51.668570248410,0.0066,0.0070,298.931645,0.8632,9
543,547868950,50,36.741000526716,127.121560438328,51.665592232719,0.0066,0.0070,298.299808,0.8632,9
544,547869000,50,36.741002395106,127.121556250137,51.663819418289,0.0066,0.0070,298.999644,0.8632,9
545,547869050,50,36.741004257306,127.121552109640,51.664658029564,0.0066,0.0070,299.197687,0.8632,9
546,547869100,50,36.741006184268,127.121548050805,51.666228909977,0.0066,0.0070,300.536226,0.8632,9
547,547869150,50,36.741008179920,127.121543956787,51.671331394464,0.0066,0.0070,301.202236,0.8632,9
548,547869200,50,36.741010189537,127.121539953336,51.668146862648,0.0066,0.0070,301.952231,0.8632,9
549,547869250,50,36.741012306997,127.121536014413,51.666888942011,0.0066,0.0070,303.740846,0.8632,9
550,547869300,50,36.741014475066,127.121532116936,51.664656522684,0.0066,0.0070,304.651636,0.8632,9
551,547869350,50,36.741016677027,127.121528245317,51.668355985545,0.0066,0.0070,305.248005,0.8632,9
552,547869400,50,36.741018865967,127.121524371937,51.671961675398,0.0067,0.0070,305.075769,0.8632,9
553,547869450,50,36.741021087946,127.121520504309,51.669101990759,0.0067,0.0070,305.520701,0.8632,9
554,547869500,50,36.741023234702,127.121516582553,51.667154657654,0.0067,0.0070,304.221718,0.8632,9
555,547869550,50,36.741025353908,127.121512644926,51.674386532977,0.0067,0.0070,303.771377,0.8632,9
556,547869600,50,36.741027423121,127.121508670138,51.676091318950,0.0067,0.0070,302.896357,0.8632,9
557,547869650,50,36.741029439733,127.121504678577,51.679692185484,0.0067,0.0070,302.118423,0.8632,9
558,547869700,50,36.741031399072,127.121500635183,51.673812579364,0.0067,0.0070,302.118374,0.8632,9
559,547869750,50,36.741033269537,127.121496539275,51.676766953431,0.0067,0.0070,299.571383,0.8632,9
560,547869800,50,36.741035082159,127.121492395902,51.682860072702,0.0066,0.0070,298.527295,0.8632,9
561,547869850,50,36.741036955628,127.121488261142,51.682988449000,0.0066,0.0070,299.379080,0.8632,9
562,547869900,50,36.741038822205,127.121484167845,51.680205627345,0.0067,0.0070,299.535909,0.8632,9
563,547869950,50,36.741040706828,127.121480094276,51.679105156101,0.0066,0.0070,299.892405,0.8632,9
564,547870000,50,36.741042670256,127.121476060180,51.679469031282,0.0067,0.0070,301.163315,0.8632,9
565,547870050,50,36.741044686433,127.121472042712,51.677708448842,0.0067,0.0070,301.946152,0.8632,9
566,547870100,50,36.741046709352,127.121468114560,51.678920537233,0.0067,0.0070,302.614149,0.8632,9
567,547870150,50,36.741048775344,127.121464248165,51.677234905772,0.0067,0.0070,303.581663,0.8632,9
568,547870200,50,36.741050936185,127.121460441853,51.679643793963,0.0066,0.0070,305.198380,0.8632,9
569,547870250,50,36.741053103831,127.121456617924,51.681975937448,0.0066,0.0070,305.158627,0.8632,9
570,547870300,50,36.741055280760,127.121452861293,51.677457785234,0.0066,0.0070,305.755005,0.8632,9
571,547870350,50,36.741057488807,127.121449028956,51.678351783194,0.0067,0.0070,305.598698,0.8632,9
572,547870400,50,36.741059645036,127.121445199222,51.683876714669,0.0067,0.0070,304.975483,0.8632,9
573,547870450,50,36.741061724309,127.121441316577,51.682091426104,0.0067,0.0070,303.640165,0.8632,9
574,547870500,50,36.741063752419,127.121437397393,51.682954031974,0.0067,0.0071,302.740405,0.8632,9
575,547870550,50,36.741065785073,127.121433457670,51.690524016507,0.0067,0.0071,302.662553,0.8632,9
576,547870600,50,36.741067719830,127.121429472414,51.690878404304,0.0067,0.0071,301.099199,0.8632,9
577,547870650,50,36.741069617311,127.121425473859,51.691182264127,0.0067,0.0071,300.524884,0.8632,9
578,547870700,50,36.741071472159,127.121421422253,51.695766688325,0.0067,0.0071,299.632735,0.8632,9
579,547870750,50,36.741073328406,127.121417402734,51.691234275699,0.0067,0.0071,299.847580,0.8632,9
580,547870800,50,36.741075183751,127.121413359628,51.689585929736,0.0067,0.0071,299.691091,0.8632,9
581,547870850,50,36.741077125593,127.121409386998,51.689745453186,0.0067,0.0071,301.272518,0.8632,9
582,547870900,50,36.741079047091,127.121405448958,51.691259737127,0.0070,0.0072,301.272470,0.8632,9
583,547870950,50,36.741081028146,127.121401536495,51.685432506725,0.0070,0.0072,302.175866,0.9557,8
584,547871000,50,36.741083086487,127.121397696161,51.690253980458,0.0070,0.0072,303.662322,0.8638,9
585,547871050,50,36.741085175501,127.121393924604,51.683781371452,0.0070,0.0072,304.536407,0.8638,9
586,547871100,50,36.741087337310,127.121390172400,51.685848187655,0.0070,0.0072,305.597833,0.8638,9
587,547871150,50,36.741089502544,127.121386459521,51.680845362134,0.0070,0.0072,305.927126,0.8638,9
588,547871200,50,36.741091682851,127.121382741845,51.685705028474,0.0070,0.0072,306.080967,0.8638,9
589,547871250,50,36.741093880074,127.121379015726,51.684865901247,0.0070,0.0072,306.229981,0.8638,9
590,547871300,50,36.741096034983,127.121375248472,51.687654204667,0.0071,0.0072,305.402828,0.8638,9
591,547871350,50,36.741098143842,127.121371475503,51.690246706828,0.0071,0.0072,304.779790,0.8638,9
592,547871400,50,36.741100185379,127.121367659625,51.687165667303,0.0071,0.0072,303.614567,0.8638,9
593,547871450,50,36.741102182145,127.121363804276,51.690381389111,0.0071,0.0072,302.762480,0.8638,9
594,547871500,50,36.741104111000,127.121359893236,51.692487392575,0.0071,0.0072,301.499605,0.8638,9
595,547871550,50,36.741106031711,127.121355992281,51.695288422517,0.0071,0.0072,301.457524,0.8638,9
596,547871600,50,36.741107877787,127.121352053275,51.693952403031,0.0071,0.0072,300.213477,0.8638,9
597,547871650,50,36.741109712296,127.121348102106,51.698323627003,0.0071,0.0072,299.980604,0.8638,9
598,547871700,50,36.741111600932,127.121344165026,51.696966020390,0.0071,0.0072,300.796875,0.8638,9
599,547871750,50,36.741113476582,127.121340253022,51.691684270278,0.0071,0.0072,300.784024,0.8638,9
600,547871800,50,36.741115413069,127.121336350296,51.693093505688,0.0071,0.0072,301.654937,0.8638,9
601,547871850,50,36.741117412222,127.121332551136,51.704675962217,0.0071,0.0072,303.177818,0.8638,9
602,547871900,50,36.741119458085,127.121328807266,51.690742527135,0.0071,0.0072,304.175993,0.8638,9
603,547871950,50,36.741121556330,127.121325097707,51.703104218468,0.0071,0.0072,305.100033,0.8638,9
604,547872000,50,36.741123710131,127.121321450029,51.694913602434,0.0071,0.0073,306.265993,0.8638,9
605,547872050,50,36.741125861137,127.121317798613,51.691122788005,0.0071,0.0073,306.265993,0.8638,9
606,547872100,50,36.741128040833,127.121314193103,51.695337688550,0.0071,0.0073,306.912570,0.8638,9
607,547872150,50,36.741130186713,127.121310511743,51.700483170338,0.0070,0.0072,306.912523,0.8638,9
608,547872200,50,36.741132343176,127.121306864234,51.704578219913,0.0070,0.0072,306.301002,0.8638,9
609,547872250,50,36.741134422755,127.121303130017,51.708032984287,0.0070,0.0072,306.301002,0.8638,9
610,547872300,50,36.741136485874,127.121299421278,51.699646776542,0.0071,0.0072,304.652188,0.8638,9
611,547872350,50,36.741138466299,127.121295628881,51.706238819286,0.0071,0.0072,302.977860,0.8638,9
612,547872400,50,36.741140424242,127.121291771371,51.705845710821,0.0071,0.0072,302.238178,0.8638,9
613,547872400,50,36.741140424242,127.121287904431,51.710948651657,0.0071,0.0072,302.238178,0.8638,9
614,547872500,50,36.741144134165,127.121284035266,51.712285897695,0.0071,0.0072,300.957514,0.8638,9
615,547872500,50,36.741144134165,127.121284035266,51.712285897695,0.0071,0.0072,300.957514,0.8638,9
616,547872600,50,36.741147865742,127.121276279557,51.710583043285,0.0071,0.0072,300.898629,0.8638,9
617,547872650,50,36.741149818572,127.121272448613,51.713756215759,0.0070,0.0072,300.898583,0.8638,9
618,547872700,50,36.741151714088,127.121268604304,51.709397154860,0.0070,0.0072,301.493820,0.8638,9
619,547872750,50,36.741153729844,127.121264916125,51.713319293223,0.0071,0.0073,304.180246,0.8638,9
620,547872800,50,36.741155743808,127.121261172398,51.705111150630,0.0071,0.0073,303.759752,0.8638,9
621,547872850,50,36.741157856799,127.121257578938,51.705365319736,0.0071,0.0073,306.152495,0.8638,9
622,547872900,50,36.741160009934,127.121253969858,51.709674148820,0.0071,0.0073,306.548653,0.8638,9
623,547872900,50,36.741160009934,127.121250389611,51.707728607580,0.0071,0.0073,306.548653,0.8638,9
624,547873000,50,36.741164385580,127.121246821356,51.703091613948,0.0072,0.0073,307.448702,0.8638,9
625,547873050,50,36.741166550268,127.121243219323,51.712103168480,0.0072,0.0073,306.749111,0.8638,9
626,547873100,50,36.741168718445,127.121239619698,51.705078198574,0.0072,0.0073,306.811760,0.8638,9
627,547873150,50,36.741170767589,127.121235984340,51.701316725463,0.0072,0.0073,305.006434,0.8638,9
628,547873200,50,36.741172851981,127.121232267838,51.710296331905,0.0072,0.0073,304.871388,0.8638,9
629,547873250,50,36.741174829059,127.121228578356,51.707810058258,0.0072,0.0073,303.656889,0.8638,9
630,547873300,50,36.741176753007,127.121224809510,51.705092360266,0.0072,0.0073,302.386695,0.8638,9
631,547873350,50,36.741178638355,127.121221016903,51.703670472838,0.0072,0.0073,301.702541,0.8638,9
632,547873400,50,36.741180464811,127.121217197070,51.704801363871,0.0072,0.0073,300.715184,0.8638,9
633,547873450,50,36.741182344410,127.121213358536,51.711183289997,0.0072,0.0073,301.317280,0.8638,9
634,547873500,50,36.741184215464,127.121209536348,51.709408991039,0.0072,0.0073,301.309927,0.8638,9
635,547873500,50,36.741184215464,127.121209536348,51.709408991039,0.0072,0.0073,301.309927,0.8638,9
636,547873600,50,36.741188111100,127.121202004643,51.706372551620,0.0072,0.0073,302.815180,0.8638,9
637,547873650,50,36.741190152178,127.121198328621,51.713263219222,0.0071,0.0072,302.815135,0.8638,9
638,547873700,50,36.741192172972,127.121194669092,51.714701293036,0.0071,0.0072,304.454913,0.8638,9
639,547873750,50,36.741194344464,127.121191084268,51.714276810177,0.0071,0.0072,306.967099,0.8638,9
640,547873800,50,36.741196484232,127.121187566946,51.718924907036,0.0071,0.0072,307.085339,0.8638,9
641,547873850,50,36.741198685764,127.121184046929,51.720684964210,0.0071,0.0072,307.851327,0.8638,9
642,547873900,50,36.741200884067,127.121180523597,51.716774048284,0.0071,0.0072,307.784465,0.8638,9
643,547873950,50,36.741203044172,127.121176979265,51.725477945060,0.0071,0.0072,307.135237,0.8638,9
644,547874000,50,36.741205170313,127.121173351604,51.721819652244,0.0071,0.0072,306.063375,0.8638,9
645,547874050,50,36.741207289902,127.121169799422,51.728408630937,0.0071,0.0072,306.553824,0.8638,9
646,547874100,50,36.741209339072,127.121166143621,51.725877276622,0.0071,0.0072,304.855953,0.8638,9
647,547874150,50,36.741211306537,127.121162433699,51.727253480814,0.0071,0.0072,303.382594,0.8638,9
648,547874200,50,36.741213291548,127.121158709881,51.724848289974,0.0071,0.0072,303.518049,0.8638,9
649,547874250,50,36.741215178758,127.121154878530,51.724673898891,0.0071,0.0072,301.467959,0.8638,9
650,547874300,50,36.741217055069,127.121151083807,51.726004741155,0.0071,0.0072,301.565340,0.8638,9
651,547874350,50,36.741218952459,127.121147336653,51.721594717354,0.0071,0.0073,302.176447,0.8638,9
652,547874400,50,36.741220825109,127.121143527094,51.728375541978,0.0071,0.0073,301.415910,0.8638,9
653,547874450,50,36.741222754161,127.121139819046,51.728016643785,0.0071,0.0073,302.878812,0.8638,9
654,547874500,50,36.741224711159,127.121136113222,51.728660052642,0.0071,0.0073,303.271392,0.8638,9
655,547874550,50,36.741226748923,127.121132475308,51.728731301613,0.0071,0.0073,304.837791,0.8638,9
656,547874600,50,36.741228812127,127.121128856165,51.727317407727,0.0071,0.0073,305.311514,0.8638,9
657,547874650,50,36.741230962926,127.121125317030,51.723032818176,0.0071,0.0072,305.311470,0.8638,9
658,547874700,50,36.741233149552,127.121121813739,51.721973949112,0.0071,0.0072,307.794960,0.8638,9
659,547874750,50,36.741235358729,127.121118297415,51.735277262516,0.0071,0.0072,307.976779,0.8638,9
660,547874800,50,36.741237571021,127.121114801959,51.728037975729,0.0071,0.0072,308.181544,0.8638,9
661,547874850,50,36.741239742834,127.121111273845,51.731231035665,0.0071,0.0072,307.411135,0.8638,9
662,547874900,50,36.741241887449,127.121107700540,51.736193938181,0.0071,0.0072,306.713190,0.8638,9
663,547874950,50,36.741244003552,127.121104116628,51.729471288621,0.0071,0.0072,306.265391,0.8638,9
664,547875000,50,36.741246092268,127.121100512725,51.737068846822,0.0071,0.0072,305.758851,0.8638,9
665,547875050,50,36.741248106885,127.121096868837,51.728595891036,0.0071,0.0072,304.487613,0.8638,9
666,547875100,50,36.741250064589,127.121093135446,51.730932861567,0.0071,0.0072,303.086339,0.8638,9
667,547875150,50,36.741251966030,127.121089387280,51.724359920248,0.0071,0.0072,302.224581,0.8638,9
668,547875200,50,36.741253868842,127.121085640454,51.737910137512,0.0071,0.0072,302.252443,0.8638,9
669,547875250,50,36.741255740415,127.121081863575,51.733942866325,0.0071,0.0072,301.621223,0.8638,9
670,547875300,50,36.741257664795,127.121078121406,51.736091809347,0.0071,0.0072,302.576923,0.8638,9
671,547875350,50,36.741259628781,127.121074416278,51.728673043661,0.0071,0.0072,303.370075,0.8638,9
672,547875400,50,36.741261618462,127.121070737252,51.733479164541,0.0071,0.0072,303.900322,0.8638,9
673,547875450,50,36.741263705609,127.121067125752,51.733542798087,0.0071,0.0072,305.681284,0.8638,9
674,547875500,50,36.741265758347,127.121063506914,51.732054465450,0.0071,0.0072,305.176474,0.9559,8
675,547875550,50,36.741267935692,127.121059993086,51.726376284845,0.0071,0.0072,307.593841,0.8641,9
676,547875600,50,36.741270147399,127.121056509981,51.736023270525,0.0071,0.0072,308.272809,0.8641,9
677,547875650,50,36.741272388080,127.121053077856,51.738323760219,0.0071,0.0072,309.048662,0.8641,9
678,547875700,50,36.741274625007,127.121049623777,51.734168786556,0.0071,0.0072,308.823090,0.8641,9
679,547875750,50,36.741276769090,127.121046081501,51.736654743552,0.0071,0.0072,306.946183,0.8641,9
680,547875800,50,36.741279007896,127.121042589843,51.736481345259,0.0071,0.0072,308.544096,0.8641,9
681,547875850,50,36.741281137380,127.121039036820,51.740603588521,0.0071,0.0072,306.675143,0.8641,9
682,547875900,50,36.741283225173,127.121035406610,51.733673205599,0.0071,0.0072,306.675099,0.8641,9
683,547875950,50,36.741285284515,127.121031719185,51.739640802145,0.0071,0.0072,304.757663,0.8641,9
684,547876000,50,36.741287262665,127.121028039292,51.738362018950,0.0071,0.0072,303.740082,0.8641,9
685,547876050,50,36.741289205070,127.121024310474,51.745063793845,0.0071,0.0072,302.913103,0.9560,8
686,547876100,50,36.741291094777,127.121020540254,51.751982253976,0.0071,0.0072,301.913776,0.8642,9
687,547876150,50,36.741293049107,127.121016824804,51.743738721125,0.0071,0.0072,303.167444,0.8642,9
688,547876200,50,36.741294960163,127.121013072437,51.736582645215,0.0071,0.0072,302.326087,0.8642,9
689,547876250,50,36.741296975083,127.121009380723,51.735421464778,0.0071,0.0072,304.143770,0.8642,9
690,547876300,50,36.741299002050,127.121005696491,51.736373212188,0.0071,0.0072,304.356737,0.8642,9
691,547876350,50,36.741301064009,127.121002068301,51.739255141467,0.0071,0.0072,305.227784,0.8642,9
692,547876400,50,36.741303183021,127.120998465664,51.738528833725,0.0071,0.0072,306.160624,0.8642,9
693,547876450,50,36.741305410862,127.120994972751,51.741144466214,0.0071,0.0072,308.397040,0.8642,9
694,547876500,50,36.741307632730,127.120991466974,51.740180212073,0.0071,0.0072,308.219766,0.8642,9
695,547876550,50,36.741309939791,127.120988036395,51.746277047321,0.0071,0.0072,309.882107,0.8642,9
696,547876600,50,36.741312190530,127.120984622854,51.738198322244,0.0071,0.0072,309.326681,0.8642,9
697,547876650,50,36.741314390417,127.120981041203,51.738743850030,0.0071,0.0072,307.349933,0.8642,9
698,547876700,50,36.741316624476,127.120977568611,51.746163668111,0.0071,0.0072,308.637754,0.8642,9
699,547876750,50,36.741318792130,127.120974044326,51.744270907715,0.0071,0.0072,307.388221,0.8642,9
700,547876800,50,36.741320913115,127.120970439642,51.747721098363,0.0071,0.0072,306.170558,0.8642,9
701,547876850,50,36.741322958227,127.120966753304,51.748478678055,0.0071,0.0072,304.579738,0.8642,9
702,547876900,50,36.741324940164,127.120963074807,51.739910287783,0.0071,0.0072,304.579738,0.8642,9
703,547876950,50,36.741326945431,127.120959360012,51.736724143848,0.0071,0.0072,303.850724,0.8642,9
704,547877000,50,36.741328914295,127.120955630201,51.738031134009,0.0070,0.0072,303.850681,0.8642,9
705,547877050,50,36.741330913392,127.120951873062,51.746226033196,0.0071,0.0072,303.469638,0.8642,9
