0,548897750,50,36.740480690337,127.122993665262,51.716590189375,0.0074,0.0071,118.618655,1.0064,8
1,548897800,50,36.740480313821,127.122994506732,51.710864961147,0.0074,0.0071,119.072447,1.0064,8
2,548897850,50,36.740479908419,127.122995279283,51.716305953451,0.0074,0.0071,123.105032,1.0064,8
3,548897900,50,36.740479542236,127.122996120512,51.706200834364,0.0074,0.0071,118.407166,1.0064,8
4,548897950,50,36.740479178796,127.122996956274,51.711482993327,0.0074,0.0071,118.383148,1.0064,8
5,548898000,50,36.740478801651,127.122997747083,51.711310895160,0.0074,0.0071,120.649608,1.0064,8
6,548898050,50,36.740478458126,127.122998616061,51.710470592603,0.0074,0.0071,116.159817,1.0064,8
7,548898100,50,36.740478030045,127.122999415811,51.704536584206,0.0074,0.0071,123.626974,1.0064,8
8,548898150,50,36.740477671821,127.123000242596,51.711016720161,0.0075,0.0071,118.295703,1.0064,8
9,548898200,50,36.740477298054,127.123001067628,51.713841888122,0.0075,0.0071,119.375099,1.0064,8
10,548898250,50,36.740476916657,127.123001918921,51.708658603020,0.0075,0.0071,119.103400,1.0064,8
11,548898300,50,36.740476561182,127.123002768751,51.701981150545,0.0075,0.0071,117.462252,1.0064,8
12,548898350,50,36.740476146053,127.123003632933,51.709826747887,0.0075,0.0071,120.831630,1.0064,8
13,548898400,50,36.740475755433,127.123004449069,51.708824707195,0.0075,0.0071,120.739569,1.0064,8
14,548898450,50,36.740475380888,127.123005299133,51.713915620930,0.0075,0.0071,118.698983,1.0064,8
15,548898500,50,36.740475009559,127.123006128417,51.707450621761,0.0075,0.0071,119.089822,1.0064,8
16,548898550,50,36.740474599654,127.123006974695,51.706476201303,0.0075,0.0071,121.040566,1.0064,8
17,548898600,50,36.740474200545,127.123007806166,51.706703751348,0.0075,0.0071,120.812251,1.0064,8
18,548898650,50,36.740473818160,127.123008674212,51.713538867421,0.0074,0.0071,120.812260,1.0064,8
19,548898700,50,36.740473390939,127.123009518117,51.708580940031,0.0074,0.0071,122.170383,1.0064,8
20,548898750,50,36.740473009547,127.123010372069,51.705776894465,0.0074,0.0071,119.027251,1.0064,8
21,548898800,50,36.740472620127,127.123011226894,51.705567975529,0.0074,0.0071,119.511259,1.0064,8
22,548898850,50,36.740472236386,127.123012094103,51.707889716141,0.0074,0.0071,118.802541,1.0064,8
23,548898900,50,36.740471836265,127.123012950435,51.699810321443,0.0074,0.0071,120.137893,1.0064,8
24,548898950,50,36.740471439612,127.123013805635,51.709525595419,0.0075,0.0071,119.954567,1.0064,8
25,548899000,50,36.740471031831,127.123014687649,51.706824898720,0.0075,0.0071,119.875191,1.0064,8
26,548899050,50,36.740470642867,127.123015513903,51.702753829770,0.0075,0.0071,120.324157,1.0064,8
27,548899100,50,36.740470229039,127.123016382906,51.707578118891,0.0075,0.0071,120.612692,1.0064,8
28,548899150,50,36.740469827611,127.123017226933,51.710478911176,0.0075,0.0071,120.581023,1.0064,8
29,548899200,50,36.740469434024,127.123018111691,51.707873196341,0.0075,0.0071,118.930882,1.0064,8
30,548899250,50,36.740469019529,127.123018999681,51.712649291381,0.0075,0.0071,120.112833,1.0064,8
31,548899300,50,36.740468605919,127.123019826561,51.702967527322,0.0075,0.0071,121.861392,1.0064,8
32,548899350,50,36.740468186780,127.123020672846,51.706333169714,0.0075,0.0071,121.607184,1.0064,8
33,548899400,50,36.740467786667,127.123021543309,51.701982080936,0.0075,0.0071,119.731877,1.0064,8
34,548899450,50,36.740467415414,127.123022449847,51.711280892603,0.0075,0.0071,116.968959,1.0064,8
35,548899500,50,36.740467004405,127.123023317351,51.712706612423,0.0075,0.0071,120.484498,1.0064,8
36,548899550,50,36.740466550891,127.123024148706,51.705215305090,0.0075,0.0071,124.129614,1.0064,8
37,548899600,50,36.740466158897,127.123025030475,51.701424629427,0.0074,0.0071,124.129624,1.0064,8
38,548899650,50,36.740465730808,127.123025856966,51.707147503272,0.0074,0.0071,122.764152,1.0064,8
39,548899700,50,36.740465317405,127.123026746530,51.710006534122,0.0074,0.0071,120.003265,1.0064,8
40,548899750,50,36.740464941604,127.123027591269,51.701295873150,0.0074,0.0071,118.931997,1.0064,8
41,548899800,50,36.740464507847,127.123028479748,51.696022750810,0.0074,0.0071,121.240854,1.0064,8
42,548899850,50,36.740464085800,127.123029358279,51.716732167639,0.0075,0.0071,120.833160,1.0064,8
43,548899900,50,36.740463675756,127.123030225354,51.708346347325,0.0075,0.0071,120.438013,1.0064,8
44,548899950,50,36.740463245984,127.123031072861,51.700773602352,0.0075,0.0071,122.214181,1.0064,8
45,548900000,50,36.740462853583,127.123032007015,51.709577562287,0.0075,0.0071,117.561396,1.0064,8
46,548900050,50,36.740462430173,127.123032839550,51.705003893003,0.0075,0.0071,122.289396,1.0064,8
47,548900100,50,36.740462032416,127.123033701990,51.704160884023,0.0075,0.0071,119.814714,1.0064,8
48,548900150,50,36.740461616371,127.123034595354,51.704987556674,0.0075,0.0071,120.055607,1.0064,8
49,548900200,50,36.740461132906,127.123035447795,51.712127789855,0.0075,0.0071,125.172115,1.0064,8
50,548900250,50,36.740460744807,127.123036339516,51.708656045608,0.0075,0.0071,118.403238,1.0064,8
51,548900300,50,36.740460333996,127.123037192135,51.705908490345,0.0075,0.0071,120.907699,1.0064,8
52,548900350,50,36.740459906097,127.123038072733,51.709190564230,0.0075,0.0071,121.121875,1.0064,8
53,548900400,50,36.740459448732,127.123038946820,51.697100271471,0.0075,0.0072,123.029589,1.0064,8
54,548900450,50,36.740459042567,127.123039809185,51.701779156923,0.0075,0.0072,120.336601,1.0064,8
55,548900500,50,36.740458636815,127.123040687714,51.704052872024,0.0075,0.0072,119.849694,1.0064,8
56,548900550,50,36.740458208033,127.123041557430,51.705218517222,0.0075,0.0072,121.490588,1.0064,8
57,548900600,50,36.740457749022,127.123042441679,51.706378196366,0.0075,0.0072,122.821356,1.0064,8
58,548900650,50,36.740457341026,127.123043304645,51.697632973082,0.0075,0.0072,120.431621,1.0064,8
59,548900700,50,36.740456922236,127.123044217963,51.703480292112,0.0076,0.0072,119.671746,1.0064,8
60,548900750,50,36.740456447260,127.123045070920,51.714424289763,0.0075,0.0071,119.671756,1.0064,8
61,548900800,50,36.740456064545,127.123045963570,51.707532269880,0.0075,0.0071,118.044847,1.0064,8
62,548900850,50,36.740455611600,127.123046823241,51.710829071701,0.0075,0.0071,123.211073,1.0064,8
63,548900900,50,36.740455173886,127.123047717452,51.709545603022,0.0075,0.0071,121.308201,1.0064,8
64,548900950,50,36.740454740078,127.123048563591,51.704929714091,0.0075,0.0072,122.498121,1.0064,8
65,548901000,50,36.740454308424,127.123049470526,51.705308197998,0.0075,0.0072,120.598843,1.0064,8
66,548901050,50,36.740453891201,127.123050344448,51.708687953651,0.0075,0.0072,120.676106,1.0064,8
67,548901100,50,36.740453466219,127.123051217259,51.718351556920,0.0075,0.0072,121.173663,1.0064,8
68,548901150,50,36.740453027833,127.123052123336,51.703850298189,0.0075,0.0072,121.012652,1.0064,8
69,548901200,50,36.740452557973,127.123053000376,51.710454014130,0.0075,0.0072,123.649948,1.0064,8
70,548901250,50,36.740452132685,127.123053870688,51.706203481182,0.0075,0.0072,121.264754,1.0064,8
71,548901300,50,36.740451700947,127.123054779465,51.708595054224,0.0075,0.0072,120.552767,1.0064,8
72,548901350,50,36.740451286610,127.123055667672,51.711830198765,0.0075,0.0072,120.097271,1.0064,8
73,548901400,50,36.740450815479,127.123056543517,51.707018186338,0.0075,0.0072,123.757436,1.0064,8
74,548901450,50,36.740450378615,127.123057410115,51.709014514461,0.0075,0.0072,122.061615,1.0064,8
75,548901500,50,36.740449960395,127.123058314843,51.707824295387,0.0075,0.0072,119.871535,1.0064,8
76,548901550,50,36.740449465826,127.123059203842,51.713940205984,0.0075,0.0072,124.653545,1.0064,8
77,548901600,50,36.740449036424,127.123060093917,51.708187129349,0.0075,0.0072,120.939706,1.0064,8
78,548901650,50,36.740448604644,127.123060965562,51.707648999989,0.0075,0.0072,121.611990,1.0064,8
79,548901700,50,36.740448152900,127.123061846148,51.713681495748,0.0075,0.0072,122.513982,1.0064,8
80,548901750,50,36.740447688063,127.123062702021,51.706585768610,0.0076,0.0072,124.012416,1.0064,8
81,548901800,50,36.740447237558,127.123063638063,51.710002190433,0.0076,0.0072,120.879636,1.0064,8
82,548901850,50,36.740446836751,127.123064534156,51.702492879704,0.0076,0.0072,119.063242,1.0064,8
83,548901900,50,36.740446380152,127.123065399154,51.706949148327,0.0076,0.0072,123.259801,1.0064,8
84,548901950,50,36.740445910464,127.123066286687,51.708377210423,0.0076,0.0072,123.326708,1.0064,8
85,548902000,50,36.740445442043,127.123067174926,51.712226434611,0.0076,0.0072,123.234767,1.0064,8
86,548902050,50,36.740444990985,127.123068082849,51.712352001108,0.0076,0.0072,121.686301,1.0064,8
87,548902100,50,36.740444540237,127.123069004194,51.707808275707,0.0075,0.0071,121.686311,1.0064,8
88,548902150,50,36.740444075641,127.123069874543,51.710062376224,0.0075,0.0071,123.554586,1.0064,8
89,548902200,50,36.740443601310,127.123070725565,51.707956246100,0.0075,0.0071,124.703948,1.0064,8
90,548902250,50,36.740443166423,127.123071614052,51.714568233117,0.0075,0.0072,121.306717,1.0064,8
91,548902300,50,36.740442694421,127.123072543218,51.704195411876,0.0075,0.0072,122.259154,1.0064,8
92,548902350,50,36.740442247502,127.123073445207,51.714463950135,0.0075,0.0072,121.618163,1.0064,8
93,548902400,50,36.740441788855,127.123074310230,51.706986304373,0.0075,0.0072,123.376739,1.0064,8
94,548902450,50,36.740441333077,127.123075211493,51.707460667007,0.0075,0.0072,122.143176,1.0064,8
95,548902500,50,36.740440871140,127.123076119114,51.717188696377,0.0075,0.0072,122.308469,1.0064,8
96,548902550,50,36.740440429774,127.123076997519,51.710089646280,0.0075,0.0072,121.977162,1.0064,8
97,548902600,50,36.740439968970,127.123077888334,51.717972997576,0.0075,0.0072,122.730106,1.0064,8
98,548902650,50,36.740439492462,127.123078751747,51.709464610554,0.0075,0.0071,122.730117,1.0064,8
99,548902700,50,36.740439014746,127.123079641887,51.708287474699,0.0075,0.0071,123.696346,1.0064,8
100,548902750,50,36.740438590296,127.123080525921,51.706454602070,0.0075,0.0071,120.818791,1.0064,8
101,548902800,50,36.740438110391,127.123081421574,51.709065714851,0.0075,0.0071,123.653997,1.0064,8
102,548902850,50,36.740437671293,127.123082309525,51.706891633570,0.0075,0.0071,121.567805,1.0064,8
103,548902900,50,36.740437203514,127.123083209451,51.702868683264,0.0075,0.0071,122.856571,1.0064,8
104,548902950,50,36.740436715080,127.123084092939,51.711780292913,0.0075,0.0071,124.485878,1.0064,8
105,548903000,50,36.740436284172,127.123084988603,51.703473306261,0.0075,0.0071,120.870042,1.0064,8
106,548903050,50,36.740435791942,127.123085890878,51.710255582817,0.0075,0.0071,124.131099,1.0064,8
107,548903100,50,36.740435324171,127.123086780394,51.708792327903,0.0075,0.0071,123.160628,1.0064,8
108,548903150,50,36.740434869618,127.123087673303,51.709746217355,0.0075,0.0071,122.314347,1.0064,8
109,548903200,50,36.740434393865,127.123088575214,51.716323837638,0.0075,0.0071,123.241578,1.0064,8
110,548903250,50,36.740433930026,127.123089438424,51.697101851925,0.0075,0.0071,123.729174,1.0064,8
111,548903300,50,36.740433454919,127.123090334225,51.704732862301,0.0075,0.0071,123.384525,1.0064,8
112,548903350,50,36.740432992552,127.123091233660,51.710186672397,0.0075,0.0072,122.567563,1.0064,8
113,548903400,50,36.740432510805,127.123092109838,51.712338862009,0.0075,0.0072,124.339568,1.0064,8
114,548903450,50,36.740432031772,127.123093020230,51.715182857588,0.0076,0.0072,123.176233,1.0064,8
115,548903500,50,36.740431596468,127.123093896116,51.707709576003,0.0076,0.0072,121.695794,1.0064,8
116,548903550,50,36.740431086021,127.123094725951,51.711253690533,0.0076,0.0072,127.390345,1.0064,8
117,548903600,50,36.740430592322,127.123095643821,51.708976770751,0.0075,0.0071,127.390356,1.0064,8
118,548903650,50,36.740430133550,127.123096492135,51.709260442294,0.0075,0.0071,123.899355,1.0064,8
119,548903700,50,36.740429672654,127.123097410049,51.711514352821,0.0075,0.0071,121.959235,1.0064,8
120,548903750,50,36.740429199198,127.123098238068,51.703665518202,0.0075,0.0071,125.392260,1.0064,8
121,548903800,50,36.740428738827,127.123099108891,51.706806886941,0.0075,0.0071,123.299597,1.0064,8
122,548903850,50,36.740428276868,127.123099929926,51.706908868626,0.0075,0.0071,124.957553,1.0064,8
123,548903900,50,36.740427891896,127.123100793606,51.704301580787,0.0075,0.0071,118.979032,1.0064,8
124,548903950,50,36.740427407450,127.123101552851,51.708345769905,0.0075,0.0071,128.407365,1.0064,8
125,548904000,50,36.740427010089,127.123102364154,51.708281951956,0.0075,0.0071,121.322940,1.0064,8
126,548904050,50,36.740426621482,127.123103125298,51.708355841227,0.0075,0.0071,122.389929,1.0064,8
127,548904100,50,36.740426225348,127.123103868740,51.710054771043,0.0075,0.0071,123.506773,1.0064,8
128,548904150,50,36.740425822879,127.123104639510,51.717863884754,0.0075,0.0072,122.975313,1.0064,8
129,548904200,50,36.740425383067,127.123105281691,51.704929629341,0.0075,0.0072,130.396539,1.0064,8
130,548904250,50,36.740425015731,127.123105991040,51.704349830747,0.0075,0.0072,122.758518,1.0064,8
131,548904300,50,36.740424635415,127.123106676097,51.701360518113,0.0075,0.0072,124.597619,1.0064,8
132,548904350,50,36.740424294734,127.123107327628,51.699372140691,0.0076,0.0072,123.011762,1.0064,8
133,548904400,50,36.740423954843,127.123108010057,51.703861154616,0.0076,0.0072,121.751073,1.0064,8
134,548904450,50,36.740423626184,127.123108637432,51.714188274927,0.0076,0.0072,123.060405,1.0064,8
135,548904500,50,36.740423346892,127.123109227872,51.701466622762,0.0076,0.0072,120.444282,1.0064,8
136,548904550,50,36.740423027551,127.123109833891,51.703522618860,0.0076,0.0072,123.214373,1.0064,8
137,548904600,50,36.740422652750,127.123110361042,51.705284369178,0.0075,0.0071,123.214384,1.0064,8
138,548904650,50,36.740422377063,127.123110894361,51.701616843231,0.0075,0.0071,122.712139,1.0064,8
139,548904700,50,36.740422108189,127.123111412380,51.700600439683,0.0075,0.0071,122.818582,1.0064,8
140,548904750,50,36.740421842400,127.123111932552,51.692924605682,0.0075,0.0071,122.410629,1.0064,8
141,548904800,50,36.740421572182,127.123112446514,51.698789617047,0.0075,0.0071,123.154744,1.0064,8
142,548904850,50,36.740421324432,127.123112891484,51.698029775172,0.0075,0.0071,124.675665,1.0064,8
143,548904900,50,36.740421079965,127.123113338697,51.696546936408,0.0075,0.0071,124.184923,1.0064,8
144,548904950,50,36.740420865397,127.123113728843,51.689085722901,0.0075,0.0071,124.346396,1.0064,8
145,548905000,50,36.740420608265,127.123114151719,51.696722378023,0.0075,0.0072,127.071611,1.0064,8
146,548905050,50,36.740420382836,127.123114552509,51.690875790082,0.0075,0.0072,124.948316,1.0064,8
147,548905100,50,36.740420168713,127.123114910005,51.691546168178,0.0075,0.0072,126.656819,1.0064,8
148,548905150,50,36.740419974073,127.123115263154,51.696883424185,0.0075,0.0072,124.403947,1.0064,8
149,548905200,50,36.740419815234,127.123115615569,51.698230075650,0.0075,0.0072,119.249582,1.0064,8
150,548905250,50,36.740419649342,127.123115865419,51.702987601981,0.0075,0.0072,129.522168,1.0064,8
151,548905300,50,36.740419536889,127.123116091287,51.701931756921,0.0075,0.0072,121.741358,1.0064,8
152,548905350,50,36.740419420468,127.123116268121,51.698759908788,0.0075,0.0072,129.283937,1.0064,8
153,548905400,50,36.740419298803,127.123116430810,51.698263076134,0.0075,0.0072,132.898211,1.0064,8
154,548905450,50,36.740419228966,127.123116557179,51.699747747742,0.0075,0.0072,124.476078,1.0064,8
155,548905500,50,36.740419161782,127.123116657373,51.700370736420,0.0075,0.0072,129.799330,1.0064,8
156,548905550,50,36.740419111504,127.123116751723,51.697535152547,0.0075,0.0072,123.509128,1.0064,8
157,548905600,50,36.740419077275,127.123116843566,51.697053407319,0.0075,0.0072,114.847816,1.0064,8
158,548905650,50,36.740419053119,127.123116881510,51.693523338996,0.0075,0.0072,128.344406,1.0064,8
159,548905700,50,36.740419023370,127.123116945860,51.698479892686,0.0075,0.0072,119.872923,1.0064,8
160,548905750,50,36.740419016711,127.123116976129,51.696952804923,0.0076,0.0072,105.287504,1.0064,8
161,548905800,50,36.740419007583,127.123116993765,51.695210358128,0.0075,0.0071,105.287513,1.0064,8
162,548905850,50,36.740418997638,127.123116982240,51.694993298501,0.0075,0.0071,223.008315,1.0064,8
163,548905900,50,36.740419005669,127.123116975328,51.698833314702,0.0075,0.0071,325.288626,1.0064,8
164,548905950,50,36.740419008574,127.123116977015,51.698701029643,0.0074,0.0071,25.056649,1.0064,8
165,548906000,50,36.740419015779,127.123116939443,51.695057639852,0.0074,0.0071,283.401480,1.0064,8
166,548906050,50,36.740419022480,127.123116935284,51.699375069700,0.0074,0.0071,333.456194,1.0064,8
167,548906100,50,36.740419026185,127.123116927273,51.698375590146,0.0074,0.0071,299.886547,1.0064,8
168,548906150,50,36.740419057245,127.123116945281,51.695609085262,0.0075,0.0071,25.014857,1.0064,8
169,548906200,50,36.740419033295,127.123116936988,51.698902392760,0.0075,0.0071,195.572274,1.0064,8
170,548906250,50,36.740419019835,127.123116937618,51.695453098975,0.0075,0.0071,177.842633,1.0064,8
171,548906300,50,36.740419054219,127.123116957244,51.701887158677,0.0075,0.0071,24.673757,1.0064,8
172,548906350,50,36.740419038743,127.123116933590,51.697228038684,0.0075,0.0071,230.891605,1.0064,8
173,548906400,50,36.740419054696,127.123116945643,51.694391569123,0.0075,0.0071,31.302452,1.0064,8
174,548906450,50,36.740419032345,127.123116931778,51.697009698488,0.0075,0.0071,206.531244,1.0064,8
175,548906500,50,36.740419038102,127.123116913379,51.697668643668,0.0075,0.0071,291.242165,1.0064,8
176,548906550,50,36.740419033567,127.123116930653,51.694491921924,0.0075,0.0071,108.063774,1.0064,8
177,548906600,50,36.740419054817,127.123116958216,51.691749710590,0.0075,0.0071,46.232373,1.0064,8
178,548906650,50,36.740419041159,127.123116942013,51.696406905539,0.0075,0.0071,223.676586,1.0064,8
179,548906700,50,36.740419039553,127.123116939092,51.697804910131,0.0075,0.0071,235.663797,1.0064,8
180,548906750,50,36.740419029270,127.123116918992,51.694695066661,0.0075,0.0071,237.557763,1.0064,8
181,548906800,50,36.740419031469,127.123116921342,51.692726873793,0.0075,0.0071,40.708683,1.0064,8
182,548906850,50,36.740419028085,127.123116932544,51.696745942347,0.0075,0.0071,110.567778,1.0064,8
183,548906900,50,36.740419039056,127.123116907322,51.692149666138,0.0075,0.0071,298.387899,1.0064,8
184,548906950,50,36.740419056922,127.123116941614,51.695555041544,0.0075,0.0071,57.082749,1.0064,8
185,548907000,50,36.740419012580,127.123116926446,51.697056544945,0.0074,0.0070,57.082748,1.0064,8
186,548907050,50,36.740419029419,127.123116929500,51.699064997956,0.0074,0.0070,8.306615,1.0064,8
187,548907100,50,36.740418998543,127.123116902189,51.698448457755,0.0074,0.0070,215.448611,1.0064,8
188,548907150,50,36.740419027343,127.123116923472,51.698578838259,0.0074,0.0070,30.743649,1.0064,8
189,548907200,50,36.740419016218,127.123116920383,51.698441280052,0.0074,0.0070,192.599090,1.0064,8
190,548907250,50,36.740419000684,127.123116946528,51.699238219298,0.0074,0.0071,126.434485,1.0064,8
191,548907300,50,36.740419018989,127.123116972638,51.700971288607,0.0074,0.0071,48.941200,1.0064,8
192,548907350,50,36.740418989253,127.123116948749,51.697703257203,0.0074,0.0071,212.884178,1.0064,8
193,548907400,50,36.740418981352,127.123116984817,51.699809817597,0.0074,0.0071,105.225628,1.0064,8
194,548907450,50,36.740418966019,127.123117015107,51.697820721194,0.0074,0.0071,122.169202,1.0064,8
195,548907500,50,36.740418964526,127.123117064208,51.698534365743,0.0074,0.0071,92.162778,1.0064,8
196,548907550,50,36.740418930484,127.123117056886,51.700687056407,0.0075,0.0071,189.821377,1.0064,8
197,548907600,50,36.740418923675,127.123117116567,51.700512469746,0.0074,0.0070,189.821377,1.0064,8
198,548907650,50,36.740418903540,127.123117124428,51.700711545534,0.0074,0.0070,162.556168,1.0064,8
199,548907700,50,36.740418907721,127.123117133490,51.699657034129,0.0074,0.0070,60.176425,1.0064,8
200,548907750,50,36.740418908485,127.123117139452,51.702092491090,0.0074,0.0070,80.955502,1.0064,8
201,548907800,50,36.740418905514,127.123117142740,51.699334898964,0.0074,0.0070,138.303993,1.0064,8
202,548907850,50,36.740418909868,127.123117121783,51.701745444909,0.0074,0.0070,284.474828,1.0064,8
203,548907900,50,36.740418916598,127.123117099860,51.701737916097,0.0074,0.0070,290.877487,1.0064,8
204,548907950,50,36.740418921061,127.123117122208,51.699014277197,0.0074,0.0070,76.063298,1.0064,8
205,548908000,50,36.740418910264,127.123117089454,51.699698797427,0.0074,0.0070,247.726540,1.0064,8
206,548908050,50,36.740418899724,127.123117106342,51.702626280487,0.0074,0.0070,127.792260,1.0064,8
207,548908100,50,36.740418918243,127.123117097825,51.701287788339,0.0074,0.0070,339.687615,1.0064,8
208,548908150,50,36.740418936089,127.123117074969,51.700463765301,0.0074,0.0071,314.132358,1.0064,8
209,548908200,50,36.740418944263,127.123117056397,51.704124762677,0.0074,0.0071,298.671614,1.0064,8
210,548908250,50,36.740418958512,127.123117026464,51.698325251229,0.0074,0.0071,300.604790,1.0064,8
211,548908300,50,36.740418956246,127.123117016786,51.702400062233,0.0074,0.0071,253.778389,1.0064,8
212,548908350,50,36.740418999824,127.123116974557,51.701316410676,0.0074,0.0071,322.048842,1.0064,8
213,548908400,50,36.740419009202,127.123116919085,51.704174298793,0.0074,0.0071,281.862762,1.0064,8
214,548908450,50,36.740419033124,127.123116882671,51.701003453694,0.0075,0.0071,309.224277,1.0064,8
215,548908500,50,36.740419068466,127.123116850827,51.707171836868,0.0075,0.0071,324.050986,1.0064,8
216,548908550,50,36.740419083986,127.123116798691,51.700529518537,0.0075,0.0071,290.298189,1.0064,8
217,548908600,50,36.740419120325,127.123116734074,51.701232481748,0.0075,0.0071,304.944052,1.0064,8
218,548908650,50,36.740419156157,127.123116678942,51.695870589465,0.0074,0.0070,304.944052,1.0064,8
219,548908700,50,36.740419169085,127.123116635618,51.701887856238,0.0074,0.0070,290.343293,1.0064,8
220,548908750,50,36.740419206745,127.123116584195,51.701845071279,0.0074,0.0070,312.301046,1.0064,8
221,548908800,50,36.740419240228,127.123116538825,51.700812657364,0.0074,0.0070,312.520403,1.0064,8
222,548908850,50,36.740419253400,127.123116515273,51.702244607732,0.0074,0.0070,304.794554,1.0064,8
223,548908900,50,36.740419266878,127.123116439343,51.696696819738,0.0074,0.0070,282.437629,1.0064,8
224,548908950,50,36.740419286297,127.123116412423,51.704580374993,0.0074,0.0070,311.870936,1.0064,8
225,548909000,50,36.740419318833,127.123116392022,51.702543960884,0.0074,0.0070,333.222364,1.0064,8
226,548909050,50,36.740419318328,127.123116363862,51.703377497382,0.0074,0.0070,268.723809,1.0064,8
227,548909100,50,36.740419333772,127.123116367364,51.703972597606,0.0074,0.0070,10.340053,1.0064,8
228,548909150,50,36.740419324318,127.123116339827,51.702737038955,0.0074,0.0070,246.898668,1.0064,8
229,548909200,50,36.740419320453,127.123116341105,51.704885045066,0.0074,0.0071,165.101177,1.0064,8
230,548909250,50,36.740419340948,127.123116362437,51.706223096699,0.0074,0.0071,39.952628,1.0064,8
231,548909300,50,36.740419314891,127.123116357608,51.702324300073,0.0074,0.0071,188.483290,1.0064,8
232,548909350,50,36.740419311933,127.123116355542,51.704802151769,0.0074,0.0071,209.347639,1.0064,8
233,548909400,50,36.740419318874,127.123116352360,51.702323720790,0.0075,0.0071,339.746047,1.0064,8
234,548909450,50,36.740419317083,127.123116362014,51.703757575713,0.0075,0.0071,102.973661,1.0064,8
235,548909500,50,36.740419310675,127.123116330437,51.706702292897,0.0075,0.0071,255.847750,1.0064,8
236,548909550,50,36.740419330000,127.123116350670,51.704773996025,0.0075,0.0071,40.119123,1.0064,8
237,548909600,50,36.740419311632,127.123116350444,51.705083665438,0.0075,0.0071,180.568391,1.0064,8
238,548909650,50,36.740419316996,127.123116365011,51.710285806097,0.0074,0.0070,180.568391,1.0064,8
239,548909700,50,36.740419320011,127.123116348587,51.704564701766,0.0074,0.0070,282.846602,1.0064,8
240,548909750,50,36.740419320802,127.123116352809,51.704997218214,0.0074,0.0070,76.892160,1.0064,8
241,548909800,50,36.740419330068,127.123116364135,51.710838872008,0.0074,0.0070,44.530346,1.0064,8
242,548909850,50,36.740419322744,127.123116352245,51.704470994882,0.0074,0.0070,232.570198,1.0064,8
243,548909900,50,36.740419334672,127.123116355003,51.704877213575,0.0074,0.0070,10.541141,1.0064,8
244,548909950,50,36.740419335084,127.123116371539,51.703745535575,0.0074,0.0070,88.227848,1.0064,8
245,548910000,50,36.740419328220,127.123116348247,51.707645378076,0.0074,0.0070,249.889681,1.0064,8
246,548910050,50,36.740419332369,127.123116360838,51.705889095552,0.0074,0.0070,67.735397,1.0064,8
247,548910100,50,36.740419330395,127.123116361936,51.702321744524,0.0074,0.0070,155.897955,1.0064,8
248,548910150,50,36.740419334333,127.123116371531,51.707149724476,0.0074,0.0070,62.979378,1.0064,8
249,548910200,50,36.740419342724,127.123116357987,51.703430292197,0.0074,0.0070,307.588568,1.0064,8
250,548910250,50,36.740419331844,127.123116340538,51.707194521092,0.0074,0.0071,232.233451,1.0064,8
251,548910300,50,36.740419329568,127.123116371338,51.704480001703,0.0074,0.0071,95.246858,1.0064,8
252,548910350,50,36.740419326686,127.123116368238,51.701847375371,0.0074,0.0071,220.887767,1.0064,8
253,548910400,50,36.740419335527,127.123116363407,51.707124254666,0.0074,0.0071,336.257347,1.0064,8
254,548910450,50,36.740419321553,127.123116362649,51.705036338419,0.0074,0.0071,182.500004,1.0064,8
255,548910500,50,36.740419334817,127.123116362651,51.703310187906,0.0074,0.0071,0.006777,1.0064,8
256,548910550,50,36.740419349256,127.123116359137,51.705844155513,0.0075,0.0071,348.920521,1.0064,8
257,548910600,50,36.740419346164,127.123116357257,51.706497332081,0.0075,0.0071,206.081940,1.0064,8
258,548910650,50,36.740419338586,127.123116354494,51.708958501928,0.0075,0.0071,196.352760,1.0064,8
259,548910700,50,36.740419340627,127.123116345158,51.704868360423,0.0075,0.0071,285.197354,1.0064,8
260,548910750,50,36.740419327052,127.123116366137,51.704293265007,0.0075,0.0071,128.798711,1.0064,8
261,548910800,50,36.740419345355,127.123116348185,51.700167364441,0.0074,0.0070,128.798711,1.0064,8
262,548910850,50,36.740419342806,127.123116329323,51.702732353471,0.0074,0.0070,260.469367,1.0064,8
263,548910900,50,36.740419327391,127.123116339474,51.697306330316,0.0074,0.0070,152.078780,1.0064,8
264,548910950,50,36.740419344352,127.123116353852,51.699560564943,0.0074,0.0070,34.303225,1.0064,8
265,548911000,50,36.740419333990,127.123116350175,51.696132665500,0.0074,0.0070,195.937020,1.0064,8
266,548911050,50,36.740419337363,127.123116338360,51.696657351218,0.0074,0.0070,289.529725,1.0064,8
267,548911100,50,36.740419334623,127.123116349947,51.693563033827,0.0074,0.0070,106.369418,1.0064,8
268,548911150,50,36.740419334800,127.123116350222,51.694120671600,0.0074,0.0070,51.406537,1.0064,8
269,548911200,50,36.740419320560,127.123116345147,51.692741546780,0.0074,0.0070,196.001819,1.0064,8
270,548911250,50,36.740419332399,127.123116334194,51.694529053755,0.0074,0.0070,323.328072,1.0064,8
271,548911300,50,36.740419333515,127.123116377761,51.697109208442,0.0074,0.0070,88.177047,1.0064,8
272,548911350,50,36.740419332214,127.123116361556,51.693090679124,0.0074,0.0070,264.303982,1.0064,8
273,548911400,50,36.740419336688,127.123116338622,51.693769454025,0.0074,0.0071,283.624147,1.0064,8
274,548911450,50,36.740419328440,127.123116354481,51.695933421142,0.0074,0.0071,122.869500,1.0064,8
275,548911500,50,36.740419326675,127.123116359900,51.695936139673,0.0074,0.0071,112.040826,1.0064,8
276,548911550,50,36.740419343676,127.123116370449,51.694885754958,0.0074,0.0071,26.537137,1.0064,8
277,548911600,50,36.740419330324,127.123116345785,51.692900764756,0.0074,0.0071,236.074029,1.0064,8
278,548911650,50,36.740419331320,127.123116348380,51.696951927617,0.0075,0.0071,64.507566,1.0064,8
279,548911700,50,36.740419332583,127.123116367850,51.693483275361,0.0075,0.0071,85.393992,1.0064,8
280,548911750,50,36.740419319827,127.123116345279,51.694316636771,0.0075,0.0071,234.922295,1.0064,8
281,548911800,50,36.740419318224,127.123116333166,51.696601801552,0.0075,0.0071,260.664958,1.0064,8
282,548911850,50,36.740419315047,127.123116350868,51.696483708918,0.0075,0.0071,102.570668,1.0064,8
283,548911900,50,36.740419333925,127.123116358407,51.697554437444,0.0075,0.0071,17.818446,1.0064,8
284,548911950,50,36.740419314708,127.123116349191,51.697828746401,0.0075,0.0071,201.106145,1.0064,8
285,548912000,50,36.740419319425,127.123116358067,51.698641734198,0.0075,0.0071,56.565514,1.0064,8
286,548912050,50,36.740419333046,127.123116355088,51.698013815098,0.0075,0.0071,350.017164,1.0064,8
287,548912100,50,36.740419309864,127.123116337093,51.701632756740,0.0074,0.0070,350.017165,1.0064,8
288,548912150,50,36.740419313024,127.123116362735,51.703607421368,0.0074,0.0070,81.292451,1.0064,8
289,548912200,50,36.740419325259,127.123116353848,51.701762761921,0.0074,0.0070,329.688562,1.0064,8
290,548912250,50,36.740419306989,127.123116344013,51.698369076476,0.0074,0.0070,203.424167,1.0064,8
291,548912300,50,36.740419304521,127.123116350821,51.704378630035,0.0074,0.0070,114.247205,1.0064,8
292,548912350,50,36.740419310951,127.123116360709,51.701315569691,0.0074,0.0070,51.060315,1.0064,8
293,548912400,50,36.740419312923,127.123116336130,51.704762329347,0.0074,0.0070,275.690773,1.0064,8
294,548912450,50,36.740419311804,127.123116345777,51.704484864138,0.0074,0.0070,98.201747,1.0064,8
295,548912500,50,36.740419307671,127.123116342015,51.702477084473,0.0074,0.0071,216.224382,1.0064,8
296,548912550,50,36.740419314427,127.123116355687,51.703691730276,0.0074,0.0071,58.445862,1.0064,8
297,548912600,50,36.740419294302,127.123116350413,51.704329431057,0.0074,0.0071,191.909843,1.0064,8
298,548912650,50,36.740419298315,127.123116363019,51.702691012993,0.0074,0.0070,191.909843,1.0064,8
299,548912700,50,36.740419302868,127.123116358420,51.701987687498,0.0074,0.0070,320.885708,1.0064,8
300,548912750,50,36.740419309720,127.123116358273,51.701501840726,0.0074,0.0070,359.012898,1.0064,8
301,548912800,50,36.740419300268,127.123116337168,51.700884565711,0.0074,0.0070,240.905892,1.0064,8
302,548912850,50,36.740419299941,127.123116344592,51.703657211736,0.0074,0.0070,93.135802,1.0064,8
303,548912900,50,36.740419295654,127.123116370794,51.703974353150,0.0074,0.0070,101.491813,1.0064,8
304,548912950,50,36.740419308359,127.123116368795,51.701355570927,0.0074,0.0070,352.783283,1.0064,8
305,548913000,50,36.740419295661,127.123116331041,51.702713507228,0.0074,0.0070,247.319075,1.0064,8
306,548913050,50,36.740419288668,127.123116343862,51.701185398735,0.0074,0.0070,124.123733,1.0064,8
307,548913100,50,36.740419301434,127.123116344150,51.702122153714,0.0074,0.0070,1.041011,1.0064,8
308,548913150,50,36.740419297814,127.123116346491,51.704895560630,0.0074,0.0070,152.509697,1.0064,8
309,548913200,50,36.740419293858,127.123116346397,51.706292796880,0.0074,0.0070,181.097957,1.0064,8
310,548913250,50,36.740419294273,127.123116342480,51.703234704211,0.0074,0.0070,277.492480,1.0064,8
311,548913300,50,36.740419292897,127.123116347867,51.705905372277,0.0074,0.0070,107.605393,1.0064,8
312,548913350,50,36.740419289551,127.123116342305,51.705778166652,0.0074,0.0070,233.221199,1.0064,8
313,548913400,50,36.740419292936,127.123116352788,51.705467822962,0.0074,0.0070,68.137087,1.0064,8
314,548913450,50,36.740419299340,127.123116368970,51.703543554991,0.0074,0.0070,63.815873,1.0064,8
315,548913500,50,36.740419271241,127.123116344615,51.704784264788,0.0074,0.0070,214.898717,1.0064,8
316,548913550,50,36.740419276026,127.123116349686,51.710146333091,0.0074,0.0070,40.459043,1.0064,8
317,548913600,50,36.740419305576,127.123116347853,51.707346303388,0.0074,0.0070,40.459043,1.0064,8
318,548913650,50,36.740419292691,127.123116346342,51.701175394468,0.0074,0.0070,185.391269,1.0064,8
319,548913700,50,36.740419313344,127.123116355979,51.704215113074,0.0074,0.0070,20.583077,1.0064,8
320,548913750,50,36.740419296088,127.123116335422,51.702896943316,0.0074,0.0070,223.793843,1.0064,8
321,548913800,50,36.740419294734,127.123116338917,51.703843850642,0.0074,0.0070,115.709684,1.0064,8
322,548913850,50,36.740419305504,127.123116352078,51.708035188727,0.0074,0.0070,44.524358,1.0064,8
323,548913900,50,36.740419318894,127.123116362935,51.702509030700,0.0074,0.0070,33.128937,1.0064,8
324,548913950,50,36.740419288175,127.123116327870,51.707616448402,0.0074,0.0070,222.574192,1.0064,8
325,548914000,50,36.740419303680,127.123116342609,51.707011561841,0.0074,0.0070,37.418464,1.0064,8
326,548914050,50,36.740419317116,127.123116351100,51.706478714943,0.0074,0.0070,26.959320,1.0064,8
327,548914100,50,36.740419304203,127.123116330563,51.705081157386,0.0074,0.0070,232.001426,1.0064,8
328,548914150,50,36.740419294444,127.123116340868,51.707005331293,0.0074,0.0070,139.643302,1.0064,8
329,548914200,50,36.740419308275,127.123116340671,51.707072571851,0.0074,0.0070,359.343425,1.0064,8
330,548914250,50,36.740419309296,127.123116340343,51.705198916607,0.0074,0.0070,345.500123,1.0064,8
331,548914300,50,36.740419304191,127.123116339726,51.701146201231,0.0074,0.0070,185.556252,1.0064,8
332,548914350,50,36.740419308523,127.123116329815,51.704599831253,0.0074,0.0070,298.502001,1.0064,8
333,548914400,50,36.740419310457,127.123116352976,51.706111549400,0.0074,0.0070,84.076839,1.0064,8
334,548914450,50,36.740419291925,127.123116328994,51.707514542155,0.0074,0.0070,226.166361,1.0064,8
335,548914500,50,36.740419306315,127.123116331502,51.705906382762,0.0074,0.0070,7.985790,1.0064,8
336,548914550,50,36.740419314300,127.123116339890,51.702999751084,0.0074,0.0070,40.212443,1.0064,8
337,548914600,50,36.740419299784,127.123116348780,51.705239635892,0.0074,0.0070,153.763093,1.0064,8
338,548914650,50,36.740419326182,127.123116344924,51.706297752447,0.0074,0.0070,153.763093,1.0064,8
339,548914700,50,36.740419311277,127.123116353461,51.702656795271,0.0074,0.0070,155.252800,1.0064,8
340,548914750,50,36.740419314391,127.123116362199,51.705880292691,0.0074,0.0070,66.112207,1.0064,8
341,548914800,50,36.740419310949,127.123116353660,51.703643935733,0.0074,0.0070,243.392618,1.0064,8
342,548914850,50,36.740419307417,127.123116344264,51.706963054836,0.0074,0.0070,244.966831,1.0064,8
343,548914900,50,36.740419300584,127.123116347479,51.706069709733,0.0074,0.0070,159.258520,1.0064,8
344,548914950,50,36.740419315217,127.123116338566,51.707832099870,0.0074,0.0070,333.883983,1.0064,8
345,548915000,50,36.740419313798,127.123116358274,51.706948020495,0.0074,0.0070,95.113339,1.0064,8
346,548915050,50,36.740419307911,127.123116333710,51.705953433178,0.0074,0.0070,253.418410,1.0064,8
347,548915100,50,36.740419304678,127.123116351595,51.705097942613,0.0074,0.0070,102.658140,1.0064,8
348,548915150,50,36.740419312247,127.123116330078,51.709079153836,0.0074,0.0070,293.607762,1.0064,8
349,548915200,50,36.740419310544,127.123116350104,51.706790500320,0.0074,0.0070,96.030926,1.0064,8
350,548915250,50,36.740419312789,127.123116354696,51.707841218449,0.0074,0.0070,58.719628,1.0064,8
351,548915300,50,36.740419309465,127.123116311456,51.706399858929,0.0074,0.0070,264.543664,1.0064,8
352,548915350,50,36.740419321760,127.123116346634,51.707841213793,0.0074,0.0070,66.525526,1.0064,8
353,548915400,50,36.740419317658,127.123116352074,51.708362000994,0.0074,0.0071,133.134318,1.0064,8
354,548915450,50,36.740419309645,127.123116347343,51.706620637327,0.0074,0.0071,205.410401,1.0064,8
355,548915500,50,36.740419306941,127.123116340223,51.707517926581,0.0074,0.0071,244.744453,1.0064,8
356,548915550,50,36.740419328741,127.123116355763,51.705454263836,0.0074,0.0071,29.844636,1.0064,8
357,548915600,50,36.740419290461,127.123116346904,51.707740944810,0.0074,0.0071,190.551039,1.0064,8
358,548915650,50,36.740419316251,127.123116348601,51.706772924401,0.0074,0.0071,3.030192,1.0064,8
359,548915700,50,36.740419320879,127.123116348834,51.704610847868,0.0075,0.0071,2.329508,1.0064,8
360,548915750,50,36.740419307900,127.123116348608,51.707257708535,0.0075,0.0071,180.802918,1.0064,8
361,548915800,50,36.740419313545,127.123116350812,51.700474789366,0.0074,0.0070,180.802918,1.0064,8
362,548915850,50,36.740419318188,127.123116362292,51.697717564180,0.0074,0.0070,63.317777,1.0064,8
363,548915900,50,36.740419309853,127.123116345689,51.699399561621,0.0074,0.0070,238.043481,1.0064,8
364,548915950,50,36.740419293382,127.123116312272,51.699322146364,0.0074,0.0070,238.515378,1.0064,8
365,548916000,50,36.740419310443,127.123116346158,51.697882928886,0.0074,0.0070,57.969551,1.0064,8
366,548916050,50,36.740419309951,127.123116349095,51.697646109387,0.0074,0.0070,101.754063,1.0064,8
367,548916100,50,36.740419305373,127.123116347555,51.696009967476,0.0074,0.0070,195.149842,1.0064,8
368,548916150,50,36.740419309435,127.123116342668,51.700710902922,0.0074,0.0070,315.926539,1.0064,8
369,548916200,50,36.740419331299,127.123116345414,51.699236933142,0.0074,0.0070,5.770615,1.0064,8
370,548916250,50,36.740419309046,127.123116362859,51.696710406803,0.0074,0.0070,147.749340,1.0064,8
371,548916300,50,36.740419309269,127.123116328101,51.693298757076,0.0074,0.0070,270.456617,1.0064,8
372,548916350,50,36.740419334202,127.123116342152,51.698056583293,0.0074,0.0070,24.396802,1.0064,8
373,548916400,50,36.740419320553,127.123116358821,51.696002961136,0.0074,0.0070,135.493855,1.0064,8
374,548916450,50,36.740419327326,127.123116322762,51.697008077055,0.0074,0.0071,283.136698,1.0064,8
375,548916500,50,36.740419318849,127.123116332070,51.696232912131,0.0074,0.0071,138.533420,1.0064,8
376,548916550,50,36.740419325119,127.123116342118,51.698606927879,0.0074,0.0071,52.216478,1.0064,8
377,548916600,50,36.740419332586,127.123116359698,51.698298892006,0.0074,0.0071,62.176659,1.0064,8
378,548916650,50,36.740419310395,127.123116329110,51.692286300473,0.0074,0.0071,227.968116,1.0064,8
379,548916700,50,36.740419310005,127.123116340230,51.694565120153,0.0074,0.0071,92.493587,1.0064,8
380,548916750,50,36.740419327382,127.123116363441,51.696177235804,0.0074,0.0071,47.071111,1.0064,8
381,548916800,50,36.740419325990,127.123116344104,51.695734635927,0.0075,0.0071,264.888965,1.0064,8
382,548916850,50,36.740419319454,127.123116341783,51.698235306889,0.0075,0.0071,195.951426,1.0064,8
383,548916900,50,36.740419331102,127.123116358504,51.693584346212,0.0075,0.0071,49.123244,1.0064,8
384,548916950,50,36.740419332860,127.123116345906,51.691642518155,0.0075,0.0071,279.836506,1.0064,8
385,548917000,50,36.740419349175,127.123116346303,51.695871884935,0.0074,0.0070,279.836506,1.0064,8
386,548917050,50,36.740419354279,127.123116325285,51.696484597400,0.0074,0.0070,286.788641,1.0064,8
387,548917100,50,36.740419366412,127.123116289075,51.698531910777,0.0074,0.0070,292.603906,1.0064,8
388,548917150,50,36.740419395815,127.123116253167,51.700335742906,0.0074,0.0070,315.495075,1.0064,8
389,548917200,50,36.740419417444,127.123116212916,51.697069216520,0.0074,0.0070,303.729864,1.0064,8
390,548917250,50,36.740419461733,127.123116166357,51.695909317583,0.0074,0.0070,319.766280,1.0064,8
391,548917300,50,36.740419476350,127.123116073386,51.701464260928,0.0074,0.0070,281.053192,1.0064,8
392,548917350,50,36.740419518863,127.123116016310,51.700571226887,0.0074,0.0070,312.784655,1.0064,8
393,548917400,50,36.740419556654,127.123115935421,51.694011340849,0.0074,0.0070,300.134972,1.0064,8
394,548917450,50,36.740419629965,127.123115848966,51.701041670516,0.0074,0.0071,316.495025,1.0064,8
395,548917500,50,36.740419674156,127.123115759175,51.697677275166,0.0074,0.0071,301.445968,1.0064,8
396,548917550,50,36.740419736991,127.123115665760,51.696181410924,0.0074,0.0071,309.887757,1.0064,8
397,548917600,50,36.740419801554,127.123115481614,51.695681211539,0.0074,0.0070,309.887757,1.0064,8
398,548917650,50,36.740419885861,127.123115339613,51.691356063820,0.0074,0.0070,306.415594,1.0064,8
399,548917700,50,36.740419970654,127.123115149618,51.698707244359,0.0074,0.0070,299.009438,1.0064,8
400,548917750,50,36.740420082941,127.123115015434,51.692196674645,0.0074,0.0070,316.116573,1.0064,8
401,548917800,50,36.740420187029,127.123114781241,51.693059140816,0.0074,0.0070,298.909213,1.0064,8
402,548917850,50,36.740420335649,127.123114561689,51.695663941093,0.0074,0.0070,310.066743,1.0064,8
403,548917900,50,36.740420503831,127.123114314327,51.700794958510,0.0074,0.0070,310.190528,1.0064,8
404,548917950,50,36.740420646565,127.123114057393,51.694710638374,0.0074,0.0070,304.615318,1.0064,8
405,548918000,50,36.740420808119,127.123113799674,51.699131577276,0.0074,0.0070,307.914342,1.0064,8
406,548918050,50,36.740420999578,127.123113447046,51.694662727416,0.0074,0.0070,304.004399,1.0064,8
407,548918100,50,36.740421180064,127.123113068743,51.693780496716,0.0074,0.0070,300.659246,1.0064,8
408,548918150,50,36.740421357822,127.123112769527,51.698750412092,0.0074,0.0071,306.432876,1.0064,8
409,548918200,50,36.740421558502,127.123112360386,51.702110867016,0.0074,0.0071,301.359904,1.0064,8
410,548918250,50,36.740421797452,127.123111916593,51.698688994162,0.0074,0.0071,303.782492,1.0064,8
411,548918300,50,36.740422036770,127.123111469119,51.692264058627,0.0074,0.0071,303.604853,1.0064,8
412,548918350,50,36.740422317217,127.123110987247,51.690221216530,0.0074,0.0071,305.871937,1.0064,8
413,548918400,50,36.740422559688,127.123110520160,51.696645119227,0.0074,0.0071,302.822190,1.0064,8
414,548918450,50,36.740422880295,127.123109980421,51.696365221404,0.0075,0.0071,306.429477,1.0064,8
415,548918500,50,36.740423183907,127.123109435690,51.702611386776,0.0075,0.0071,304.703604,1.0064,8
416,548918550,50,36.740423535438,127.123108870735,51.701893548481,0.0075,0.0071,307.708570,1.0064,8
417,548918600,50,36.740423882073,127.123108301719,51.697441295721,0.0074,0.0070,307.708568,1.0064,8
418,548918650,50,36.740424239830,127.123107637746,51.701166669838,0.0074,0.0070,303.801549,1.0064,8
419,548918700,50,36.740424588399,127.123106923720,51.699517041445,0.0074,0.0070,301.239385,1.0064,8
420,548918750,50,36.740424964289,127.123106200210,51.682097578421,0.0074,0.0070,302.843465,1.0064,8
421,548918800,50,36.740425356488,127.123105462563,51.695299240761,0.0074,0.0071,303.449907,1.0064,8
422,548918850,50,36.740425824959,127.123104695274,51.704600844532,0.0074,0.0071,307.184687,1.0064,8
423,548918900,50,36.740426275179,127.123103863638,51.702137645334,0.0074,0.0071,303.926909,1.0064,8
424,548918950,50,36.740426799643,127.123103046903,51.702345844358,0.0075,0.0071,308.585503,1.0064,8
425,548919000,50,36.740427254998,127.123102160122,51.698051558807,0.0075,0.0071,302.538696,1.0064,8
426,548919050,50,36.740427731753,127.123101221417,51.709606112912,0.0075,0.0071,302.254126,1.0064,8
427,548919100,50,36.740428302378,127.123100330027,51.704030773602,0.0075,0.0071,308.498600,1.0064,8
428,548919150,50,36.740428845661,127.123099345887,51.694036702625,0.0075,0.0071,304.446781,1.0064,8
429,548919200,50,36.740429394970,127.123098339855,51.705551348627,0.0075,0.0071,304.154170,1.0064,8
430,548919250,50,36.740429971919,127.123097277655,51.704429093748,0.0075,0.0071,304.014903,1.0064,8
431,548919300,50,36.740430572675,127.123096225316,51.704584784806,0.0075,0.0071,305.348871,1.0064,8
432,548919350,50,36.740431183319,127.123095160632,51.705311884172,0.0075,0.0071,305.475044,1.0064,8
433,548919400,50,36.740431856462,127.123094053133,51.708463372663,0.0075,0.0071,307.060283,1.0064,8
434,548919450,50,36.740432488571,127.123092867179,51.713679289445,0.0075,0.0071,303.514659,1.0064,8
435,548919500,50,36.740433162665,127.123091698825,51.706496674567,0.0076,0.0071,305.635951,1.0064,8
436,548919550,50,36.740433840644,127.123090469798,51.693235236220,0.0076,0.0071,304.427471,1.0064,8
437,548919600,50,36.740434528640,127.123089281397,51.700331412256,0.0075,0.0071,304.427464,1.0064,8
438,548919650,50,36.740435252156,127.123088034530,51.696457323618,0.0075,0.0071,305.791164,1.0064,8
439,548919700,50,36.740435979933,127.123086695821,51.700010077097,0.0075,0.0071,304.038253,1.0064,8
440,548919750,50,36.740436711165,127.123085408680,51.711157360114,0.0075,0.0071,305.217423,1.0064,8
441,548919800,50,36.740437444962,127.123084006610,51.706692264415,0.0075,0.0071,303.035517,1.0064,8
442,548919850,50,36.740438248761,127.123082682127,51.704106558114,0.0075,0.0071,307.018204,1.0064,8
443,548919900,50,36.740439043304,127.123081275946,51.704744106159,0.0075,0.0071,305.071311,1.0064,8
444,548919950,50,36.740439798144,127.123079866554,51.701335925609,0.0075,0.0071,303.642280,1.0064,8
445,548920000,50,36.740440606477,127.123078450074,51.701980958693,0.0075,0.0071,305.338767,1.0064,8
446,548920050,50,36.740441452614,127.123077040279,51.713021452539,0.0075,0.0071,306.713242,1.0064,8
447,548920100,50,36.740442254155,127.123075517311,51.708260501735,0.0075,0.0071,303.182123,1.0064,8
448,548920150,50,36.740443107191,127.123074018881,51.702321195975,0.0075,0.0071,305.273501,1.0064,8
449,548920200,50,36.740443965291,127.123072502559,51.713278399780,0.0075,0.0071,305.112910,1.0064,8
450,548920250,50,36.740444811995,127.123070984094,51.703491954133,0.0075,0.0071,304.715419,1.0064,8
451,548920300,50,36.740445679802,127.123069425168,51.710186400451,0.0075,0.0071,304.670432,1.0064,8
452,548920350,50,36.740446609515,127.123067868649,51.706624880433,0.0076,0.0071,306.581159,1.0064,8
453,548920400,50,36.740447472742,127.123066326011,51.709930323064,0.0076,0.0071,304.810232,1.0064,8
454,548920450,50,36.740448400017,127.123064737211,51.712025461718,0.0076,0.0071,305.948512,1.0064,8
455,548920500,50,36.740449334164,127.123063045387,51.697509659454,0.0076,0.0072,304.452361,1.0064,8
456,548920550,50,36.740450253025,127.123061438970,51.712569494732,0.0076,0.0072,305.401781,1.0064,8
457,548920600,50,36.740451223351,127.123059811935,51.703019903041,0.0076,0.0072,306.538667,1.0064,8
458,548920650,50,36.740452173614,127.123058177242,51.717231184244,0.0076,0.0072,305.840007,1.0064,8
459,548920700,50,36.740453123998,127.123056432239,51.705733125098,0.0076,0.0072,304.086670,1.0064,8
460,548920750,50,36.740454088150,127.123054707287,51.706280983984,0.0076,0.0072,304.779811,1.0064,8
461,548920800,50,36.740455072959,127.123053008919,51.713990680873,0.0075,0.0071,304.779797,1.0064,8
462,548920850,50,36.740456047667,127.123051274713,51.714457979426,0.0075,0.0071,304.928601,1.0064,8
463,548920900,50,36.740457026346,127.123049522800,51.709944108501,0.0075,0.0071,304.764900,1.0064,8
464,548920950,50,36.740458050860,127.123047814962,51.715062232688,0.0075,0.0071,306.699726,1.0064,8
465,548921000,50,36.740459060019,127.123046051993,51.715101487935,0.0075,0.0071,305.421939,1.0064,8
466,548921050,50,36.740460043733,127.123044241140,51.718660237268,0.0076,0.0071,304.018298,1.0064,8
467,548921100,50,36.740461080721,127.123042489278,51.712284172885,0.0076,0.0071,306.333949,1.0064,8
468,548921150,50,36.740462122226,127.123040737904,51.718216225505,0.0076,0.0071,306.460565,1.0064,8
469,548921200,50,36.740463115337,127.123038884622,51.710898801684,0.0076,0.0071,303.656469,1.0064,8
470,548921250,50,36.740464190990,127.123037081131,51.717809962109,0.0076,0.0071,306.541033,1.0064,8
471,548921300,50,36.740465206654,127.123035268593,51.714906432666,0.0076,0.0071,304.847465,1.0064,8
472,548921350,50,36.740466255747,127.123033433800,51.717598186806,0.0076,0.0071,305.391537,1.0064,8
473,548921400,50,36.740467354999,127.123031573868,51.706475401297,0.0076,0.0071,306.291575,1.0064,8
474,548921450,50,36.740468388251,127.123029717475,51.716062921099,0.0076,0.0072,304.666639,1.0064,8
475,548921500,50,36.740469472598,127.123027861970,51.722047366202,0.0076,0.0072,305.984088,1.0064,8
476,548921550,50,36.740470557111,127.123025988955,51.719696757384,0.0076,0.0072,305.732725,1.0064,8
477,548921600,50,36.740471651333,127.123024118344,51.723541852087,0.0076,0.0072,306.010157,1.0064,8
478,548921650,50,36.740472760890,127.123022198224,51.722863639705,0.0076,0.0072,305.678216,1.0064,8
479,548921700,50,36.740473888903,127.123020258483,51.720042984933,0.0076,0.0072,305.850213,1.0064,8
480,548921750,50,36.740475016827,127.123018325663,51.720119368285,0.0076,0.0072,305.945326,1.0064,8
481,548921800,50,36.740476136647,127.123016367978,51.721035804600,0.0076,0.0072,305.402674,1.0064,8
482,548921850,50,36.740477268767,127.123014378318,51.719528650865,0.0077,0.0072,305.260027,1.0064,8
483,548921900,50,36.740478425627,127.123012372894,51.713291693479,0.0077,0.0072,305.631556,1.0064,8
484,548921950,50,36.740479601185,127.123010369510,51.720687655732,0.0077,0.0072,306.095400,1.0064,8
485,548922000,50,36.740480788772,127.123008302315,51.719123395160,0.0077,0.0072,305.519798,1.0064,8
486,548922050,50,36.740481972593,127.123006248994,51.722086973488,0.0077,0.0072,305.616232,1.0064,8
487,548922100,50,36.740483203196,127.123004146975,51.721013852395,0.0076,0.0071,305.616213,1.0064,8
488,548922150,50,36.740484387854,127.123002017484,51.715624624863,0.0076,0.0071,304.653104,1.0064,8
489,548922200,50,36.740485656785,127.122999870454,51.717659226619,0.0076,0.0071,306.291554,1.0064,8
490,548922250,50,36.740486912832,127.122997694794,51.715650006197,0.0076,0.0071,305.652817,1.0064,8
491,548922300,50,36.740488187266,127.122995528045,51.713875038549,0.0076,0.0071,306.160045,1.0064,8
492,548922350,50,36.740489463618,127.122993292517,51.714937210083,0.0076,0.0071,305.351897,1.0064,8
493,548922400,50,36.740490742252,127.122991046046,51.714930502698,0.0076,0.0071,305.268226,1.0064,8
494,548922450,50,36.740492076043,127.122988806509,51.720628933050,0.0076,0.0071,306.501366,1.0064,8
495,548922500,50,36.740493391218,127.122986506811,51.720143409446,0.0076,0.0071,305.396905,1.0064,8
496,548922550,50,36.740494730311,127.122984201483,51.720747764222,0.0076,0.0071,305.819393,1.0064,8
497,548922600,50,36.740496096439,127.122981900154,51.719171841629,0.0076,0.0071,306.412035,1.0064,8
498,548922650,50,36.740497473545,127.122979487957,51.711328163743,0.0075,0.0071,306.412012,1.0064,8
499,548922700,50,36.740498857074,127.122977108629,51.724760564975,0.0075,0.0071,305.847916,1.0064,8
500,548922750,50,36.740500284786,127.122974718793,51.710809982382,0.0075,0.0071,306.586137,1.0064,8
501,548922800,50,36.740501681128,127.122972281972,51.715940427966,0.0075,0.0071,305.450172,1.0064,8
502,548922850,50,36.740503098581,127.122969859478,51.715670250356,0.0075,0.0071,306.017942,1.0064,8
503,548922900,50,36.740504573059,127.122967387042,51.719294713810,0.0075,0.0071,306.538217,1.0064,8
504,548922950,50,36.740506037162,127.122964900740,51.717743100598,0.0075,0.0071,306.192035,1.0064,8
505,548923000,50,36.740507490257,127.122962334338,51.716874182224,0.0075,0.0071,305.126765,1.0064,8
506,548923050,50,36.740509006450,127.122959836410,51.721619058400,0.0075,0.0071,307.022931,1.0064,8
507,548923100,50,36.740510520642,127.122957252571,51.717897441238,0.0075,0.0071,306.059969,1.0064,8
508,548923150,50,36.740511982313,127.122954658188,51.717722155154,0.0075,0.0071,304.993165,1.0064,8
509,548923200,50,36.740513544044,127.122952070295,51.717307862826,0.0075,0.0071,306.863556,1.0064,8
510,548923250,50,36.740515089405,127.122949437218,51.721938282251,0.0075,0.0071,306.100860,1.0064,8
511,548923300,50,36.740516629806,127.122946734210,51.720820049755,0.0075,0.0071,305.301887,1.0064,8
512,548923350,50,36.740518256427,127.122944111008,51.721521643922,0.0075,0.0071,307.613184,1.0064,8
513,548923400,50,36.740519828982,127.122941392263,51.724968233146,0.0075,0.0071,305.704251,1.0064,8
514,548923450,50,36.740521438807,127.122938700604,51.721707747318,0.0075,0.0071,306.616844,1.0064,8
515,548923500,50,36.740523083747,127.122935963591,51.716459547170,0.0076,0.0071,306.750506,1.0064,8
516,548923550,50,36.740524705017,127.122933205295,51.721586199477,0.0076,0.0072,306.141576,1.0064,8
517,548923600,50,36.740526343824,127.122930395344,51.724620153196,0.0075,0.0071,306.141549,1.0064,8
518,548923650,50,36.740527958817,127.122927565039,51.731942073442,0.0075,0.0071,305.336167,1.0064,8
519,548923700,50,36.740529670778,127.122924750556,51.726678340696,0.0075,0.0071,307.081328,1.0064,8
520,548923750,50,36.740531359829,127.122921946734,51.730945457704,0.0075,0.0071,306.814953,1.0064,8
521,548923800,50,36.740533063461,127.122919071876,51.728824612685,0.0075,0.0071,306.364579,1.0064,8
522,548923850,50,36.740534766336,127.122916159632,51.727559179068,0.0075,0.0071,305.999695,1.0064,8
523,548923900,50,36.740536514749,127.122913334299,51.726336887106,0.0075,0.0071,307.557060,1.0064,8
524,548923950,50,36.740538265193,127.122910368403,51.729614053853,0.0075,0.0071,306.253348,1.0064,8
525,548924000,50,36.740540019645,127.122907411264,51.732830120251,0.0075,0.0071,306.396749,1.0064,8
526,548924050,50,36.740541815060,127.122904448891,51.737512876280,0.0075,0.0071,306.981741,1.0064,8
527,548924100,50,36.740543586645,127.122901468663,51.732628386468,0.0075,0.0071,306.449872,1.0064,8
528,548924150,50,36.740545396689,127.122898441781,51.729859694839,0.0075,0.0071,306.612756,1.0064,8
529,548924200,50,36.740547223513,127.122895424919,51.736891680397,0.0075,0.0071,306.957415,1.0064,8
530,548924250,50,36.740549029242,127.122892354366,51.736723864451,0.0075,0.0071,306.155500,1.0064,8
531,548924300,50,36.740550892719,127.122889309577,51.740090864711,0.0075,0.0071,307.251033,1.0064,8
532,548924350,50,36.740552757441,127.122886228254,51.738729222678,0.0075,0.0071,306.940668,1.0064,8
533,548924400,50,36.740554622016,127.122883121845,51.743696864694,0.0075,0.0071,306.715604,1.0064,8
534,548924450,50,36.740556513798,127.122879998257,51.739017168060,0.0075,0.0071,306.962266,1.0064,8
535,548924500,50,36.740558384565,127.122876848792,51.734833284281,0.0075,0.0071,306.429105,1.0064,8
536,548924550,50,36.740560310341,127.122873601516,51.740109279752,0.0075,0.0071,306.385240,1.0064,8
537,548924600,50,36.740562205630,127.122870437896,51.744285393506,0.0076,0.0071,306.663140,1.0064,8
538,548924650,50,36.740564174494,127.122867243637,51.742298107594,0.0075,0.0071,306.663107,1.0064,8
539,548924700,50,36.740566136497,127.122863962498,51.742209870368,0.0075,0.0071,306.611569,1.0064,8
540,548924750,50,36.740568103112,127.122860670275,51.740717630833,0.0075,0.0071,306.583465,1.0064,8
541,548924800,50,36.740570087803,127.122857401061,51.741410709918,0.0075,0.0071,307.027687,1.0064,8
542,548924850,50,36.740572081012,127.122854111657,51.744957556017,0.0075,0.0071,306.976094,1.0064,8
543,548924900,50,36.740574060719,127.122850766974,51.751150809228,0.0075,0.0071,306.332264,1.0064,8
544,548924950,50,36.740576090531,127.122847469656,51.744612554088,0.0075,0.0071,307.411868,1.0064,8
545,548925000,50,36.740578142816,127.122844101120,51.743535838090,0.0075,0.0071,307.125864,1.0064,8
546,548925050,50,36.740580157046,127.122840735273,51.746861189604,0.0075,0.0071,306.633036,1.0064,8
547,548925100,50,36.740582214422,127.122837302252,51.747141928412,0.0075,0.0071,306.672369,1.0064,8
548,548925150,50,36.740584324891,127.122833918603,51.751088806428,0.0075,0.0071,307.775294,1.0064,8
549,548925200,50,36.740586436965,127.122830478448,51.754991850816,0.0075,0.0071,307.337802,1.0064,8
550,548925250,50,36.740588544125,127.122827006989,51.743851182982,0.0075,0.0071,307.023652,1.0064,8
551,548925300,50,36.740590648760,127.122823557374,51.758283422329,0.0075,0.0071,307.164600,1.0064,8
552,548925350,50,36.740592784126,127.122820059239,51.751289765351,0.0075,0.0071,307.179181,1.0064,8
553,548925400,50,36.740594920539,127.122816589912,51.760089966469,0.0075,0.0071,307.421115,1.0064,8
554,548925450,50,36.740597092742,127.122813068367,51.753552655689,0.0075,0.0071,307.467434,1.0064,8
555,548925500,50,36.740599256946,127.122809561941,51.753527119756,0.0075,0.0071,307.484393,1.0064,8
556,548925550,50,36.740601430600,127.122806023229,51.757357050665,0.0075,0.0071,307.351443,1.0064,8
557,548925600,50,36.740603600970,127.122802511078,51.760129086673,0.0075,0.0071,307.517994,1.0064,8
558,548925650,50,36.740605809248,127.122798985887,51.760829045437,0.0075,0.0071,307.895302,1.0064,8
559,548925700,50,36.740608010663,127.122795440256,51.757117118686,0.0075,0.0071,307.648584,1.0064,8
560,548925750,50,36.740610198785,127.122791891683,51.751586989500,0.0075,0.0071,307.457930,1.0064,8
561,548925800,50,36.740612415139,127.122788309207,51.754698337987,0.0074,0.0071,307.457892,1.0064,8
562,548925850,50,36.740614598394,127.122784735806,51.756443083286,0.0074,0.0071,307.203751,1.0064,8
563,548925900,50,36.740616835478,127.122781176046,51.755867325701,0.0075,0.0071,307.984236,1.0064,8
564,548925950,50,36.740619049927,127.122777559680,51.768706778064,0.0074,0.0071,307.265444,1.0064,8
565,548926000,50,36.740621299669,127.122774007309,51.764191349037,0.0075,0.0071,308.199012,1.0064,8
566,548926050,50,36.740623557824,127.122770399096,51.759126494639,0.0075,0.0071,307.869102,1.0064,8
567,548926100,50,36.740625802509,127.122766780474,51.757757763378,0.0075,0.0071,307.623288,1.0064,8
568,548926150,50,36.740628076012,127.122763149512,51.766823410988,0.0075,0.0071,307.882677,1.0064,8
569,548926200,50,36.740630295300,127.122759472410,51.763515981846,0.0075,0.0071,306.866658,1.0064,8
570,548926250,50,36.740632596289,127.122755832277,51.762773583643,0.0075,0.0071,308.146638,1.0064,8
571,548926300,50,36.740634894681,127.122752148336,51.768607657403,0.0075,0.0071,307.782846,1.0064,8
572,548926350,50,36.740637172864,127.122748501038,51.769151318818,0.0075,0.0071,307.815159,1.0064,8
573,548926400,50,36.740639486521,127.122744811202,51.770367473364,0.0075,0.0071,307.922228,1.0064,8
574,548926450,50,36.740641783084,127.122741136178,51.770955140702,0.0075,0.0071,307.828005,1.0064,8
575,548926500,50,36.740644123326,127.122737454869,51.775457616895,0.0075,0.0071,308.304484,1.0064,8
576,548926550,50,36.740646437889,127.122733764999,51.776357624680,0.0075,0.0071,307.932852,1.0064,8
577,548926600,50,36.740648751799,127.122730055615,51.771923246793,0.0075,0.0071,307.778598,1.0064,8
578,548926650,50,36.740651070241,127.122726367800,51.773003615439,0.0075,0.0071,307.994869,1.0064,8
579,548926700,50,36.740653406060,127.122722686411,51.777875768952,0.0075,0.0071,308.251184,1.0064,8
580,548926750,50,36.740655734831,127.122719010565,51.779122893699,0.0075,0.0071,308.209000,1.0064,8
581,548926800,50,36.740658087989,127.122715370474,51.775879347697,0.0076,0.0071,308.772577,1.0064,8
582,548926850,50,36.740660439910,127.122711713917,51.779087841511,0.0076,0.0071,308.631691,1.0064,8
583,548926900,50,36.740662778118,127.122708017352,51.775624074042,0.0076,0.0071,308.165109,1.0064,8
584,548926950,50,36.740665104378,127.122704303613,51.775613410398,0.0076,0.0071,307.893796,1.0064,8
585,548927000,50,36.740667428786,127.122700591738,51.775820503943,0.0075,0.0071,307.893754,1.0064,8
586,548927050,50,36.740669725575,127.122696824121,51.776731519029,0.0075,0.0071,307.142279,1.0064,8
587,548927100,50,36.740672017096,127.122693037793,51.773905988783,0.0075,0.0071,306.942533,1.0064,8
588,548927150,50,36.740674299547,127.122689231774,51.781937733293,0.0075,0.0071,306.690966,1.0064,8
589,548927200,50,36.740676581221,127.122685393933,51.786062131636,0.0075,0.0071,306.453339,1.0064,8
590,548927250,50,36.740678764093,127.122681537466,51.785718848929,0.0075,0.0071,305.118759,1.0064,8
591,548927300,50,36.740681016591,127.122677715053,51.783047871664,0.0075,0.0071,306.211572,1.0064,8
592,548927350,50,36.740683221289,127.122673809667,51.783719558269,0.0075,0.0071,305.047172,1.0064,8
593,548927400,50,36.740685373786,127.122669879962,51.791118445806,0.0075,0.0071,304.238800,1.0064,8
594,548927450,50,36.740687494546,127.122665941029,51.787873694673,0.0075,0.0071,303.781885,1.0098,8
595,548927500,50,36.740689560950,127.122661984390,51.792306976393,0.0075,0.0071,302.980369,1.0098,8
596,548927550,50,36.740691662616,127.122658014374,51.786033180542,0.0075,0.0071,303.335738,1.0098,8
597,548927600,50,36.740693690567,127.122653977215,51.784549828619,0.0075,0.0071,301.970080,1.0098,8
598,548927650,50,36.740695715773,127.122649925654,51.791777031496,0.0075,0.0071,301.970036,1.0098,8
599,548927700,50,36.740697655132,127.122645795868,51.784092702903,0.0075,0.0071,300.263105,1.0098,8
600,548927750,50,36.740699608766,127.122641644517,51.786937996745,0.0075,0.0071,300.316150,1.0098,8
601,548927800,50,36.740701523965,127.122637509789,51.796934106387,0.0075,0.0071,299.921797,1.0098,8
602,548927850,50,36.740703366151,127.122633318935,51.786620375700,0.0075,0.0071,298.642351,1.0098,8
603,548927900,50,36.740705175632,127.122629132369,51.784606100991,0.0075,0.0071,298.237144,1.0098,8
604,548927950,50,36.740706955837,127.122624884049,51.787095799111,0.0075,0.0071,297.504257,1.0098,8
605,548928000,50,36.740708682654,127.122620631774,51.791303487495,0.0075,0.0071,296.774467,1.0098,8
606,548928050,50,36.740710327034,127.122616303566,51.792803038843,0.0075,0.0071,295.270104,1.0098,8
607,548928100,50,36.740711975151,127.122612006659,51.785734506324,0.0075,0.0071,295.481486,1.0098,8
608,548928150,50,36.740713594050,127.122607645003,51.784064748324,0.0075,0.0071,294.758248,1.0098,8
609,548928200,50,36.740715127552,127.122603265153,51.782852912322,0.0075,0.0071,293.510930,1.0098,8
610,548928250,50,36.740716631317,127.122598854533,51.785732063465,0.0075,0.0071,292.958814,1.0098,8
611,548928300,50,36.740718083201,127.122594408141,51.786507093348,0.0075,0.0071,292.083429,1.0098,8
612,548928350,50,36.740719481795,127.122589905273,51.786287341267,0.0075,0.0071,291.102968,1.0098,8
613,548928400,50,36.740720841972,127.122585446648,51.791400248185,0.0075,0.0071,290.759283,1.0098,8
614,548928450,50,36.740722168314,127.122580911305,51.783092839643,0.0075,0.0071,289.969617,1.0098,8
615,548928500,50,36.740723391672,127.122576359937,51.791189488024,0.0075,0.0071,288.468087,1.0098,8
616,548928550,50,36.740724612005,127.122571806014,51.787140393630,0.0075,0.0071,288.415869,1.0098,8
617,548928600,50,36.740725787112,127.122567241277,51.782417369075,0.0075,0.0071,288.415821,1.0098,8
618,548928650,50,36.740726913520,127.122562648906,51.783088568598,0.0075,0.0071,286.949261,1.0098,8
619,548928700,50,36.740727991250,127.122558037648,51.780770190991,0.0075,0.0071,286.193175,1.0098,8
620,548928750,50,36.740729040538,127.122553403921,51.781066681258,0.0075,0.0071,285.714661,1.0098,8
621,548928800,50,36.740730072487,127.122548763740,51.778696022928,0.0075,0.0071,285.447012,1.0098,8
622,548928850,50,36.740731016894,127.122544082601,51.772696758620,0.0075,0.0071,284.072646,1.0098,8
623,548928900,50,36.740731979420,127.122539433832,51.774004119448,0.0075,0.0071,284.427252,1.0098,8
624,548928950,50,36.740732891032,127.122534767868,51.769231866114,0.0075,0.0071,283.645006,1.0098,8
625,548929000,50,36.740733776947,127.122530127934,51.771695476957,0.0075,0.0071,283.346004,1.0098,8
626,548929050,50,36.740734621837,127.122525445049,51.765480244532,0.0075,0.0071,282.635485,1.0098,8
627,548929100,50,36.740735425472,127.122520767780,51.773817254230,0.0075,0.0071,282.050979,1.0098,8
628,548929150,50,36.740736284766,127.122516079263,51.766078442335,0.0075,0.0071,282.828890,1.0098,8
629,548929200,50,36.740737047538,127.122511388102,51.771926529706,0.0075,0.0071,281.421805,1.0098,8
630,548929250,50,36.740737816538,127.122506728601,51.758046749979,0.0075,0.0071,281.588697,1.0098,8
631,548929300,50,36.740738554108,127.122501992157,51.766817130148,0.0075,0.0071,280.950770,1.0098,8
632,548929350,50,36.740739285838,127.122497299327,51.763205616735,0.0075,0.0071,280.964688,1.0098,8
633,548929400,50,36.740740028961,127.122492571524,51.760472455993,0.0075,0.0071,281.050869,1.0098,8
634,548929450,50,36.740740719135,127.122487870039,51.765335723758,0.0075,0.0071,280.337211,1.0098,8
635,548929500,50,36.740741412702,127.122483187137,51.767551669851,0.0075,0.0071,280.427231,1.0098,8
636,548929550,50,36.740742106390,127.122478450174,51.762259938754,0.0075,0.0071,280.312577,1.0098,8
637,548929600,50,36.740742762380,127.122473771998,51.753106288612,0.0075,0.0071,280.312523,1.0098,8
638,548929650,50,36.740743430322,127.122469087466,51.753804421984,0.0075,0.0071,280.046516,1.0098,8
639,548929700,50,36.740744084835,127.122464394709,51.757868660614,0.0075,0.0071,279.831605,1.0098,8
640,548929750,50,36.740744721684,127.122459718714,51.756490762345,0.0075,0.0071,279.604922,1.0098,8
641,548929800,50,36.740745355861,127.122455043773,51.747351215221,0.0075,0.0071,279.567489,1.0098,8
642,548929850,50,36.740745995988,127.122450378779,51.750179857016,0.0075,0.0071,279.675782,1.0098,8
643,548929900,50,36.740746665205,127.122445749715,51.747806936502,0.0075,0.0071,280.183408,1.0098,8
644,548929950,50,36.740747334147,127.122441050695,51.749697095715,0.0075,0.0071,280.030892,1.0098,8
645,548930000,50,36.740748013140,127.122436402320,51.745091833174,0.0075,0.0071,280.287004,1.0098,8
646,548930050,50,36.740748723286,127.122431694588,51.746568470262,0.0075,0.0071,280.615809,1.0098,8
647,548930100,50,36.740749465035,127.122427050173,51.743790050969,0.0075,0.0071,281.224001,1.0098,8
648,548930150,50,36.740750222663,127.122422418249,51.745410341769,0.0075,0.0071,281.488054,1.0098,8
649,548930200,50,36.740750989214,127.122417783385,51.742479417473,0.0075,0.0071,281.612536,1.0098,8
650,548930250,50,36.740751765409,127.122413167141,51.744975949638,0.0075,0.0071,281.800671,1.0098,8
651,548930300,50,36.740752578479,127.122408602411,51.743990785442,0.0075,0.0071,282.479452,1.0098,8
652,548930350,50,36.740753451446,127.122404007501,51.737987487577,0.0075,0.0071,283.282186,1.0098,8
653,548930400,50,36.740754361736,127.122399470576,51.740737004206,0.0075,0.0071,283.998511,1.0098,8
654,548930450,50,36.740755291014,127.122394943749,51.736111524515,0.0075,0.0071,284.309223,1.0098,8
655,548930500,50,36.740756245655,127.122390442620,51.739254055545,0.0075,0.0071,284.763270,1.0098,8
656,548930550,50,36.740757224010,127.122385906121,51.741353275254,0.0075,0.0071,285.000924,1.0098,8
657,548930600,50,36.740758251682,127.122381406638,51.737649885938,0.0075,0.0071,285.843389,1.0098,8
658,548930650,50,36.740759317237,127.122376952190,51.734277949668,0.0075,0.0071,286.553319,1.0098,8
659,548930700,50,36.740760431986,127.122372561712,51.736814466305,0.0075,0.0071,287.509360,1.0098,8
660,548930750,50,36.740761611721,127.122368123398,51.740426321514,0.0075,0.0071,288.276919,1.0098,8
661,548930800,50,36.740762769263,127.122363689094,51.738258508034,0.0075,0.0071,288.276863,1.0098,8
662,548930850,50,36.740763987919,127.122359310578,51.736419307068,0.0075,0.0071,289.076715,1.0098,8
663,548930900,50,36.740765286047,127.122355010227,51.737838866189,0.0075,0.0071,290.559755,1.0098,8
664,548930950,50,36.740766582126,127.122350647882,51.734761945903,0.0074,0.0071,290.262135,1.0098,8
665,548931000,50,36.740767965916,127.122346350975,51.747264715843,0.0074,0.0071,291.808585,1.0098,8
666,548931050,50,36.740769398010,127.122342127982,51.743621234782,0.0075,0.0071,292.848664,1.0098,8
667,548931100,50,36.740770830407,127.122337911876,51.735774143599,0.0075,0.0071,292.886492,1.0098,8
668,548931150,50,36.740772342632,127.122333699346,51.745034527034,0.0075,0.0071,294.038930,1.0098,8
669,548931200,50,36.740773905484,127.122329542319,51.750949187204,0.0075,0.0071,295.038720,1.0098,8
670,548931250,50,36.740775452832,127.122325397917,51.746765057556,0.0075,0.0071,294.886857,1.0098,8
671,548931300,50,36.740777111705,127.122321305666,51.740139833651,0.0075,0.0071,296.733460,1.0098,8
672,548931350,50,36.740778786589,127.122317224392,51.747784641571,0.0075,0.0071,297.017441,1.0098,8
673,548931400,50,36.740780462895,127.122313175888,51.746309315786,0.0075,0.0071,297.224577,1.0098,8
674,548931450,50,36.740782238509,127.122309186485,51.747374459170,0.0075,0.0071,298.943672,1.0098,8
675,548931500,50,36.740784082664,127.122305240578,51.744468370453,0.0075,0.0071,300.143856,1.0098,8
676,548931550,50,36.740785879864,127.122301309787,51.747210094705,0.0075,0.0071,299.600650,1.0098,8
677,548931600,50,36.740787761749,127.122297477725,51.751222594641,0.0075,0.0071,301.391073,1.0098,8
678,548931650,50,36.740789705193,127.122293628727,51.748522760347,0.0075,0.0071,302.103179,1.0098,8
679,548931700,50,36.740791674164,127.122289829236,51.749497277662,0.0075,0.0071,302.777439,1.0098,8
680,548931750,50,36.740793674064,127.122286082021,51.746334585361,0.0075,0.0071,303.549845,1.0098,8
681,548931800,50,36.740795731194,127.122282330149,51.749388533644,0.0075,0.0071,304.265322,1.0098,8
682,548931850,50,36.740797812790,127.122278657057,51.744871114381,0.0075,0.0071,305.151494,1.0098,8
683,548931900,50,36.740799878219,127.122274999301,51.750526637770,0.0075,0.0071,305.054115,1.0098,8
684,548931950,50,36.740802025901,127.122271363366,51.743470569141,0.0076,0.0072,306.276263,1.0098,8
685,548932000,50,36.740804195396,127.122267735263,51.746541673318,0.0076,0.0072,306.611981,1.0098,8
686,548932050,50,36.740806378110,127.122264172498,51.750321682543,0.0076,0.0072,307.279330,1.0098,8
687,548932100,50,36.740808545399,127.122260654692,51.751713651232,0.0075,0.0071,307.279276,1.0098,8
688,548932150,50,36.740810814415,127.122257150204,51.753641450778,0.0075,0.0071,308.816038,1.0098,8
689,548932200,50,36.740813070782,127.122253688651,51.750667438842,0.0075,0.0071,309.004700,1.0098,8
690,548932250,50,36.740815364315,127.122250244142,51.750320051797,0.0075,0.0071,309.602121,1.0098,8
691,548932300,50,36.740817646310,127.122246821992,51.751430153847,0.0075,0.0071,309.643460,1.0098,8
692,548932350,50,36.740819960794,127.122243401728,51.752224916592,0.0075,0.0071,310.057465,1.0098,8
693,548932400,50,36.740822319098,127.122240056148,51.754000454210,0.0075,0.0071,311.213629,1.0098,8
694,548932450,50,36.740824670845,127.122236694039,51.754744194448,0.0075,0.0071,310.994725,1.0098,8
695,548932500,50,36.740827038276,127.122233344685,51.752929358743,0.0075,0.0071,311.291334,1.0098,8
696,548932550,50,36.740829426000,127.122230060751,51.753614474088,0.0075,0.0071,312.095515,1.0098,8
697,548932600,50,36.740831810124,127.122226771412,51.756744596176,0.0075,0.0071,312.005677,1.0098,8
698,548932650,50,36.740834216092,127.122223510705,51.747957513668,0.0074,0.0071,312.005630,1.0098,8
699,548932700,50,36.740836612109,127.122220267227,51.747666338459,0.0074,0.0071,312.547946,1.0098,8
700,548932750,50,36.740838956321,127.122216985896,51.756710655987,0.0074,0.0071,311.594396,1.0098,8
701,548932800,50,36.740841352665,127.122213724424,51.745407469571,0.0074,0.0071,312.393959,1.0098,8
702,548932850,50,36.740843753694,127.122210480721,51.747447298840,0.0074,0.0071,312.605621,1.0098,8
703,548932900,50,36.740846141112,127.122207245187,51.749164758250,0.0075,0.0071,312.515310,1.0098,8
704,548932950,50,36.740848537872,127.122204013691,51.750837874599,0.0074,0.0071,312.662458,1.0098,8
705,548933000,50,36.740850918802,127.122200780784,51.747544785030,0.0075,0.0071,312.460863,1.0098,8
706,548933050,50,36.740853301058,127.122197522895,51.753924600780,0.0075,0.0071,312.257147,1.0098,8
707,548933100,50,36.740855687710,127.122194258658,51.762383499183,0.0075,0.0071,312.254209,1.0098,8
708,548933150,50,36.740858038364,127.122190982181,51.753327908926,0.0075,0.0071,311.714622,1.0098,8
709,548933200,50,36.740860397774,127.122187673605,51.753901175223,0.0075,0.0071,311.543036,1.0098,8
710,548933250,50,36.740862751959,127.122184423424,51.755576147698,0.0075,0.0071,311.986815,1.0098,8
711,548933300,50,36.740865094277,127.122181119689,51.755831402726,0.0075,0.0071,311.377979,1.0098,8
712,548933350,50,36.740867421666,127.122177816226,51.758695540950,0.0075,0.0071,311.198676,1.0098,8
713,548933400,50,36.740869726247,127.122174500748,51.757941083051,0.0075,0.0071,310.816292,1.0098,8
714,548933450,50,36.740871988033,127.122171191865,51.762239126489,0.0075,0.0071,310.342064,1.0098,8
715,548933500,50,36.740874292826,127.122167862091,51.757220312953,0.0075,0.0071,310.696985,1.0098,8
716,548933550,50,36.740876556252,127.122164558818,51.761347803287,0.0075,0.0071,310.410545,1.0098,8
717,548933600,50,36.740878747101,127.122161148862,51.754399483092,0.0074,0.0071,310.410505,1.0098,8
718,548933650,50,36.740880983575,127.122157762583,51.755681165494,0.0074,0.0071,309.373130,1.0098,8
719,548933700,50,36.740883167132,127.122154368752,51.756572745740,0.0074,0.0071,308.639707,1.0098,8
720,548933750,50,36.740885322911,127.122150929298,51.756845929660,0.0074,0.0071,307.910957,1.0098,8
721,548933800,50,36.740887461833,127.122147456552,51.757338345051,0.0074,0.0071,307.426413,1.0098,8
722,548933850,50,36.740889577179,127.122143970487,51.757857580669,0.0074,0.0071,307.014887,1.0098,8
723,548933900,50,36.740891663946,127.122140450166,51.758505500853,0.0074,0.0071,306.373065,1.0098,8
724,548933950,50,36.740893756609,127.122136906840,51.761738989502,0.0075,0.0071,306.272098,1.0098,8
725,548934000,50,36.740895744052,127.122133313379,51.755803659558,0.0075,0.0071,304.496973,1.0098,8
726,548934050,50,36.740897758027,127.122129736982,51.767039113678,0.0075,0.0071,304.980485,1.0098,8
727,548934100,50,36.740899734059,127.122126077545,51.756750398315,0.0075,0.0071,303.859227,1.0098,8
728,548934150,50,36.740901671623,127.122122424484,51.764601227827,0.0075,0.0071,303.385936,1.0098,8
729,548934200,50,36.740903566359,127.122118691873,51.758998900652,0.0075,0.0071,302.240632,1.0098,8
730,548934250,50,36.740905429973,127.122114952169,51.767316073179,0.0075,0.0071,301.765291,1.0098,8
731,548934300,50,36.740907253449,127.122111126460,51.760013271123,0.0075,0.0071,300.635385,1.0098,8
732,548934350,50,36.740909083654,127.122107322982,51.764424463734,0.0075,0.0071,300.874858,1.0098,8
733,548934400,50,36.740910833372,127.122103464654,51.770948035643,0.0075,0.0071,299.400080,1.0098,8
734,548934450,50,36.740912567586,127.122099583081,51.764225229621,0.0075,0.0071,299.036214,1.0098,8
735,548934500,50,36.740914260140,127.122095682569,51.768212631345,0.0075,0.0071,298.332169,1.0098,8
736,548934550,50,36.740915928507,127.122091723890,51.766099964269,0.0075,0.0071,297.639038,1.0098,8
737,548934600,50,36.740917533811,127.122087728628,51.765268190764,0.0075,0.0071,296.530575,1.0098,8
738,548934650,50,36.740919142270,127.122083773762,51.769820196554,0.0074,0.0071,296.530535,1.0098,8
739,548934700,50,36.740920661694,127.122079730882,51.767374368384,0.0074,0.0071,295.031309,1.0098,8
740,548934750,50,36.740922179948,127.122075681713,51.770019811578,0.0074,0.0071,294.980284,1.0098,8
741,548934800,50,36.740923664284,127.122071582890,51.763497499749,0.0075,0.0071,294.225975,1.0098,8
742,548934850,50,36.740925069784,127.122067431999,51.758874502033,0.0075,0.0071,292.817483,1.0098,8
743,548934900,50,36.740926488078,127.122063272435,51.763848447241,0.0075,0.0071,292.960653,1.0098,8
744,548934950,50,36.740927862368,127.122059123030,51.753892260604,0.0075,0.0071,292.368410,1.0098,8
745,548935000,50,36.740929210025,127.122054886327,51.752596930601,0.0075,0.0071,291.565671,1.0098,8
746,548935050,50,36.740930525496,127.122050646169,51.758167861961,0.0075,0.0071,291.080732,1.0098,8
747,548935100,50,36.740931822694,127.122046389229,51.761585056782,0.0075,0.0071,290.738078,1.0098,8
748,548935150,50,36.740933048728,127.122042114343,51.753021097742,0.0075,0.0071,289.613749,1.0098,8
749,548935200,50,36.740934304856,127.122037796767,51.758556014858,0.0075,0.0071,289.874504,1.0098,8
750,548935250,50,36.740935478957,127.122033424020,51.759085218422,0.0075,0.0071,288.449879,1.0098,8
751,548935300,50,36.740936642049,127.122029092950,51.753701269627,0.0075,0.0071,288.452555,1.0098,8
752,548935350,50,36.740937806247,127.122024745761,51.758555865847,0.0075,0.0071,288.405070,1.0098,8
753,548935400,50,36.740938964637,127.122020345725,51.756969807670,0.0075,0.0071,288.113809,1.0098,8
754,548935450,50,36.740940045628,127.122015929359,51.753549983725,0.0075,0.0071,286.916195,1.0098,8
755,548935500,50,36.740941127243,127.122011468152,51.755941779353,0.0075,0.0071,286.764867,1.0098,8
756,548935550,50,36.740942241503,127.122007046940,51.754304438829,0.0075,0.0071,287.387864,1.0098,8
757,548935600,50,36.740943281573,127.122002583970,51.758673945442,0.0075,0.0071,286.149087,1.0098,8
758,548935650,50,36.740944359508,127.121998093797,51.755794147961,0.0075,0.0071,286.609182,1.0098,8
759,548935700,50,36.740945391249,127.121993585831,51.760034426115,0.0075,0.0071,285.874579,1.0098,8
760,548935750,50,36.740946408684,127.121989082099,51.755969235674,0.0075,0.0071,285.679338,1.0098,8
761,548935800,50,36.740947448504,127.121984581918,51.759522210807,0.0075,0.0071,286.018803,1.0098,8
762,548935850,50,36.740948466566,127.121980080880,51.759996860288,0.0075,0.0071,285.697455,1.0098,8
763,548935900,50,36.740949519057,127.121975525413,51.758196341805,0.0074,0.0071,285.697408,1.0098,8
764,548935950,50,36.740950541807,127.121970997456,51.766323330812,0.0075,0.0071,285.676997,1.0098,8
765,548936000,50,36.740951546696,127.121966456690,51.758943250403,0.0075,0.0071,285.374944,1.0098,8
766,548936050,50,36.740952585656,127.121961883885,51.764340157621,0.0075,0.0071,285.764724,1.0098,8
767,548936100,50,36.740953597128,127.121957279924,51.770266724750,0.0075,0.0071,285.268472,1.0098,8
768,548936150,50,36.740954683792,127.121952707660,51.764551430941,0.0075,0.0071,286.452064,1.0098,8
769,548936200,50,36.740955756899,127.121948127831,51.770249767229,0.0075,0.0071,286.232269,1.0098,8
770,548936250,50,36.740956833641,127.121943530414,51.763408439234,0.0075,0.0071,286.225351,1.0098,8
771,548936300,50,36.740957909416,127.121938942096,51.769041976891,0.0075,0.0071,286.241994,1.0098,8
772,548936350,50,36.740959011371,127.121934326437,51.763642454520,0.0075,0.0071,286.522677,1.0098,8
773,548936400,50,36.740960144487,127.121929820038,51.768940401264,0.0075,0.0071,287.350255,1.0098,8
774,548936450,50,36.740961271128,127.121925240646,51.762115491554,0.0075,0.0071,286.997942,1.0098,8
775,548936500,50,36.740962456096,127.121920690428,51.765310081653,0.0075,0.0071,287.930464,1.0098,8
776,548936550,50,36.740963661857,127.121916125013,51.754754500464,0.0075,0.0071,288.167802,1.0098,8
777,548936600,50,36.740964925924,127.121911590861,51.757719216868,0.0075,0.0071,289.106135,1.0098,8
778,548936650,50,36.740966182029,127.121907056202,51.760456892662,0.0075,0.0071,288.992493,1.0098,8
779,548936700,50,36.740967480732,127.121902557641,51.756542033516,0.0075,0.0071,289.733344,1.0098,8
780,548936750,50,36.740968818083,127.121898031358,51.751871272922,0.0075,0.0071,290.159248,1.0098,8
781,548936800,50,36.740970169593,127.121893540418,51.759729638696,0.0075,0.0071,290.502146,1.0098,8
782,548936850,50,36.740971589789,127.121889094210,51.757366857491,0.0075,0.0071,291.647363,1.0098,8
783,548936900,50,36.740973041436,127.121884654083,51.758926780894,0.0075,0.0071,292.108423,1.0098,8
784,548936950,50,36.740974536601,127.121880208819,51.762045901269,0.0075,0.0071,292.681212,1.0098,8
785,548937000,50,36.740976078086,127.121875794810,51.758426958695,0.0076,0.0071,293.457078,1.0098,8
786,548937050,50,36.740977647581,127.121871433580,51.755788704380,0.0076,0.0071,294.091967,1.0098,8
787,548937100,50,36.740979279026,127.121867099662,51.760907073505,0.0075,0.0071,294.091914,1.0098,8
788,548937150,50,36.740980948346,127.121862752245,51.764235872775,0.0075,0.0071,295.505975,1.0098,8
789,548937200,50,36.740982649434,127.121858428829,51.767377637327,0.0075,0.0071,296.053200,1.0098,8
790,548937250,50,36.740984364793,127.121854139676,51.764406141825,0.0075,0.0071,296.423786,1.0098,8
791,548937300,50,36.740986163503,127.121849886834,51.768195164390,0.0075,0.0071,297.722679,1.0098,8
792,548937350,50,36.740988024529,127.121845658817,51.765314388089,0.0075,0.0071,298.674945,1.0098,8
793,548937400,50,36.740989896233,127.121841505128,51.769315036945,0.0075,0.0071,299.244317,1.0098,8
794,548937450,50,36.740991789565,127.121837352345,51.770544197410,0.0075,0.0071,299.531121,1.0098,8
795,548937500,50,36.740993788682,127.121833252013,51.778458341956,0.0075,0.0071,301.207184,1.0098,8
796,548937550,50,36.740995822367,127.121829157291,51.767337472178,0.0075,0.0071,301.679243,1.0098,8
797,548937600,50,36.740997885674,127.121825151346,51.769637661986,0.0075,0.0071,302.618262,1.0098,8
798,548937650,50,36.741000037607,127.121821145953,51.768890840001,0.0074,0.0070,302.618207,1.0098,8
799,548937700,50,36.741002210684,127.121817202107,51.773794526234,0.0074,0.0070,304.396917,1.0098,8
800,548937750,50,36.741004437560,127.121813299124,51.773414057679,0.0074,0.0070,305.333980,1.0098,8
801,548937800,50,36.741006682397,127.121809455271,51.775423876010,0.0074,0.0070,305.966202,1.0098,8
