0,547300650,50,36.742028539135,127.119332077183,51.814242284745,0.0078,0.0074,17.029286,1.1523,7
1,547300700,50,36.742028534663,127.119332060917,51.817537568510,0.0078,0.0074,251.135471,1.1523,7
2,547300750,50,36.742028516044,127.119332049786,51.808182687499,0.0078,0.0074,205.694583,1.1523,7
3,547300800,50,36.742028548743,127.119332077665,51.814867787063,0.0078,0.0074,34.457330,1.1523,7
4,547300850,50,36.742028533110,127.119332073511,51.817967266776,0.0077,0.0073,34.457330,1.1523,7
5,547300900,50,36.742028538079,127.119332111279,51.808761217631,0.0077,0.0073,80.715531,1.1523,7
6,547300950,50,36.742028552584,127.119332096304,51.815937367268,0.0077,0.0073,320.276542,1.1523,7
7,547301000,50,36.742028513571,127.119332075335,51.817929760553,0.0077,0.0073,203.392901,1.1523,7
8,547301050,50,36.742028520726,127.119332079165,51.811670085415,0.0077,0.0073,23.309991,1.1523,7
9,547301100,50,36.742028548730,127.119332083591,51.818559787236,0.0077,0.0073,7.248294,1.1523,7
10,547301150,50,36.742028492360,127.119332064093,51.812859249301,0.0077,0.0073,195.555157,1.1523,7
11,547301200,50,36.742028553999,127.119332091470,51.817186371423,0.0077,0.0073,19.669323,1.1523,7
12,547301250,50,36.742028529471,127.119332074763,51.816199443303,0.0077,0.0073,208.731221,1.1523,7
13,547301300,50,36.742028517960,127.119332065047,51.814208566211,0.0077,0.0073,214.186009,1.1523,7
14,547301350,50,36.742028560749,127.119332090400,51.825211538002,0.0077,0.0073,25.493630,1.1523,7
15,547301400,50,36.742028517094,127.119332092538,51.810163115151,0.0077,0.0073,177.742631,1.1523,7
16,547301450,50,36.742028551552,127.119332081802,51.817309301347,0.0077,0.0073,345.922984,1.1523,7
17,547301500,50,36.742028521839,127.119332100217,51.811900362372,0.0077,0.0073,153.489898,1.1523,7
18,547301550,50,36.742028529477,127.119332052886,51.821299042553,0.0078,0.0074,281.338214,1.1523,7
19,547301600,50,36.742028526168,127.119332080038,51.810859010555,0.0078,0.0074,98.612023,1.1523,7
20,547301650,50,36.742028515376,127.119332073896,51.809490984306,0.0078,0.0074,204.612111,1.1523,7
21,547301700,50,36.742028526993,127.119332092304,51.812130250968,0.0078,0.0074,51.898196,1.1523,7
22,547301750,50,36.742028547855,127.119332116072,51.816921292804,0.0078,0.0074,42.518388,1.1523,7
23,547301800,50,36.742028547253,127.119332083756,51.814321585000,0.0078,0.0074,268.672863,1.1523,7
24,547301850,50,36.742028538488,127.119332080340,51.817662642337,0.0078,0.0074,197.416514,1.1523,7
25,547301900,50,36.742028530387,127.119332072681,51.815256939270,0.0078,0.0074,217.268869,1.1523,7
26,547301950,50,36.742028501066,127.119332061385,51.816687977873,0.0078,0.0074,197.225882,1.1523,7
27,547302050,50,36.742028539380,127.119332090564,51.818155372515,0.0078,0.0074,43.239803,1.1523,7
28,547302050,50,36.742028539380,127.119332090564,51.818155372515,0.0078,0.0074,43.239803,1.1523,7
29,547302100,50,36.742028549365,127.119332094469,51.814527837560,0.0078,0.0074,17.469842,1.1523,7
30,547302150,50,36.742028540294,127.119332104012,51.810529847629,0.0078,0.0074,139.747364,1.1523,7
31,547302200,50,36.742028536559,127.119332075520,51.820620295592,0.0077,0.0073,139.747361,1.1523,7
32,547302250,50,36.742028530781,127.119332075765,51.814958809875,0.0077,0.0073,178.048796,1.1523,7
33,547302300,50,36.742028512314,127.119332082585,51.809748602100,0.0077,0.0073,163.447206,1.1523,7
34,547302350,50,36.742028512930,127.119332064435,51.817603197880,0.0077,0.0073,272.414443,1.1523,7
35,547302400,50,36.742028497594,127.119332065764,51.809969033115,0.0077,0.0073,176.010456,1.1523,7
36,547302450,50,36.742028504895,127.119332065534,51.814220260829,0.0077,0.0073,358.543800,1.1523,7
37,547302500,50,36.742028534233,127.119332073240,51.815322272480,0.0077,0.0073,11.936754,1.1523,7
38,547302550,50,36.742028499965,127.119332051924,51.811287973076,0.0077,0.0074,206.593166,1.1523,7
39,547302600,50,36.742028516789,127.119332075029,51.808692262508,0.0077,0.0074,47.861467,1.1523,7
40,547302650,50,36.742028513678,127.119332060925,51.805918388069,0.0077,0.0073,47.861467,1.1523,7
41,547302700,50,36.742028522206,127.119332072950,51.810109337792,0.0077,0.0073,48.616934,1.1523,7
42,547302750,50,36.742028508430,127.119332079428,51.806247256696,0.0077,0.0073,159.272480,1.1523,7
43,547302800,50,36.742028508627,127.119332052317,51.805520781316,0.0077,0.0073,270.518867,1.1523,7
44,547302850,50,36.742028526676,127.119332063546,51.807319818065,0.0077,0.0073,26.597363,1.1523,7
45,547302900,50,36.742028523493,127.119332088150,51.802111243829,0.0077,0.0073,99.132096,1.1523,7
46,547302950,50,36.742028522986,127.119332088092,51.806622428820,0.0077,0.0073,185.229065,1.1523,7
47,547303000,50,36.742028541558,127.119332087969,51.803611546755,0.0077,0.0073,359.694720,1.1523,7
48,547303050,50,36.742028532907,127.119332083479,51.805849824101,0.0077,0.0073,202.669014,1.1523,7
49,547303100,50,36.742028520361,127.119332093275,51.803792251274,0.0077,0.0073,147.855489,1.1523,7
50,547303150,50,36.742028540424,127.119332083339,51.805101173930,0.0077,0.0073,338.269174,1.1523,7
51,547303200,50,36.742028531901,127.119332087612,51.805537508801,0.0077,0.0073,158.029227,1.1523,7
52,547303250,50,36.742028541951,127.119332079234,51.808593489230,0.0077,0.0073,326.143995,1.1523,7
53,547303300,50,36.742028541388,127.119332098745,51.800381322391,0.0077,0.0073,92.053906,1.1523,7
54,547303350,50,36.742028503363,127.119332084419,51.799229495227,0.0077,0.0073,196.868245,1.1523,7
55,547303400,50,36.742028539753,127.119332068097,51.803644764237,0.0077,0.0073,340.151895,1.1523,7
56,547303450,50,36.742028538456,127.119332088952,51.800393202342,0.0077,0.0073,94.419221,1.1523,7
57,547303500,50,36.742028550480,127.119332103398,51.802313567139,0.0077,0.0073,44.035890,1.1523,7
58,547303550,50,36.742028521717,127.119332083996,51.802253912203,0.0077,0.0073,208.497257,1.1523,7
59,547303600,50,36.742028547295,127.119332100322,51.802290693857,0.0077,0.0073,27.188830,1.1523,7
60,547303650,50,36.742028541820,127.119332101819,51.806045765989,0.0076,0.0073,27.188829,1.1523,7
61,547303700,50,36.742028552559,127.119332079813,51.809389334172,0.0076,0.0073,301.231014,1.1523,7
62,547303750,50,36.742028512666,127.119332072202,51.800436565652,0.0076,0.0073,188.729456,1.1523,7
63,547303800,50,36.742028521417,127.119332071433,51.802673479542,0.0076,0.0073,355.956084,1.1523,7
64,547303850,50,36.742028537288,127.119332088582,51.805112166330,0.0076,0.0073,41.009206,1.1523,7
65,547303900,50,36.742028557965,127.119332103377,51.807442234829,0.0077,0.0073,29.935548,1.1523,7
66,547303950,50,36.742028527885,127.119332104980,51.806101959199,0.0077,0.0073,177.543973,1.1523,7
67,547304000,50,36.742028540650,127.119332107733,51.802783600986,0.0077,0.0073,9.847065,1.1523,7
68,547304050,50,36.742028530360,127.119332082022,51.807490001433,0.0077,0.0073,243.558883,1.1523,7
69,547304100,50,36.742028538631,127.119332082571,51.806488824077,0.0077,0.0073,3.057008,1.1523,7
70,547304150,50,36.742028536042,127.119332088497,51.807008484378,0.0077,0.0073,118.502209,1.1523,7
71,547304200,50,36.742028533309,127.119332092769,51.801535340957,0.0077,0.0073,128.481957,1.1523,7
72,547304250,50,36.742028527029,127.119332107162,51.802732904442,0.0077,0.0073,118.464287,1.1523,7
73,547304300,50,36.742028534987,127.119332102392,51.806224030443,0.0077,0.0073,334.246817,1.1523,7
74,547304350,50,36.742028551245,127.119332110644,51.804024483077,0.0077,0.0073,22.219301,1.1523,7
75,547304400,50,36.742028512123,127.119332095343,51.799859873950,0.0077,0.0073,197.471574,1.1523,7
76,547304450,50,36.742028545086,127.119332101415,51.803946665488,0.0077,0.0073,8.432544,1.1523,7
77,547304500,50,36.742028537582,127.119332086120,51.805798863061,0.0077,0.0073,238.636484,1.1523,7
78,547304550,50,36.742028557753,127.119332115263,51.805656725541,0.0077,0.0073,49.304244,1.1523,7
79,547304600,50,36.742028524960,127.119332115689,51.798800908029,0.0077,0.0073,179.400525,1.0552,8
80,547304650,50,36.742028517390,127.119332091879,51.799385360442,0.0077,0.0073,248.443265,1.0552,8
81,547304700,50,36.742028524858,127.119332110025,51.801117243245,0.0077,0.0073,62.915314,1.0552,8
82,547304750,50,36.742028537599,127.119332092375,51.804503049701,0.0077,0.0073,311.889552,1.0552,8
83,547304800,50,36.742028543920,127.119332118018,51.811387678608,0.0076,0.0073,311.889553,1.0552,8
84,547304850,50,36.742028494475,127.119332090529,51.804914420471,0.0076,0.0073,204.105951,1.0552,8
85,547304900,50,36.742028519896,127.119332101733,51.805575175211,0.0076,0.0073,19.530862,1.0552,8
86,547304950,50,36.742028523794,127.119332126738,51.805895319209,0.0076,0.0073,79.037336,1.0552,8
87,547305000,50,36.742028508954,127.119332088839,51.805511659943,0.0076,0.0073,244.055143,1.0552,8
88,547305050,50,36.742028526729,127.119332107067,51.804241175763,0.0076,0.0073,39.533513,1.0552,8
89,547305100,50,36.742028513308,127.119332095807,51.804652624764,0.0076,0.0073,214.027517,1.0552,8
90,547305150,50,36.742028531874,127.119332113107,51.802848311141,0.0076,0.0073,36.865695,1.0552,8
91,547305200,50,36.742028506754,127.119332095581,51.801620126702,0.0077,0.0073,209.313846,1.0552,8
92,547305250,50,36.742028527183,127.119332094587,51.803218333982,0.0077,0.0073,357.758698,1.0552,8
93,547305300,50,36.742028514363,127.119332079113,51.808101216331,0.0077,0.0073,224.171355,1.0552,8
94,547305350,50,36.742028511232,127.119332096829,51.798471247777,0.0077,0.0073,102.387754,1.0552,8
95,547305400,50,36.742028517763,127.119332101009,51.804616814479,0.0077,0.0073,27.253368,1.0552,8
96,547305450,50,36.742028529215,127.119332089271,51.804303045385,0.0077,0.0073,320.478899,1.0552,8
97,547305500,50,36.742028540102,127.119332096493,51.808946716599,0.0077,0.0073,28.097009,1.0552,8
98,547305550,50,36.742028534866,127.119332117202,51.803681223653,0.0077,0.0073,107.438232,1.0552,8
99,547305600,50,36.742028525001,127.119332109760,51.799238012172,0.0077,0.0073,211.261759,1.0552,8
100,547305650,50,36.742028525625,127.119332104869,51.805259907618,0.0077,0.0073,279.002038,1.0552,8
101,547305700,50,36.742028538459,127.119332108295,51.804829687811,0.0077,0.0073,12.123593,1.0552,8
102,547305750,50,36.742028506878,127.119332089680,51.799641313031,0.0077,0.0073,205.378439,1.0552,8
103,547305800,50,36.742028529151,127.119332103227,51.799783891998,0.0077,0.0073,26.082274,1.0552,8
104,547305850,50,36.742028520554,127.119332122833,51.801233417355,0.0077,0.0073,118.581855,1.0552,8
105,547305900,50,36.742028521034,127.119332083547,51.804672539234,0.0077,0.0074,270.869261,1.0552,8
106,547305950,50,36.742028540839,127.119332111073,51.801716531627,0.0077,0.0077,270.869261,1.0552,8
107,547306000,50,36.742028540764,127.119332107140,51.800685833208,0.0077,0.0077,268.639041,1.0552,8
108,547306050,50,36.742028550546,127.119332119347,51.794856030494,0.0078,0.0077,334.725861,1.0552,8
109,547306100,50,36.742028528738,127.119332119347,51.794856030494,0.0078,0.0077,146.484753,1.0552,8
110,547306150,50,36.742028524305,127.119332108726,51.794668825343,0.0078,0.0077,242.589237,1.0552,8
111,547306200,50,36.742028522613,127.119332095519,51.802071370184,0.0078,0.0077,260.953742,1.0552,8
112,547306250,50,36.742028544292,127.119332117366,51.795048000291,0.0078,0.0077,39.042637,1.0552,8
113,547306300,50,36.742028539516,127.119332128489,51.796687114984,0.0078,0.0078,118.081087,1.0552,8
114,547306350,50,36.742028524648,127.119332110354,51.797336297110,0.0078,0.0078,224.468624,1.0552,8
115,547306400,50,36.742028519064,127.119332104077,51.795474597253,0.0078,0.0078,222.136388,1.0552,8
116,547306450,50,36.742028544699,127.119332131998,51.797413165681,0.0078,0.0078,41.237270,1.0552,8
117,547306500,50,36.742028543552,127.119332111108,51.802813450806,0.0078,0.0078,266.097179,1.0552,8
118,547306550,50,36.742028556370,127.119332122627,51.794797038659,0.0078,0.0078,35.876707,1.0552,8
119,547306600,50,36.742028533157,127.119332113670,51.796285897493,0.0078,0.0078,197.253320,1.0552,8
120,547306650,50,36.742028544759,127.119332115062,51.791554121301,0.0078,0.0078,5.517345,1.0552,8
121,547306700,50,36.742028528849,127.119332104516,51.796655040234,0.0078,0.0078,208.078443,1.0552,8
122,547306750,50,36.742028549375,127.119332126468,51.796936621889,0.0078,0.0078,40.719824,1.0552,8
123,547306800,50,36.742028546738,127.119332115459,51.796135981567,0.0078,0.0078,253.428916,1.0552,8
124,547306850,50,36.742028558893,127.119332121846,51.798583682626,0.0078,0.0078,22.924849,1.0552,8
125,547306900,50,36.742028530416,127.119332115640,51.791806771420,0.0078,0.0078,189.949139,1.0552,8
126,547306950,50,36.742028557406,127.119332115631,51.795019420795,0.0078,0.0078,359.985014,1.0552,8
127,547307000,50,36.742028504361,127.119332075235,51.801003098488,0.0076,0.0073,359.985013,1.0552,8
128,547307050,50,36.742028513407,127.119332064070,51.802039997652,0.0076,0.0073,315.188157,1.0552,8
129,547307100,50,36.742028533530,127.119332108908,51.807772979140,0.0077,0.0073,60.853174,1.0552,8
130,547307150,50,36.742028528952,127.119332074863,51.809708992019,0.0077,0.0073,260.514824,1.0552,8
131,547307200,50,36.742028515527,127.119332081676,51.809454650618,0.0077,0.0073,157.783169,1.0552,8
132,547307250,50,36.742028513225,127.119332077295,51.801261779852,0.0077,0.0073,236.850026,1.0552,8
133,547307300,50,36.742028526290,127.119332062169,51.806275549345,0.0077,0.0073,317.023484,1.0552,8
134,547307350,50,36.742028525887,127.119332075657,51.805243056267,0.0077,0.0073,92.125859,1.0552,8
135,547307400,50,36.742028533095,127.119332077555,51.809180374257,0.0077,0.0073,11.965242,1.0552,8
136,547307450,50,36.742028509662,127.119332076802,51.801857721061,0.0077,0.0073,181.481640,1.0552,8
137,547307500,50,36.742028504102,127.119332075547,51.796072172932,0.0077,0.0073,190.296837,1.0552,8
138,547307550,50,36.742028545553,127.119332090496,51.806083341129,0.0077,0.0073,16.185661,1.0552,8
139,547307600,50,36.742028521512,127.119332091700,51.803528254852,0.0077,0.0073,177.691030,1.0552,8
140,547307650,50,36.742028490477,127.119332053625,51.798161987215,0.0076,0.0073,177.691031,1.0552,8
141,547307700,50,36.742028481466,127.119332043827,51.800542743877,0.0076,0.0073,221.187519,1.0552,8
142,547307750,50,36.742028507473,127.119332077028,51.800220867619,0.0076,0.0073,45.774627,1.0552,8
143,547307800,50,36.742028491082,127.119332054387,51.803703282960,0.0076,0.0073,228.028093,1.0552,8
144,547307850,50,36.742028499940,127.119332071754,51.801171779633,0.0076,0.0073,57.634408,1.0552,8
145,547307900,50,36.742028500923,127.119332057208,51.805287986994,0.0076,0.0073,274.796266,1.0552,8
146,547307950,50,36.742028514314,127.119332073620,51.794558431022,0.0076,0.0073,44.605079,1.0552,8
147,547308000,50,36.742028503637,127.119332061057,51.805253406055,0.0076,0.0073,223.438379,1.0552,8
148,547308050,50,36.742028513223,127.119332066168,51.801815060899,0.0076,0.0073,23.226760,1.0552,8
149,547308100,50,36.742028506008,127.119332086152,51.803425989114,0.0076,0.0073,114.160497,1.0552,8
150,547308150,50,36.742028476446,127.119332046053,51.798532586545,0.0076,0.0073,227.509432,1.0552,8
151,547308200,50,36.742028513755,127.119332072454,51.802146529779,0.0076,0.0073,29.662540,1.0552,8
152,547308250,50,36.742028508095,127.119332070222,51.804570115171,0.0076,0.0073,197.611347,1.0552,8
153,547308300,50,36.742028494200,127.119332077884,51.796009018086,0.0077,0.0073,156.069047,1.0552,8
154,547308350,50,36.742028497101,127.119332071068,51.804119413719,0.0077,0.0073,297.870607,1.0552,8
155,547308400,50,36.742028508463,127.119332040759,51.805905065499,0.0077,0.0073,294.975427,1.0552,8
156,547308450,50,36.742028506068,127.119332046547,51.799853587523,0.0077,0.0073,117.203771,1.0552,8
157,547308500,50,36.742028506616,127.119332063191,51.803119875491,0.0077,0.0073,87.661184,1.0552,8
158,547308550,50,36.742028507301,127.119332060313,51.807249321602,0.0077,0.0073,286.488583,1.0552,8
159,547308600,50,36.742028490220,127.119332064808,51.798247386701,0.0077,0.0073,168.042112,1.0552,8
160,547308650,50,36.742028517742,127.119332100454,51.806239664555,0.0076,0.0073,168.042128,1.0552,8
161,547308700,50,36.742028508814,127.119332082642,51.803208287805,0.0076,0.0073,238.086184,1.0552,8
162,547308750,50,36.742028523465,127.119332097071,51.803746118210,0.0076,0.0073,38.403673,1.0552,8
163,547308800,50,36.742028511800,127.119332082305,51.800863542594,0.0076,0.0073,225.533755,1.0552,8
164,547308850,50,36.742028505122,127.119332111603,51.806445248425,0.0076,0.0073,105.811820,1.0552,8
165,547308900,50,36.742028533368,127.119332121519,51.802929916419,0.0076,0.0073,15.776402,1.0552,8
166,547308950,50,36.742028523746,127.119332090071,51.801625917666,0.0076,0.0073,249.184129,1.0552,8
167,547309000,50,36.742028524092,127.119332094781,51.804616082460,0.0076,0.0073,84.789182,1.0552,8
168,547309050,50,36.742028511256,127.119332087945,51.804653706960,0.0076,0.0073,203.200951,1.0552,8
169,547309100,50,36.742028531825,127.119332111533,51.807066848502,0.0077,0.0073,42.704860,1.0552,8
170,547309150,50,36.742028513841,127.119332086705,51.804074156098,0.0077,0.0073,228.012230,1.0552,8
171,547309200,50,36.742028506469,127.119332085760,51.801431473345,0.0077,0.0073,185.889974,1.0552,8
172,547309250,50,36.742028537495,127.119332119242,51.806502481923,0.0077,0.0073,40.974796,1.0552,8
173,547309300,50,36.742028491599,127.119332113860,51.800231799483,0.0077,0.0073,185.391426,1.0552,8
174,547309350,50,36.742028507131,127.119332120590,51.804596784525,0.0077,0.0073,19.224434,1.0552,8
175,547309400,50,36.742028495148,127.119332156271,51.807398800738,0.0077,0.0073,112.650270,1.0552,8
176,547309450,50,36.742028487659,127.119332211647,51.805310511030,0.0077,0.0073,99.538341,1.0552,8
177,547309500,50,36.742028478791,127.119332247975,51.806449814700,0.0077,0.0073,106.873003,1.0552,8
178,547309550,50,36.742028433954,127.119332303523,51.797015669756,0.0077,0.0073,135.084414,1.0552,8
179,547309600,50,36.742028421237,127.119332388063,51.803448235616,0.0077,0.0073,100.586752,1.0552,8
180,547309650,50,36.742028413762,127.119332451413,51.806203999557,0.0076,0.0073,100.586753,1.0552,8
181,547309700,50,36.742028341213,127.119332514581,51.808190944605,0.0076,0.0073,144.979628,1.0552,8
182,547309750,50,36.742028324472,127.119332613525,51.801324098371,0.0076,0.0073,101.872303,1.0552,8
183,547309800,50,36.742028279528,127.119332723293,51.807549308054,0.0076,0.0073,116.964947,1.0552,8
184,547309850,50,36.742028248776,127.119332867190,51.804436973296,0.0076,0.0073,104.871020,1.0552,8
185,547309900,50,36.742028203890,127.119332989468,51.810031474568,0.0076,0.0073,114.518554,1.0552,8
186,547309950,50,36.742028170997,127.119333170247,51.809521469288,0.0076,0.0073,102.739118,1.0552,8
187,547310000,50,36.742028072179,127.119333279981,51.803799487650,0.0076,0.0073,138.212695,1.0552,8
188,547310050,50,36.742028043292,127.119333488320,51.812381849624,0.0077,0.0073,99.775219,1.0552,8
189,547310100,50,36.742027962304,127.119333687662,51.813415234908,0.0077,0.0073,116.785191,1.0552,8
190,547310150,50,36.742027853994,127.119333939787,51.814375150017,0.0077,0.0073,118.092380,1.0552,8
191,547310200,50,36.742027763796,127.119334215200,51.807445979677,0.0077,0.0073,112.143111,1.0552,8
192,547310250,50,36.742027663463,127.119334515944,51.812133976258,0.0077,0.0073,112.515478,1.0552,8
193,547310300,50,36.742027563202,127.119334812549,51.806871774606,0.0077,0.0073,112.782954,1.0552,8
194,547310350,50,36.742027463640,127.119335209535,51.808714366518,0.0077,0.0073,107.308154,1.1551,7
195,547310400,50,36.742027295361,127.119335551967,51.807969394140,0.0077,0.0073,121.408708,1.0563,8
196,547310450,50,36.742027145860,127.119335944260,51.807322029956,0.0077,0.0073,115.338678,1.0563,8
197,547310500,50,36.742027023311,127.119336372233,51.804366797209,0.0077,0.0073,109.585427,1.0563,8
198,547310550,50,36.742026868855,127.119336848449,51.816503504291,0.0077,0.0073,111.949774,1.0563,8
199,547310600,50,36.742026659153,127.119337295262,51.807847409509,0.0077,0.0074,120.248842,1.0563,8
200,547310650,50,36.742026485610,127.119337740825,51.807879582047,0.0077,0.0074,115.825064,1.0563,8
201,547310700,50,36.742026320877,127.119338346634,51.813315323554,0.0078,0.0077,108.668725,1.0563,8
202,547310750,50,36.742026171323,127.119338925886,51.809704284184,0.0078,0.0077,107.786467,1.0563,8
203,547310800,50,36.742025891389,127.119339502873,51.812588271685,0.0077,0.0076,107.786468,1.0563,8
204,547310850,50,36.742025637107,127.119340142678,51.801855994388,0.0077,0.0076,116.281463,1.0563,8
205,547310900,50,36.742025423705,127.119340833753,51.812335125171,0.0077,0.0076,110.991448,1.0563,8
206,547310950,50,36.742025215922,127.119341564494,51.805941763334,0.0077,0.0076,109.458814,1.0563,8
207,547311000,50,36.742024943557,127.119342302358,51.811815998517,0.0077,0.0076,114.638707,1.0563,8
208,547311050,50,36.742024650529,127.119343050202,51.806168353185,0.0077,0.0076,115.959735,1.0563,8
209,547311100,50,36.742024372246,127.119343857362,51.802110418677,0.0077,0.0078,113.189626,1.0563,8
210,547311150,50,36.742024051881,127.119344681102,51.805729893036,0.0077,0.0078,115.791780,1.0563,8
211,547311200,50,36.742023774060,127.119345578336,51.812120834365,0.0078,0.0078,111.043739,1.0563,8
212,547311250,50,36.742023452236,127.119346495297,51.807163159363,0.0078,0.0078,113.561601,1.0563,8
213,547311300,50,36.742023102838,127.119347466725,51.812117752619,0.0078,0.0078,114.080268,1.0563,8
214,547311350,50,36.742022778782,127.119348446408,51.811113206670,0.0078,0.0078,112.342726,1.0563,8
215,547311400,50,36.742022408853,127.119349481663,51.815208449960,0.0078,0.0078,113.941089,1.0563,8
216,547311450,50,36.742022029170,127.119350540210,51.810668414459,0.0078,0.0078,114.021428,1.0563,8
217,547311500,50,36.742021640918,127.119351665194,51.805113519542,0.0078,0.0078,113.210697,1.0563,8
218,547311550,50,36.742021268623,127.119352821844,51.812552046962,0.0078,0.0078,111.798408,1.0563,8
219,547311600,50,36.742020840277,127.119353995038,51.814957735129,0.0078,0.0077,114.402038,1.0563,8
220,547311650,50,36.742020447256,127.119355197350,51.812837281264,0.0078,0.0077,112.105508,1.0563,8
221,547311700,50,36.742020013950,127.119356456729,51.813454187475,0.0078,0.0077,113.147237,1.0563,8
222,547311750,50,36.742019513299,127.119357728903,51.812585847452,0.0078,0.0077,116.058036,1.0563,8
223,547311800,50,36.742019060231,127.119359038137,51.800033094361,0.0078,0.0079,113.267050,1.0563,8
224,547311850,50,36.742018609466,127.119360391381,51.807911519893,0.0078,0.0078,112.484086,1.0563,8
225,547311900,50,36.742018131619,127.119361777429,51.816686125472,0.0078,0.0078,113.188892,1.0563,8
226,547311950,50,36.742017652490,127.119363182033,51.809270207770,0.0078,0.0078,112.969411,1.0563,8
227,547312000,50,36.742017121721,127.119364551475,51.812873926945,0.0079,0.0078,115.714653,1.0563,8
228,547312050,50,36.742016612012,127.119366067260,51.807243777439,0.0079,0.0078,112.676339,1.0563,8
229,547312100,50,36.742016065031,127.119367494296,51.804964745417,0.0079,0.0080,115.466683,1.0563,8
230,547312150,50,36.742015564624,127.119369013871,51.803695804439,0.0078,0.0079,115.466690,1.0563,8
231,547312200,50,36.742014997148,127.119370570134,51.798123764805,0.0078,0.0079,114.374242,1.0563,8
232,547312250,50,36.742014454237,127.119372076118,51.809436531737,0.0078,0.0079,114.129392,1.0563,8
233,547312300,50,36.742013928403,127.119373739754,51.794331273064,0.0079,0.0080,111.441639,1.0563,8
234,547312350,50,36.742013313709,127.119375306711,51.806822351180,0.0078,0.0079,115.985899,1.0563,8
235,547312400,50,36.742012778465,127.119376970585,51.810223085806,0.0078,0.0079,111.786883,1.0563,8
236,547312450,50,36.742012177814,127.119378585034,51.805327876471,0.0079,0.0080,114.810231,1.0563,8
237,547312500,50,36.742011595506,127.119380278374,51.799561835825,0.0079,0.0080,113.136282,1.0563,8
238,547312550,50,36.742011034059,127.119381971914,51.801415749826,0.0079,0.0080,112.388136,1.0563,8
239,547312600,50,36.742010466942,127.119383711834,51.802187098190,0.0079,0.0080,112.047836,1.0563,8
240,547312650,50,36.742009814158,127.119385381169,51.810891536064,0.0078,0.0080,112.047852,1.0563,8
241,547312700,50,36.742009189644,127.119387143869,51.802236372605,0.0078,0.0080,113.760179,1.0563,8
242,547312750,50,36.742008555043,127.119388950263,51.806641906500,0.0078,0.0080,113.581895,1.0563,8
243,547312800,50,36.742007896899,127.119390697062,51.803361136466,0.0078,0.0080,115.086742,1.0563,8
244,547312850,50,36.742007247120,127.119392480746,51.811458102427,0.0078,0.0080,114.353585,1.0563,8
245,547312900,50,36.742006576175,127.119394314664,51.807644321583,0.0078,0.0080,114.445873,1.0563,8
246,547312950,50,36.742005914235,127.119396176453,51.805091026239,0.0079,0.0080,113.834444,1.0563,8
247,547313000,50,36.742005244417,127.119398041960,51.809077325277,0.0079,0.0080,114.043420,1.0563,8
248,547313050,50,36.742004587078,127.119399949298,51.797972161323,0.0079,0.0080,113.181751,1.0563,8
249,547313100,50,36.742003911954,127.119401814161,51.808659533970,0.0079,0.0080,114.219519,1.0563,8
250,547313150,50,36.742003188590,127.119403728655,51.811461300589,0.0079,0.0080,115.148817,1.0563,8
251,547313200,50,36.742002505620,127.119405662806,51.800422434695,0.0079,0.0080,113.689618,1.0563,8
252,547313250,50,36.742001824189,127.119407618414,51.815638941713,0.0079,0.0080,113.410722,1.0563,8
253,547313300,50,36.742001138686,127.119409581031,51.813555000350,0.0079,0.0079,113.460493,1.0563,8
254,547313350,50,36.742000429827,127.119411551043,51.813408942893,0.0079,0.0079,114.089158,1.0563,8
255,547313400,50,36.741999757154,127.119413510779,51.809493158013,0.0079,0.0081,113.098056,1.0563,8
256,547313450,50,36.741999017275,127.119415524630,51.798613014631,0.0080,0.0082,114.536755,1.0563,8
257,547313500,50,36.741998274297,127.119417460719,51.814048497938,0.0079,0.0080,115.492993,1.0563,8
258,547313550,50,36.741997551820,127.119419461552,51.808957749046,0.0079,0.0080,114.164069,1.0563,8
259,547313600,50,36.741996871994,127.119421570321,51.796922990121,0.0082,0.0089,111.829491,1.0563,8
260,547313650,50,36.741996135101,127.119423574201,51.797768298537,0.0081,0.0089,111.829511,1.0563,8
261,547313700,50,36.741995433938,127.119425663320,51.805162293836,0.0081,0.0089,112.637476,1.0563,8
262,547313750,50,36.741994645858,127.119427742851,51.799925183877,0.0081,0.0089,115.214991,1.0563,8
263,547313800,50,36.741993928274,127.119429774715,51.797945094295,0.0081,0.0089,113.692826,1.0563,8
264,547313850,50,36.741993184339,127.119431866432,51.805091786198,0.0081,0.0089,113.841466,1.0563,8
265,547313900,50,36.741992433605,127.119433999096,51.797780312598,0.0081,0.0089,113.624266,1.0563,8
266,547313950,50,36.741991671385,127.119436153237,51.805145527236,0.0081,0.0089,113.733066,1.0563,8
267,547314000,50,36.741990876647,127.119438286288,51.799369055778,0.0081,0.0089,114.841645,1.0563,8
268,547314050,50,36.741990062245,127.119440415548,51.794055773877,0.0081,0.0089,115.419221,1.0563,8
269,547314100,50,36.741989287645,127.119442663083,51.789576765150,0.0081,0.0089,113.182171,1.0563,8
270,547314150,50,36.741988439425,127.119444828299,51.809640182182,0.0081,0.0089,115.955020,1.0570,8
271,547314200,50,36.741987659455,127.119447130314,51.803109532222,0.0081,0.0089,112.830926,1.0570,8
272,547314250,50,36.741986838228,127.119449389039,51.800855080597,0.0081,0.0089,114.311572,1.0570,8
273,547314300,50,36.741986014328,127.119451651888,51.805564661510,0.0082,0.0089,114.342220,1.0570,8
274,547314350,50,36.741985180672,127.119454024397,51.798747617751,0.0082,0.0089,113.586265,1.0570,8
275,547314400,50,36.741984332663,127.119456348331,51.803534323350,0.0082,0.0089,114.389706,1.0570,8
276,547314450,50,36.741983493285,127.119458745589,51.809920270927,0.0082,0.0090,113.512041,1.0570,8
277,547314500,50,36.741982653608,127.119461141477,51.803349470720,0.0082,0.0090,113.531481,1.0570,8
278,547314550,50,36.741981704036,127.119463546560,51.802752018906,0.0082,0.0090,116.131438,1.0570,8
279,547314600,50,36.741980838032,127.119466064555,51.804958856665,0.0082,0.0090,113.138960,1.1557,7
280,547314650,50,36.741979919263,127.119468505578,51.810112492181,0.0081,0.0089,113.138984,1.1557,7
281,547314700,50,36.741979011555,127.119471026469,51.796382505447,0.0081,0.0089,114.103967,1.0571,8
282,547314750,50,36.741978045153,127.119473577613,51.803791694343,0.0081,0.0089,115.205721,1.0571,8
283,547314800,50,36.741977111811,127.119476189759,51.797311304137,0.0081,0.0089,113.939696,1.0571,8
284,547314850,50,36.741976138122,127.119478700823,51.799239721149,0.0081,0.0089,115.725001,1.0571,8
285,547314900,50,36.741975172078,127.119481385350,51.797038829885,0.0081,0.0089,114.091038,1.1557,7
286,547314950,50,36.741974214956,127.119484023755,51.809805868194,0.0082,0.0089,114.263407,1.0571,8
287,547315000,50,36.741973257234,127.119486728863,51.802265644073,0.0082,0.0089,113.745145,1.0571,8
288,547315050,50,36.741972246390,127.119489478629,51.795863366686,0.0082,0.0090,114.549446,1.1558,7
289,547315100,50,36.741971239823,127.119492235674,51.801651979797,0.0082,0.0090,114.400735,1.1558,7
290,547315150,50,36.741970208935,127.119494970555,51.798804551363,0.0082,0.0090,115.096598,1.0572,8
291,547315200,50,36.741969181547,127.119497761052,51.794487698935,0.0082,0.0090,114.582604,1.0572,8
292,547315250,50,36.741968143105,127.119500551989,51.806479422376,0.0082,0.0090,114.811936,1.0572,8
293,547315300,50,36.741967127554,127.119503440635,51.811327335425,0.0082,0.0090,113.597300,1.1558,7
294,547315350,50,36.741966072619,127.119506336978,51.808768576942,0.0082,0.0090,114.349992,1.1558,7
295,547315400,50,36.741964946430,127.119509154536,51.790626881644,0.0082,0.0090,116.411090,1.1558,7
296,547315450,50,36.741963896325,127.119512149980,51.792713683099,0.0082,0.0090,113.537528,1.0572,8
297,547315500,50,36.741962817377,127.119515122525,51.795445620082,0.0082,0.0090,114.275568,1.0572,8
298,547315550,50,36.741961715161,127.119518084640,51.805211464874,0.0082,0.0090,114.813544,1.0572,8
299,547315600,50,36.741960551066,127.119521124101,51.803580435924,0.0082,0.0090,115.448975,1.0572,8
300,547315650,50,36.741959417707,127.119524084869,51.798211280257,0.0082,0.0091,115.437261,1.0572,8
301,547315700,50,36.741958324948,127.119527190328,51.793444355018,0.0082,0.0091,113.616208,1.0572,8
302,547315750,50,36.741957154418,127.119530282332,51.793618404306,0.0082,0.0091,115.191440,1.0572,8
303,547315800,50,36.741956007433,127.119533352359,51.794051812962,0.0082,0.0091,114.901638,1.0572,8
304,547315850,50,36.741954804884,127.119536516864,51.794004864991,0.0081,0.0089,114.901667,1.0572,8
305,547315900,50,36.741953663377,127.119539666828,51.796665390953,0.0081,0.0089,114.241014,1.0572,8
306,547315950,50,36.741952465235,127.119542840991,51.803295250982,0.0081,0.0089,115.127304,1.0572,8
307,547316000,50,36.741951250338,127.119546040827,51.800472387113,0.0082,0.0090,115.256009,1.0572,8
308,547316050,50,36.741950053744,127.119549290961,51.797264471650,0.0082,0.0090,114.582232,1.0572,8
309,547316100,50,36.741948848058,127.119552623388,51.773378511891,0.0082,0.0090,114.206482,1.0572,8
310,547316150,50,36.741947614025,127.119555787002,51.781852357090,0.0082,0.0090,115.858349,1.0572,8
311,547316200,50,36.741946358216,127.119559078958,51.787241588347,0.0082,0.0091,115.360913,1.0572,8
312,547316250,50,36.741945112752,127.119562444177,51.787102956325,0.0082,0.0091,114.695811,1.0572,8
313,547316300,50,36.741943826526,127.119565793308,51.783051049337,0.0082,0.0091,115.510096,1.0572,8
314,547316350,50,36.741942571799,127.119569121473,51.781891179271,0.0082,0.0091,115.100187,1.0572,8
315,547316450,50,36.741940051846,127.119575938669,51.776291441172,0.0082,0.0091,113.721713,1.0572,8
316,547316450,50,36.741940051846,127.119575938669,51.776291441172,0.0082,0.0091,115.628747,1.0572,8
317,547316500,50,36.741938721776,127.119579396733,51.777969096787,0.0082,0.0091,115.543765,1.0572,8
318,547316550,50,36.741937440605,127.119582888116,51.776557794772,0.0082,0.0091,114.510618,1.0572,8
319,547316600,50,36.741936080403,127.119586342691,51.777309160680,0.0082,0.0091,116.069438,1.0572,8
320,547316650,50,36.741934753979,127.119589862349,51.770410757512,0.0082,0.0091,115.091947,1.0572,8
321,547316700,50,36.741933480878,127.119593452461,51.771468115039,0.0082,0.0091,113.779156,1.0572,8
322,547316750,50,36.741932074513,127.119597022727,51.772983719595,0.0082,0.0091,116.079255,1.0572,8
323,547316800,50,36.741930719664,127.119600558290,51.777649136260,0.0083,0.0091,115.461253,1.0572,8
324,547316850,50,36.741929362874,127.119604182941,51.782774006948,0.0083,0.0091,114.943519,1.1560,7
325,547316900,50,36.741927973635,127.119607851714,51.772225562483,0.0083,0.0091,115.197183,1.0575,8
326,547316950,50,36.741926561953,127.119611557226,51.794986125082,0.0083,0.0091,115.331215,1.0575,8
327,547317000,50,36.741925136255,127.119615276739,51.770476282574,0.0086,0.0091,115.331252,1.0575,8
328,547317050,50,36.741923731904,127.119618939985,51.770476282574,0.0086,0.0091,115.470354,1.0575,8
329,547317100,50,36.741922324236,127.119622643019,51.769215902314,0.0085,0.0091,115.283019,1.0575,8
330,547317150,50,36.741920942987,127.119626448624,51.764152022079,0.0085,0.0091,114.274364,1.1561,7
331,547317200,50,36.741919520541,127.119630180138,51.779286310077,0.0085,0.0091,115.344615,1.1561,7
332,547317250,50,36.741918035468,127.119634042003,51.753371974453,0.0085,0.0092,115.539116,1.0575,8
333,547317300,50,36.741916590751,127.119637805742,51.772918127477,0.0085,0.0092,115.498695,1.0575,8
334,547317350,50,36.741915136653,127.119641651555,51.777924284339,0.0085,0.0092,115.164141,1.0575,8
335,547317400,50,36.741913635530,127.119645451495,51.775345739909,0.0089,0.0092,116.144041,1.0575,8
336,547317450,50,36.741912123254,127.119649362769,51.768201773055,0.0089,0.0092,115.660511,1.0575,8
337,547317500,50,36.741910655069,127.119653230359,51.786674022675,0.0089,0.0092,115.252342,1.0575,8
338,547317600,50,36.741907701499,127.119660998238,51.772635779344,0.0089,0.0092,114.819495,1.0575,8
339,547317600,50,36.741907701499,127.119660998238,51.772635779344,0.0089,0.0092,115.754061,1.0575,8
340,547317650,50,36.741906205715,127.119664902707,51.764959138818,0.0085,0.0085,115.754102,1.0575,8
341,547317700,50,36.741904639016,127.119668850522,51.767497062683,0.0085,0.0085,116.248006,1.0575,8
342,547317750,50,36.741903184413,127.119672775755,51.769987122156,0.0085,0.0085,114.723940,1.0575,8
343,547317800,50,36.741901637135,127.119676708269,51.762784136459,0.0085,0.0085,116.053271,1.0575,8
344,547317850,50,36.741900077520,127.119680717735,51.766932625324,0.0085,0.0085,115.795611,1.0575,8
345,547317900,50,36.741898551916,127.119684710570,51.764075884596,0.0085,0.0085,115.396202,1.0575,8
346,547317950,50,36.741896953037,127.119688723599,51.754559199326,0.0084,0.0084,116.337814,1.0575,8
347,547318000,50,36.741895362885,127.119692770377,51.756726919673,0.0084,0.0084,116.023669,1.0575,8
348,547318050,50,36.741893843304,127.119696752591,51.759644401260,0.0084,0.0084,115.367511,1.0575,8
349,547318100,50,36.741892222386,127.119700814854,51.764423449524,0.0084,0.0084,116.371914,1.0575,8
350,547318150,50,36.741890622107,127.119704887603,51.763686795719,0.0084,0.0084,116.022551,1.0575,8
351,547318200,50,36.741888972655,127.119708934096,51.772167624906,0.0084,0.0084,116.861629,1.1562,7
352,547318250,50,36.741887404247,127.119713021006,51.770878746174,0.0085,0.0084,115.493609,1.1562,7
353,547318300,50,36.741885792313,127.119717092495,51.772570583038,0.0085,0.0083,116.193848,1.0577,8
354,547318350,50,36.741884137885,127.119721191436,51.770267482847,0.0085,0.0083,116.634433,1.0577,8
355,547318400,50,36.741882544202,127.119729423875,51.762013563886,0.0085,0.0083,115.596157,1.0577,8
356,547318450,50,36.741880909578,127.119729423875,51.762013563886,0.0085,0.0083,116.360106,1.0577,8
357,547318500,50,36.741879235646,127.119733582908,51.784286870621,0.0085,0.0083,116.569403,1.1563,7
358,547318550,50,36.741877545102,127.119737743180,51.780882450752,0.0086,0.0083,116.789555,1.1563,7
359,547318600,50,36.741875959527,127.119741879818,51.773813242093,0.0086,0.0083,115.466712,1.1563,7
360,547318650,50,36.741874238903,127.119746034669,51.783434321173,0.0086,0.0083,117.228619,1.1563,7
361,547318700,50,36.741872590067,127.119750196611,51.784400400706,0.0086,0.0083,116.208852,1.1563,7
362,547318750,50,36.741870880736,127.119754326085,51.785510310903,0.0087,0.0086,116.208899,1.0578,8
363,547318800,50,36.741869271003,127.119758552343,51.778553604148,0.0087,0.0086,115.326620,1.0578,8
364,547318850,50,36.741867557071,127.119762734798,51.790899570100,0.0086,0.0086,116.984206,1.0578,8
365,547318900,50,36.741865891929,127.119766879029,51.769612356089,0.0087,0.0086,116.530503,1.1563,7
366,547318950,50,36.741864220468,127.119771037886,51.781966418959,0.0087,0.0086,116.536548,1.1563,7
367,547319000,50,36.741862497567,127.119775242327,51.784667450935,0.0087,0.0086,116.983663,1.1563,7
368,547319050,50,36.741860780428,127.119779443387,51.789245658554,0.0087,0.0086,116.924721,1.0579,8
369,547319100,50,36.741859077344,127.119783630100,51.778254892677,0.0087,0.0086,116.813899,1.0579,8
370,547319150,50,36.741857386332,127.119787839228,51.781087577343,0.0087,0.0086,116.527696,1.0579,8
371,547319200,50,36.741855681432,127.119792079295,51.786991982721,0.0087,0.0086,116.547297,1.1564,7
372,547319250,50,36.741853953162,127.119796306459,51.784655037336,0.0087,0.0086,116.930886,1.1564,7
373,547319300,50,36.741852215684,127.119800518457,51.796394874342,0.0087,0.0086,117.137524,1.0579,8
374,547319350,50,36.741850505353,127.119804765259,51.794384927489,0.0087,0.0086,116.583789,1.0579,8
375,547319400,50,36.741848825019,127.119808984928,51.777827797458,0.0086,0.0086,116.325926,1.0579,8
376,547319450,50,36.741847106233,127.119813204580,51.779020885937,0.0086,0.0086,116.844812,1.0579,8
377,547319500,50,36.741845352092,127.119817427260,51.778734750114,0.0086,0.0086,117.300913,1.0580,8
378,547319550,50,36.741843593381,127.119821660646,51.778055978008,0.0086,0.0086,117.302546,1.0580,8
379,547319600,50,36.741841870871,127.119825892347,51.790038955398,0.0086,0.0086,116.828942,1.0580,8
380,547319650,50,36.741840083798,127.119830111976,51.796381761320,0.0086,0.0086,117.754643,1.0580,8
381,547319700,50,36.741838372298,127.119834387105,51.800208344124,0.0086,0.0086,116.447256,1.0580,8
382,547319750,50,36.741836581134,127.119838672862,51.791111066006,0.0082,0.0077,116.447305,1.0580,8
383,547319800,50,36.741834814349,127.119842931140,51.791467430070,0.0082,0.0077,117.272648,1.0580,8
384,547319850,50,36.741833067938,127.119847246536,51.789507136680,0.0082,0.0077,116.695251,1.0580,8
385,547319900,50,36.741831273975,127.119851496930,51.793038597330,0.0081,0.0077,117.674097,1.0580,8
386,547319950,50,36.741829520145,127.119855756802,51.787827898748,0.0081,0.0077,117.092554,1.0580,8
387,547320000,50,36.741827757812,127.119860019805,51.787306454033,0.0081,0.0077,117.187963,1.0580,8
388,547320050,50,36.741825946957,127.119864291487,51.783698588610,0.0081,0.0077,117.777334,1.0580,8
389,547320100,50,36.741824187904,127.119868578650,51.780019204132,0.0081,0.0077,117.013354,1.0580,8
390,547320150,50,36.741822459871,127.119872868259,51.775414236821,0.0081,0.0077,116.589931,1.0580,8
391,547320200,50,36.741820612479,127.119877095625,51.780632711947,0.0081,0.0077,118.501763,1.0580,8
392,547320250,50,36.741818869660,127.119881420064,51.772289918736,0.0081,0.0077,116.599868,1.0580,8
393,547320300,50,36.741817066215,127.119885691154,51.781121950597,0.0081,0.0077,117.683829,1.0580,8
394,547320350,50,36.741815273213,127.119889963475,51.774187127128,0.0081,0.0077,117.540393,1.0580,8
395,547320400,50,36.741813499846,127.119894225990,51.758460794576,0.0080,0.0077,117.336211,1.0580,8
396,547320450,50,36.741811659146,127.119898470185,51.771673366427,0.0080,0.0077,118.319471,1.0580,8
397,547320500,50,36.741809916850,127.119902764054,51.767447004095,0.0080,0.0077,116.756034,1.0580,8
398,547320550,50,36.741808129748,127.119907070829,51.768244692124,0.0080,0.0077,117.275126,1.0580,8
399,547320600,50,36.741806289840,127.119911353851,51.772692177445,0.0080,0.0076,118.091870,1.0580,8
400,547320650,50,36.741804492418,127.119915613436,51.762789288536,0.0080,0.0076,117.668535,1.0580,8
401,547320700,50,36.741802676643,127.119919892508,51.761385901831,0.0080,0.0076,117.800566,1.0580,8
402,547320750,50,36.741800923817,127.119924163250,51.756825335324,0.0080,0.0076,117.020076,1.0580,8
403,547320800,50,36.741799071962,127.119928437792,51.757535723969,0.0080,0.0076,118.293551,1.0580,8
404,547320850,50,36.741797263390,127.119932727010,51.770671366714,0.0080,0.0077,117.650883,1.0580,8
405,547320900,50,36.741795442347,127.119936979472,51.760696648620,0.0080,0.0076,118.017048,1.0580,8
406,547320950,50,36.741793626404,127.119941263560,51.748163459823,0.0079,0.0076,118.017099,1.0580,8
407,547321000,50,36.741791814374,127.119945498029,51.752710804343,0.0079,0.0076,117.999948,1.0580,8
408,547321050,50,36.741789988705,127.119949749345,51.755593511276,0.0079,0.0076,118.083821,1.0580,8
409,547321100,50,36.741788192649,127.119954017145,51.758888217621,0.0079,0.0076,117.605289,1.0580,8
410,547321150,50,36.741786334112,127.119958241350,51.752942868508,0.0079,0.0076,118.664556,1.0580,8
411,547321200,50,36.741784514864,127.119962486793,51.753401364200,0.0079,0.0076,118.032897,1.0580,8
412,547321250,50,36.741782711270,127.119966722833,51.752971947193,0.0079,0.0076,117.880470,1.0580,8
413,547321300,50,36.741780873035,127.119970962325,51.758639402688,0.0079,0.0076,118.313930,1.0580,8
414,547321350,50,36.741779027916,127.119975191359,51.748170722276,0.0079,0.0076,118.462699,1.0580,8
415,547321400,50,36.741777246838,127.119979446440,51.749567307532,0.0079,0.0076,117.478654,1.0580,8
416,547321450,50,36.741775367402,127.119983655957,51.744348012842,0.0079,0.0076,119.019580,1.0580,8
417,547321500,50,36.741773564386,127.119987851266,51.754891972058,0.0079,0.0076,118.102266,1.0580,8
418,547321550,50,36.741771717425,127.119992052730,51.753050018102,0.0079,0.0076,118.644031,1.0580,8
419,547321600,50,36.741769875655,127.119996282524,51.750506052747,0.0079,0.0076,118.414788,1.0580,8
420,547321650,50,36.741768049558,127.120000505791,51.747432292439,0.0079,0.0076,118.247195,1.0580,8
421,547321700,50,36.741766233869,127.120004693355,51.754155137576,0.0079,0.0076,118.313513,1.0580,8
422,547321750,50,36.741764388819,127.120008914621,51.749141145498,0.0079,0.0076,118.505942,1.0580,8
423,547321800,50,36.741762589898,127.120013151478,51.747605857439,0.0079,0.0076,117.814473,1.0580,8
424,547321850,50,36.741760730691,127.120017311543,51.745709592476,0.0079,0.0076,119.043745,1.0580,8
425,547321900,50,36.741758887511,127.120021502470,51.744086065330,0.0079,0.0076,118.655148,1.0580,8
426,547321950,50,36.741757026240,127.120025710082,51.749369578436,0.0079,0.0076,118.795043,1.0580,8
427,547322000,50,36.741755211479,127.120029906384,51.752100021578,0.0079,0.0076,118.251429,1.0580,8
428,547322050,50,36.741753356285,127.120034087559,51.749821918085,0.0080,0.0079,118.868461,1.0580,8
429,547322100,50,36.741751526775,127.120038225283,51.751730915159,0.0080,0.0081,118.783854,1.0580,8
430,547322150,50,36.741749644301,127.120042409405,51.746357552707,0.0080,0.0081,119.206237,1.0580,8
431,547322200,50,36.741747836889,127.120046570272,51.752653079107,0.0080,0.0081,118.357209,1.0580,8
432,547322250,50,36.741746027474,127.120050711776,51.725761241280,0.0080,0.0080,118.357260,1.0580,8
433,547322300,50,36.741744185930,127.120054866867,51.735255696811,0.0080,0.0080,118.841193,1.0580,8
434,547322350,50,36.741742325715,127.120059053358,51.730730091222,0.0080,0.0080,118.903189,1.0580,8
435,547322400,50,36.741740453728,127.120063161588,51.719582631253,0.0080,0.0080,119.517673,1.0580,8
436,547322450,50,36.741738613099,127.120067301311,51.737434073351,0.0080,0.0080,118.918923,1.0580,8
437,547322500,50,36.741736773098,127.120071445145,51.728879633360,0.0080,0.0080,118.886580,1.0580,8
438,547322550,50,36.741734921115,127.120075577290,51.725937575102,0.0080,0.0080,119.112911,1.0580,8
439,547322600,50,36.741733083973,127.120079681903,51.728458897211,0.0079,0.0079,119.079763,1.0580,8
440,547322650,50,36.741731174195,127.120083797610,51.725907267071,0.0080,0.0079,119.966042,1.0580,8
441,547322700,50,36.741729330452,127.120087931737,51.724413578399,0.0080,0.0079,118.992774,1.0580,8
442,547322750,50,36.741727489879,127.120092075424,51.727403888479,0.0080,0.0079,118.894967,1.0580,8
443,547322800,50,36.741725646788,127.120096141448,51.734523018822,0.0078,0.0078,118.895018,1.0580,8
444,547322850,50,36.741723765366,127.120100238857,51.723786650226,0.0078,0.0078,119.706362,1.0580,8
445,547322900,50,36.741721902744,127.120104250403,51.732635363005,0.0079,0.0078,119.981738,1.0580,8
446,547322950,50,36.741720073903,127.120112506881,51.734907300211,0.0079,0.0078,118.713891,1.0586,8
447,547323000,50,36.741718241920,127.120112506881,51.734907300211,0.0079,0.0078,118.989830,1.0586,8
448,547323050,50,36.741716366587,127.120116568767,51.725490947254,0.0079,0.0078,119.841320,1.0586,8
449,547323100,50,36.741714511770,127.120120612712,51.727424736135,0.0079,0.0078,119.679036,1.1569,7
450,547323150,50,36.741712667144,127.120124704626,51.736089063808,0.0079,0.0078,119.254472,1.1569,7
451,547323200,50,36.741710770838,127.120128781741,51.736021903343,0.0079,0.0078,120.024146,1.1569,7
452,547323250,50,36.741708926700,127.120132882408,51.728196886368,0.0079,0.0078,119.195836,1.1569,7
453,547323300,50,36.741707071380,127.120136878137,51.737373837270,0.0079,0.0078,119.982280,1.1569,7
454,547323350,50,36.741705188105,127.120140975879,51.724875923246,0.0079,0.0078,119.728612,1.1569,7
455,547323400,50,36.741703355643,127.120145014460,51.739025476389,0.0079,0.0078,119.413589,1.1569,7
456,547323450,50,36.741701499945,127.120149065880,51.732555251569,0.0079,0.0078,119.645202,1.1569,7
457,547323500,50,36.741699683458,127.120153112695,51.741325397976,0.0079,0.0078,119.149777,1.1569,7
458,547323550,50,36.741697785369,127.120157112984,51.737890336663,0.0079,0.0078,120.522093,1.1569,7
459,547323600,50,36.741695948588,127.120161165641,51.727661265060,0.0079,0.0078,119.386022,1.1569,7
460,547323650,50,36.741694089275,127.120165191534,51.730180009268,0.0079,0.0077,119.386072,1.1569,7
461,547323700,50,36.741692252292,127.120169194313,51.728913640603,0.0079,0.0077,119.693092,1.1569,7
462,547323750,50,36.741690360925,127.120173239731,51.732011540793,0.0079,0.0077,120.153337,1.1569,7
463,547323800,50,36.741688491187,127.120177222326,51.735926454887,0.0079,0.0077,120.256687,1.1569,7
464,547323850,50,36.741686654498,127.120181262407,51.732173299417,0.0079,0.0077,119.461013,1.1569,7
465,547323900,50,36.741684766011,127.120185250966,51.735331104137,0.0079,0.0077,120.468631,1.1569,7
466,547323950,50,36.741682865984,127.120189238938,51.722156551667,0.0079,0.0077,120.625103,1.1569,7
467,547324000,50,36.741679176545,127.120197237859,51.734859072603,0.0079,0.0077,119.563680,1.1569,7
468,547324050,50,36.741679176545,127.120197237859,51.734859072603,0.0079,0.0077,120.069672,1.1569,7
469,547324100,50,36.741677338742,127.120201244861,51.733344371431,0.0079,0.0077,119.678087,1.1569,7
470,547324150,50,36.741675433828,127.120205190057,51.736589051783,0.0079,0.0077,120.961535,1.1569,7
471,547324200,50,36.741673579935,127.120209167295,51.741199380718,0.0079,0.0077,120.078335,1.1569,7
472,547324250,50,36.741671701880,127.120213173660,51.730851533823,0.0079,0.0077,120.218972,1.1569,7
473,547324300,50,36.741669841648,127.120217100809,51.730767845176,0.0079,0.0077,120.479667,1.1569,7
474,547324350,50,36.741667992023,127.120221080342,51.735809119418,0.0079,0.0077,120.006754,1.1569,7
475,547324400,50,36.741666137681,127.120225042607,51.740666341968,0.0079,0.0077,120.178167,1.1569,7
476,547324450,50,36.741664254359,127.120228956129,51.735571045429,0.0079,0.0077,120.877184,1.1569,7
477,547324500,50,36.741662364437,127.120232881422,51.736597028561,0.0079,0.0077,120.889707,1.1569,7
478,547324550,50,36.741660514496,127.120236831201,51.740831096657,0.0079,0.0077,120.197561,1.1569,7
479,547324600,50,36.741658639981,127.120240796485,51.732735761441,0.0079,0.0077,120.429199,1.1569,7
480,547324650,50,36.741656739000,127.120244700665,51.731980552897,0.0079,0.0076,120.429247,1.1569,7
481,547324700,50,36.741654902103,127.120248666376,51.743202933110,0.0079,0.0076,119.921854,1.1569,7
482,547324750,50,36.741653039952,127.120252571561,51.743600366637,0.0079,0.0076,120.646249,1.1569,7
483,547324800,50,36.741651139961,127.120256458752,51.740039644763,0.0079,0.0076,121.271421,1.1569,7
484,547324850,50,36.741649260304,127.120260366064,51.740366311744,0.0079,0.0076,120.868144,1.1569,7
485,547324900,50,36.741647407421,127.120264311511,51.741929865442,0.0079,0.0076,120.264551,1.1569,7
486,547324950,50,36.741645506970,127.120268189601,51.733335970901,0.0078,0.0076,121.337183,1.1569,7
487,547325000,50,36.741643625339,127.120272116307,51.733099475503,0.0078,0.0076,120.769786,1.1569,7
488,547325050,50,36.741641759639,127.120276005797,51.745498908684,0.0079,0.0076,120.795464,1.1569,7
489,547325100,50,36.741639882068,127.120279882455,51.742571937852,0.0078,0.0076,121.039128,1.1569,7
490,547325150,50,36.741638055987,127.120283771667,51.740301676095,0.0079,0.0076,120.259182,1.1569,7
491,547325200,50,36.741636245520,127.120287702177,51.742000787519,0.0079,0.0076,119.783867,1.0590,8
492,547325250,50,36.741634373912,127.120291583278,51.735898922198,0.0079,0.0076,120.929713,1.0590,8
493,547325300,50,36.741632504672,127.120295475340,51.738930892199,0.0079,0.0076,120.826583,1.0590,8
494,547325350,50,36.741630597928,127.120299289284,51.734382077120,0.0079,0.0076,121.848107,1.0590,8
495,547325400,50,36.741628673133,127.120303117146,51.735730768181,0.0079,0.0076,121.996741,1.0590,8
496,547325450,50,36.741626802236,127.120307015943,51.741814079694,0.0079,0.0076,120.805322,1.0590,8
497,547325500,50,36.741624910262,127.120310885350,51.734364756383,0.0079,0.0076,121.280452,1.0590,8
498,547325550,50,36.741623018256,127.120314673472,51.736180222593,0.0079,0.0076,121.823301,1.0590,8
499,547325600,50,36.741621074197,127.120318479669,51.732023317367,0.0079,0.0076,122.400643,1.0590,8
500,547325650,50,36.741619166377,127.120322247346,51.740312172100,0.0080,0.0076,122.176946,1.0590,8
501,547325700,50,36.741617337519,127.120326052726,51.739247695543,0.0080,0.0076,120.843784,1.0590,8
502,547325750,50,36.741615493696,127.120329884499,51.735538431443,0.0079,0.0076,120.843831,1.0590,8
503,547325800,50,36.741613590967,127.120333628953,51.731039645150,0.0079,0.0076,122.267727,1.0590,8
504,547325850,50,36.741611644037,127.120337432215,51.726967321709,0.0079,0.0076,122.458953,1.0590,8
505,547325900,50,36.741609736249,127.120341237708,51.722491389140,0.0079,0.0076,121.919202,1.0590,8
506,547325950,50,36.741607805124,127.120345070715,51.732682509348,0.0079,0.0076,122.046717,1.0590,8
507,547326000,50,36.741605929106,127.120348900825,51.743941311724,0.0079,0.0076,121.324698,1.0590,8
508,547326050,50,36.741603963262,127.120352637031,51.728942349553,0.0080,0.0076,123.175415,1.0590,8
509,547326100,50,36.741602010752,127.120356355268,51.732483982109,0.0080,0.0076,123.123346,1.0590,8
510,547326150,50,36.741600097881,127.120360065399,51.731962823309,0.0080,0.0076,122.644564,1.0590,8
511,547326200,50,36.741598191456,127.120363772553,51.740261060186,0.0080,0.0076,122.577632,1.0590,8
512,547326250,50,36.741596304997,127.120367538041,51.729181062430,0.0080,0.0076,121.901825,1.0590,8
513,547326300,50,36.741594377759,127.120371217792,51.728976403363,0.0080,0.0076,123.054583,1.0590,8
514,547326350,50,36.741592437673,127.120374941615,51.723384744488,0.0080,0.0076,122.916923,1.1574,7
515,547326400,50,36.741590455291,127.120378618356,51.728158890270,0.0080,0.0076,123.819357,1.1574,7
516,547326450,50,36.741588544823,127.120382368587,51.726282947697,0.0080,0.0076,122.332849,1.0592,8
517,547326500,50,36.741586622837,127.120386089398,51.738737400621,0.0080,0.0076,122.693458,1.0592,8
518,547326550,50,36.741584672061,127.120389767421,51.729733421467,0.0080,0.0076,123.385683,1.0592,8
519,547326600,50,36.741582651297,127.120393380288,51.718549360521,0.0080,0.0076,124.798335,1.0592,8
520,547326650,50,36.741580693750,127.120397090384,51.728027825244,0.0080,0.0076,123.248462,1.0592,8
521,547326700,50,36.741578808520,127.120400774444,51.733563768677,0.0081,0.0076,122.449553,1.0592,8
522,547326750,50,36.741576828465,127.120404450706,51.725226510316,0.0081,0.0077,123.791686,1.0592,8
523,547326800,50,36.741574913394,127.120408085799,51.726239648648,0.0081,0.0077,123.208684,1.0592,8
524,547326850,50,36.741572887118,127.120411693237,51.719387769699,0.0081,0.0077,124.911916,1.0592,8
525,547326900,50,36.741570908460,127.120415325135,51.719837239943,0.0081,0.0077,124.095173,1.0592,8
526,547326950,50,36.741568981084,127.120418996372,51.732648023404,0.0081,0.0077,123.117135,1.0592,8
527,547327000,50,36.741567022923,127.120422656857,51.725817985833,0.0081,0.0076,123.117181,1.0592,8
528,547327050,50,36.741565022695,127.120426244123,51.722788468003,0.0081,0.0076,124.715083,1.0592,8
529,547327100,50,36.741563000484,127.120429817519,51.727223548107,0.0081,0.0076,125.113169,1.0592,8
530,547327150,50,36.741561075004,127.120433396816,51.720444033854,0.0081,0.0076,123.759409,1.0592,8
531,547327200,50,36.741559082327,127.120437025700,51.713756477460,0.0081,0.0076,124.305375,1.0592,8
532,547327250,50,36.741557139572,127.120440624965,51.721605663188,0.0081,0.0076,123.848640,1.0592,8
533,547327300,50,36.741555149593,127.120444202744,51.728624651209,0.0081,0.0077,124.648338,1.0592,8
534,547327350,50,36.741553157720,127.120447759858,51.725016892888,0.0081,0.0077,124.829279,1.0592,8
535,547327400,50,36.741551099344,127.120451305702,51.717863965780,0.0081,0.0077,125.802579,1.0592,8
536,547327450,50,36.741549112029,127.120454910743,51.720735040493,0.0081,0.0077,124.409393,1.0592,8
537,547327500,50,36.741547162828,127.120458511046,51.722349501215,0.0081,0.0077,123.928831,1.0592,8
538,547327550,50,36.741545156934,127.120462099801,51.724459136836,0.0081,0.0077,124.779814,1.0592,8
539,547327600,50,36.741543085071,127.120465628830,51.716677856632,0.0080,0.0076,124.779859,1.0592,8
540,547327650,50,36.741541075456,127.120469183386,51.725115994923,0.0080,0.0076,125.087252,1.0592,8
541,547327700,50,36.741539068182,127.120472770800,51.727400894277,0.0081,0.0076,124.808348,1.0592,8
542,547327750,50,36.741537103992,127.120476326723,51.714561477304,0.0080,0.0076,124.463244,1.0592,8
543,547327800,50,36.741535089447,127.120479834214,51.719791758806,0.0080,0.0076,125.513619,1.0592,8
544,547327850,50,36.741533030367,127.120483359180,51.710813976824,0.0080,0.0076,125.972599,1.0592,8
545,547327900,50,36.741530979055,127.120486918773,51.714989445172,0.0080,0.0076,125.604188,1.0592,8
546,547327950,50,36.741529008087,127.120490462728,51.716444393620,0.0080,0.0076,124.645642,1.0592,8
547,547328000,50,36.741526951978,127.120494002481,51.715514549054,0.0080,0.0076,125.819384,1.0592,8
548,547328050,50,36.741524965208,127.120497588313,51.726262477227,0.0080,0.0076,124.544915,1.0592,8
549,547328100,50,36.741522879097,127.120501074271,51.708592506126,0.0080,0.0076,126.633327,1.0592,8
550,547328150,50,36.741520836306,127.120504571317,51.720990698785,0.0081,0.0076,125.972856,1.0592,8
551,547328200,50,36.741518779090,127.120508134995,51.716160411015,0.0081,0.0076,125.651009,1.0592,8
552,547328250,50,36.741516753225,127.120511678164,51.715305219404,0.0081,0.0076,125.391322,1.0592,8
553,547328300,50,36.741514713560,127.120515217966,51.717512790114,0.0081,0.0076,125.600927,1.0592,8
554,547328350,50,36.741512570881,127.120518700796,51.718304162845,0.0081,0.0076,127.394920,1.0592,8
555,547328400,50,36.741510463199,127.120522189039,51.708887622692,0.0081,0.0076,126.897925,1.0592,8
556,547328450,50,36.741508423204,127.120525737539,51.714890730567,0.0081,0.0076,125.538786,1.0592,8
557,547328500,50,36.741506340187,127.120529315312,51.719137664884,0.0081,0.0076,125.882400,1.0592,8
558,547328550,50,36.741504262113,127.120532810095,51.705629208125,0.0081,0.0076,126.458202,1.0592,8
559,547328600,50,36.741502106849,127.120536308353,51.709327369928,0.0081,0.0076,127.434612,1.0592,8
560,547328650,50,36.741499944936,127.120539813505,51.713390419260,0.0079,0.0075,127.434654,1.0592,8
561,547328700,50,36.741497856114,127.120543356315,51.720580817200,0.0079,0.0075,126.226018,1.0592,8
562,547328750,50,36.741495751933,127.120546918903,51.714665981941,0.0079,0.0075,126.274090,1.0592,8
563,547328800,50,36.741493602925,127.120550378582,51.709345722571,0.0079,0.0075,127.661174,1.0592,8
564,547328850,50,36.741491410782,127.120553861007,51.715923089534,0.0079,0.0075,128.030911,1.0592,8
565,547328900,50,36.741489232615,127.120557350987,51.708030943759,0.0079,0.0075,127.793074,1.0592,8
566,547328950,50,36.741487099837,127.120560911413,51.713853859343,0.0079,0.0075,126.660398,1.0592,8
567,547329000,50,36.741484971043,127.120564490505,51.708395575173,0.0079,0.0075,126.465784,1.0592,8
568,547329050,50,36.741482763726,127.120567956127,51.709831623361,0.0079,0.0075,128.357638,1.0592,8
569,547329100,50,36.741480527573,127.120571488351,51.706937639974,0.0079,0.0076,128.188898,1.0592,8
570,547329150,50,36.741478318116,127.120575003991,51.706253630109,0.0080,0.0076,127.985716,1.0592,8
571,547329200,50,36.741476112130,127.120578549612,51.714115506038,0.0080,0.0076,127.706340,1.0592,8
572,547329250,50,36.741473917723,127.120582145787,51.708363255486,0.0080,0.0076,127.169265,1.0592,8
573,547329300,50,36.741471693163,127.120585708157,51.710033106618,0.0080,0.0076,127.808191,1.0592,8
574,547329350,50,36.741469437666,127.120589250924,51.715963614173,0.0080,0.0076,128.345819,1.0592,8
575,547329400,50,36.741467158875,127.120592767265,51.710517479107,0.0080,0.0076,128.841986,1.0592,8
576,547329450,50,36.741464926843,127.120596377080,51.710517661646,0.0080,0.0076,127.534428,1.0592,8
577,547329500,50,36.741462722784,127.120600040930,51.715795148164,0.0080,0.0076,126.776818,1.0592,8
578,547329550,50,36.741460444871,127.120603598338,51.710397050716,0.0080,0.0076,128.506634,1.0592,8
579,547329600,50,36.741458118441,127.120607149816,51.708953243680,0.0080,0.0076,129.143105,1.0592,8
580,547329650,50,36.741455829024,127.120610749760,51.703771851026,0.0080,0.0076,128.315605,1.0592,8
581,547329700,50,36.741453584792,127.120614351171,51.711243516766,0.0080,0.0076,127.750029,1.0592,8
582,547329750,50,36.741451267046,127.120617997161,51.706474523060,0.0080,0.0076,128.304118,1.0592,8
583,547329800,50,36.741448961934,127.120621551903,51.707309291698,0.0076,0.0073,128.304160,1.0592,8
584,547329850,50,36.741446596099,127.120625094282,51.706484690309,0.0075,0.0073,129.687266,1.0592,8
585,547329900,50,36.741444245830,127.120628674873,51.704321216792,0.0075,0.0073,129.200111,1.0592,8
586,547329950,50,36.741441925467,127.120632312238,51.699421737343,0.0076,0.0073,128.401659,1.0592,8
587,547330000,50,36.741439596263,127.120636023281,51.699328938499,0.0076,0.0073,127.949253,1.0592,8
588,547330050,50,36.741437247253,127.120639617913,51.704458070919,0.0076,0.0073,129.075280,1.0592,8
589,547330100,50,36.741434834953,127.120643170241,51.702409368008,0.0076,0.0073,130.156645,1.0592,8
590,547330150,50,36.741432422898,127.120646810538,51.698401432484,0.0076,0.0073,129.464455,1.0592,8
591,547330200,50,36.741430055727,127.120650430424,51.696117376909,0.0076,0.0073,129.094917,1.0592,8
592,547330250,50,36.741427664754,127.120654068490,51.695992621593,0.0076,0.0073,129.235071,1.0592,8
593,547330300,50,36.741425278275,127.120657680323,51.696345879696,0.0076,0.0074,129.385464,1.0592,8
594,547330350,50,36.741422830852,127.120661312188,51.698065891862,0.0076,0.0074,129.939655,1.0592,8
595,547330400,50,36.741420384369,127.120664879136,51.695819145069,0.0076,0.0074,130.438216,1.0592,8
596,547330450,50,36.741417955463,127.120668531261,51.700069805607,0.0076,0.0074,129.569004,1.0592,8
597,547330500,50,36.741415528817,127.120672144259,51.692894040607,0.0076,0.0074,129.846115,1.0592,8
598,547330550,50,36.741413083791,127.120675800541,51.697632156312,0.0076,0.0074,129.723184,1.0592,8
599,547330600,50,36.741410622842,127.120679358958,51.689437947236,0.0075,0.0073,130.672845,1.0592,8
600,547330650,50,36.741408117807,127.120682959937,51.695139859803,0.0075,0.0073,130.839033,1.0592,8
601,547330700,50,36.741405669233,127.120686639486,51.695264811628,0.0075,0.0074,129.585416,1.0592,8
602,547330750,50,36.741403210864,127.120690278574,51.688613025472,0.0075,0.0074,130.009461,1.0592,8
603,547330800,50,36.741400736671,127.120693951014,51.691983070225,0.0076,0.0074,129.933108,1.0592,8
604,547330850,50,36.741398265357,127.120697566179,51.694767198525,0.0075,0.0073,129.933151,1.0592,8
605,547330900,50,36.741395723372,127.120701166056,51.690329649486,0.0075,0.0073,131.263247,1.0592,8
606,547330950,50,36.741393180862,127.120704787717,51.685075921938,0.0075,0.0073,131.097797,1.0592,8
607,547331000,50,36.741390726299,127.120708479726,51.693339611404,0.0075,0.0073,129.559075,1.0592,8
608,547331050,50,36.741388291798,127.120712150532,51.687086964026,0.0081,0.0076,129.490226,1.0592,8
609,547331100,50,36.741385733702,127.120715783429,51.687125445344,0.0081,0.0076,131.183349,1.1581,7
610,547331150,50,36.741383165328,127.120719301734,51.685917736962,0.0081,0.0076,132.209505,1.1581,7
611,547331200,50,36.741380595806,127.120722906375,51.677689932287,0.0081,0.0076,131.531867,1.0601,8
612,547331250,50,36.741378103710,127.120726542633,51.672435798682,0.0081,0.0076,130.416364,1.0601,8
613,547331300,50,36.741375606021,127.120730189544,51.681805713102,0.0082,0.0077,130.397026,1.0601,8
614,547331350,50,36.741373009803,127.120733741954,51.683567200787,0.0082,0.0077,132.241878,1.0601,8
615,547331400,50,36.741370440390,127.120737363388,51.682382342406,0.0082,0.0077,131.398514,1.0601,8
616,547331450,50,36.741367823641,127.120740929598,51.675595642067,0.0082,0.0077,132.355942,1.0601,8
617,547331500,50,36.741365318612,127.120744627308,51.676290717907,0.0082,0.0077,130.089083,1.0601,8
618,547331550,50,36.741362704563,127.120748195945,51.672430342063,0.0082,0.0077,132.307089,1.0601,8
619,547331600,50,36.741360091165,127.120751728198,51.678069876507,0.0082,0.0077,132.592391,1.0601,8
620,547331650,50,36.741357497762,127.120755304880,51.674766255543,0.0082,0.0077,132.016839,1.0601,8
621,547331700,50,36.741354916171,127.120758921803,51.672303733416,0.0082,0.0077,131.568374,1.0601,8
622,547331750,50,36.741352339454,127.120762513651,51.672156556509,0.0082,0.0077,131.712534,1.0601,8
623,547331800,50,36.741349758069,127.120766138805,51.676928794943,0.0083,0.0077,131.501445,1.0601,8
624,547331850,50,36.741347120525,127.120769682837,51.680447611958,0.0083,0.0077,132.759920,1.0601,8
625,547331900,50,36.741344465529,127.120773204350,51.672093222849,0.0083,0.0077,133.130508,1.0601,8
626,547331950,50,36.741341824613,127.120776736264,51.673619039357,0.0083,0.0077,132.894252,1.0601,8
627,547332000,50,36.741339266554,127.120780372513,51.670959636569,0.0083,0.0077,131.156693,1.0601,8
628,547332050,50,36.741336628845,127.120783941236,51.672071597539,0.0083,0.0078,132.563472,1.0601,8
629,547332100,50,36.741333951293,127.120787426058,51.663549863733,0.0083,0.0078,133.672049,1.0601,8
630,547332150,50,36.741331239645,127.120790916619,51.662864604965,0.0083,0.0078,133.987123,1.0601,8
631,547332200,50,36.741328609895,127.120794433987,51.669229671359,0.0082,0.0077,133.987167,1.0601,8
632,547332250,50,36.741325999986,127.120797982902,51.670959694311,0.0082,0.0077,132.419959,1.0601,8
633,547332300,50,36.741323365900,127.120801521774,51.671176600270,0.0082,0.0077,132.764081,1.0601,8
634,547332350,50,36.741320678601,127.120804949830,51.669603653252,0.0082,0.0077,134.246273,1.0601,8
635,547332400,50,36.741317954680,127.120808404303,51.666631164029,0.0082,0.0077,134.414094,1.0601,8
636,547332450,50,36.741315295539,127.120811892395,51.658768109046,0.0082,0.0077,133.447820,1.0601,8
637,547332500,50,36.741312673660,127.120815421990,51.668805672787,0.0082,0.0077,132.706373,1.0601,8
638,547332550,50,36.741310016739,127.120818913008,51.662512864918,0.0082,0.0077,133.399929,1.0601,8
639,547332600,50,36.741307334974,127.120822379169,51.657922641374,0.0082,0.0077,133.870739,1.0601,8
640,547332650,50,36.741304651408,127.120825800940,51.662349636666,0.0082,0.0077,134.259012,1.0601,8
641,547332700,50,36.741301969609,127.120829241896,51.653802915476,0.0081,0.0076,134.259055,1.0601,8
642,547332750,50,36.741299360820,127.120832778634,51.658360824920,0.0082,0.0076,132.505810,1.0601,8
643,547332800,50,36.741296712986,127.120836241321,51.648943827488,0.0081,0.0076,133.535059,1.0601,8
644,547332850,50,36.741294032529,127.120839688311,51.654018333182,0.0082,0.0077,134.015573,1.0601,8
645,547332900,50,36.741291282524,127.120843017312,51.647571695969,0.0082,0.0077,135.746914,1.0601,8
646,547332950,50,36.741288609765,127.120846428092,51.641327309422,0.0082,0.0077,134.235603,1.0601,8
647,547333000,50,36.741285976078,127.120849893468,51.646768984385,0.0082,0.0077,133.359595,1.0601,8
648,547333050,50,36.741283279559,127.120853272328,51.647931012325,0.0082,0.0077,134.758426,1.0601,8
649,547333100,50,36.741280594273,127.120856666077,51.650627826340,0.0082,0.0077,134.512881,1.0601,8
650,547333150,50,36.741277910582,127.120860035589,51.653580050915,0.0082,0.0077,134.701182,1.0601,8
651,547333200,50,36.741275152067,127.120863343135,51.638478521258,0.0082,0.0077,136.020511,1.0601,8
652,547333250,50,36.741272427225,127.120866703019,51.643702001311,0.0082,0.0077,135.219079,1.0601,8
653,547333300,50,36.741269759100,127.120870079087,51.642227310687,0.0082,0.0077,134.478854,1.0601,8
654,547333350,50,36.741267069534,127.120873476709,51.638646092266,0.0082,0.0077,134.525833,1.0601,8
655,547333400,50,36.741264391412,127.120876779720,51.644660942256,0.0082,0.0077,135.212688,1.0601,8
656,547333450,50,36.741261691814,127.120880155748,51.646828207187,0.0082,0.0077,134.815118,1.0601,8
657,547333500,50,36.741258984423,127.120883521838,51.648434773088,0.0082,0.0077,134.982139,1.0601,8
658,547333550,50,36.741256256708,127.120886856273,51.642222353257,0.0082,0.0077,135.467061,1.1585,7
659,547333600,50,36.741253486970,127.120890126047,51.642446942627,0.0082,0.0077,136.465407,1.1585,7
660,547333650,50,36.741250711994,127.120893390267,51.631223458797,0.0082,0.0077,136.568087,1.1585,7
661,547333700,50,36.741247972577,127.120896650108,51.638262203895,0.0082,0.0077,136.237464,1.1585,7
662,547333750,50,36.741245299279,127.120900000347,51.631659184583,0.0081,0.0077,136.237505,1.1585,7
663,547333800,50,36.741242625860,127.120903380440,51.640182436444,0.0081,0.0077,134.501512,1.0606,8
664,547333850,50,36.741239868871,127.120906580570,51.639413698576,0.0081,0.0077,136.949168,1.0606,8
665,547333900,50,36.741237084730,127.120909750986,51.637461544015,0.0081,0.0077,137.495514,1.0606,8
666,547333950,50,36.741234297072,127.120912975414,51.624186993577,0.0082,0.0077,137.049151,1.0606,8
667,547334000,50,36.741231610345,127.120916319289,51.635261785239,0.0082,0.0077,134.952350,1.0606,8
668,547334050,50,36.741228892388,127.120919537940,51.623760202900,0.0082,0.0077,136.376335,1.0606,8
669,547334100,50,36.741226172107,127.120922773756,51.633414161392,0.0082,0.0077,136.248576,1.0606,8
670,547334150,50,36.741223364776,127.120925927039,51.628948374651,0.0082,0.0077,137.886628,1.0606,8
671,547334200,50,36.741220669429,127.120929187324,51.623981016688,0.0082,0.0077,135.769259,1.0606,8
672,547334250,50,36.741217946758,127.120932424149,51.621111091226,0.0082,0.0077,136.264770,1.0606,8
673,547334300,50,36.741215232983,127.120935712814,51.626248469576,0.0082,0.0077,135.716171,1.0606,8
674,547334350,50,36.741212450772,127.120938874604,51.623990972526,0.0082,0.0077,137.553453,1.0606,8
675,547334400,50,36.741209656558,127.120942007600,51.619118202478,0.0082,0.0077,137.937097,1.0606,8
676,547334450,50,36.741206878538,127.120945186023,51.614414104261,0.0082,0.0077,137.360642,1.0606,8
677,547334500,50,36.741204161023,127.120948384065,51.622518514283,0.0082,0.0077,136.555438,1.0606,8
678,547334550,50,36.741201441468,127.120951592745,51.623530197889,0.0082,0.0077,136.481899,1.0606,8
679,547334600,50,36.741198683881,127.120954726802,51.617587223649,0.0082,0.0077,137.551148,1.0606,8
680,547334650,50,36.741195875812,127.120957830747,51.613320367411,0.0082,0.0077,138.343195,1.0606,8
681,547334700,50,36.741193086135,127.120960901283,51.619639094919,0.0082,0.0077,138.343234,1.0606,8
682,547334750,50,36.741190351187,127.120964078387,51.618583064526,0.0082,0.0077,136.926133,1.0606,8
683,547334800,50,36.741187593499,127.120967236131,51.614084978588,0.0081,0.0077,137.337311,1.0606,8
684,547334850,50,36.741184814081,127.120970360122,51.620184865780,0.0081,0.0077,137.867810,1.0606,8
685,547334900,50,36.741182011382,127.120973414535,51.616656469181,0.0081,0.0077,138.746118,1.0606,8
686,547334950,50,36.741179229925,127.120976508199,51.614999798127,0.0082,0.0077,138.166617,1.0606,8
687,547335000,50,36.741176464873,127.120979645256,51.608764083125,0.0082,0.0077,137.601010,1.0606,8
688,547335050,50,36.741173716195,127.120982766157,51.613644152880,0.0082,0.0077,137.578859,1.0606,8
689,547335100,50,36.741170944897,127.120985813381,51.604875870049,0.0082,0.0077,138.492863,1.0606,8
690,547335150,50,36.741168129147,127.120988883299,51.605792863294,0.0082,0.0077,138.734242,1.0606,8
691,547335200,50,36.741165324295,127.120991901749,51.604337521829,0.0082,0.0077,139.104008,1.0606,8
