0,549009150,50,36.740385807166,127.123130105644,51.696854044683,0.0076,0.0079,197.030611,1.0133,8
1,549009200,50,36.740385803921,127.123130102425,51.696646677330,0.0076,0.0079,218.600036,1.0133,8
2,549009250,50,36.740385809547,127.123130115059,51.695635485463,0.0076,0.0079,61.040785,1.0133,8
3,549009300,50,36.740385817809,127.123130131868,51.693596940488,0.0076,0.0079,58.588607,1.0133,8
4,549009350,50,36.740385797361,127.123130079816,51.698235299438,0.0076,0.0079,243.983533,1.0133,8
5,549009400,50,36.740385807100,127.123130128284,51.690550881438,0.0076,0.0081,75.982288,1.0133,8
6,549009450,50,36.740385810981,127.123130111302,51.695291959681,0.0077,0.0081,285.853623,1.0133,8
7,549009500,50,36.740385794450,127.123130095119,51.695025684312,0.0077,0.0081,218.233354,1.0133,8
8,549009550,50,36.740385807303,127.123130112906,51.697320566513,0.0077,0.0081,48.080387,1.0133,8
9,549009600,50,36.740385801828,127.123130111464,51.693796795793,0.0077,0.0081,191.969650,1.0133,8
10,549009650,50,36.740385811732,127.123130095264,51.693682689220,0.0077,0.0081,307.221692,1.0133,8
11,549009700,50,36.740385795793,127.123130100631,51.695738884620,0.0076,0.0080,307.221692,1.0133,8
12,549009750,50,36.740385783489,127.123130114237,51.701933437958,0.0076,0.0080,138.329243,1.0133,8
13,549009800,50,36.740385781772,127.123130120583,51.701044665650,0.0076,0.0080,108.582687,1.0133,8
14,549009850,50,36.740385779031,127.123130079410,51.701465586200,0.0076,0.0080,265.272146,1.0133,8
15,549009900,50,36.740385781372,127.123130103230,51.702735789120,0.0076,0.0079,83.037523,1.0133,8
16,549009950,50,36.740385782304,127.123130104240,51.699535266496,0.0076,0.0078,41.123863,1.0133,8
17,549010000,50,36.740385783108,127.123130112761,51.701108233072,0.0076,0.0078,83.309468,1.0133,8
18,549010050,50,36.740385781939,127.123130087536,51.704218076542,0.0076,0.0078,266.703122,1.0133,8
19,549010100,50,36.740385791656,127.123130101702,51.703857794404,0.0076,0.0078,49.559242,1.0133,8
20,549010150,50,36.740385803578,127.123130115671,51.700748262927,0.0076,0.0078,43.319494,1.0133,8
21,549010200,50,36.740385793671,127.123130106690,51.706678534858,0.0076,0.0078,216.112357,1.0133,8
22,549010250,50,36.740385802297,127.123130091571,51.706060907803,0.0076,0.0078,305.333313,1.0133,8
23,549010300,50,36.740385817121,127.123130092551,51.696697191335,0.0076,0.0078,3.045948,1.0133,8
24,549010350,50,36.740385810317,127.123130019605,51.708961588331,0.0076,0.0078,263.389771,1.0133,8
25,549010400,50,36.740385835113,127.123130047710,51.703236944042,0.0076,0.0077,42.372002,1.0133,8
26,549010450,50,36.740385875437,127.123130024204,51.698955698870,0.0076,0.0077,334.866366,1.0133,8
27,549010500,50,36.740385862951,127.123129956165,51.699975434691,0.0076,0.0077,257.156159,1.0133,8
28,549010550,50,36.740385894643,127.123129897230,51.697044875473,0.0076,0.0077,303.748178,1.0133,8
29,549010600,50,36.740385922168,127.123129821371,51.697790836915,0.0076,0.0077,294.268417,1.0133,8
30,549010650,50,36.740385934781,127.123129739040,51.693616984412,0.0076,0.0077,280.777130,1.0133,8
31,549010700,50,36.740385978731,127.123129663716,51.696058293805,0.0076,0.0077,305.940968,1.0133,8
32,549010750,50,36.740385995014,127.123129533858,51.697444011457,0.0098,0.0116,278.855638,1.0133,8
33,549010800,50,36.740386054196,127.123129477159,51.695926927961,0.0108,0.0127,322.365746,1.0133,8
34,549010850,50,36.740386077082,127.123129408701,51.688208172098,0.0097,0.0115,292.556988,1.0133,8
35,549010900,50,36.740386126228,127.123129314761,51.687771882862,0.0098,0.0115,303.025131,1.0133,8
36,549010950,50,36.740386161360,127.123129202062,51.693995486945,0.0078,0.0093,303.025131,1.0133,8
37,549011000,50,36.740386192251,127.123129066226,51.689576262608,0.0078,0.0093,285.778872,1.0133,8
38,549011050,50,36.740386234111,127.123128990626,51.694478348829,0.0078,0.0093,304.526776,1.0133,8
39,549011100,50,36.740386314642,127.123128892742,51.694939250126,0.0079,0.0093,315.630021,1.0133,8
40,549011150,50,36.740386329981,127.123128766974,51.695579836145,0.0079,0.0093,278.616844,1.0133,8
41,549011200,50,36.740386353556,127.123128636530,51.704304717481,0.0079,0.0093,282.656277,1.0133,8
42,549011250,50,36.740386402428,127.123128533225,51.698820101097,0.0079,0.0093,300.447657,1.0133,8
43,549011300,50,36.740386456051,127.123128422579,51.697793320753,0.0079,0.0093,301.054913,1.0133,8
44,549011350,50,36.740386476507,127.123128335188,51.697646407411,0.0079,0.0093,286.216198,1.0133,8
45,549011400,50,36.740386501166,127.123128222915,51.697482721880,0.0090,0.0106,285.264227,1.0133,8
46,549011450,50,36.740386539048,127.123128140566,51.696858149022,0.0092,0.0108,299.751555,1.0133,8
47,549011500,50,36.740386558362,127.123128048247,51.699652676471,0.0095,0.0111,284.571166,1.0133,8
48,549011550,50,36.740386593831,127.123127989788,51.700474470854,0.0105,0.0124,307.011107,1.0133,8
49,549011600,50,36.740386601311,127.123127899267,51.707166713662,0.0094,0.0111,275.862186,1.0133,8
50,549011650,50,36.740386624845,127.123127860601,51.705551703461,0.0099,0.0116,307.099217,1.0133,8
51,549011700,50,36.740386640559,127.123127808268,51.706752384081,0.0097,0.0114,290.460029,1.0133,8
52,549011750,50,36.740386661494,127.123127767874,51.707095083781,0.0096,0.0113,302.779389,1.0133,8
53,549011800,50,36.740386666084,127.123127746299,51.702671092935,0.0096,0.0113,284.807341,1.0133,8
54,549011850,50,36.740386688185,127.123127727290,51.702400059439,0.0110,0.0129,325.307248,1.0133,8
55,549011900,50,36.740386692041,127.123127711123,51.705744042061,0.0110,0.0129,286.508468,1.0133,8
56,549011950,50,36.740386707889,127.123127691240,51.702162143774,0.0112,0.0132,314.723709,1.0133,8
57,549012000,50,36.740386701329,127.123127697726,51.701469945721,0.0108,0.0127,141.491798,1.0133,8
58,549012050,50,36.740386702245,127.123127694939,51.706142285839,0.0109,0.0127,292.220192,1.0133,8
59,549012100,50,36.740386707955,127.123127688510,51.705270197242,0.0112,0.0131,317.818014,1.0133,8
60,549012150,50,36.740386694879,127.123127722768,51.701465749182,0.0118,0.0138,115.373599,1.0133,8
61,549012200,50,36.740386675641,127.123127713153,51.709122267552,0.0114,0.0134,115.373598,1.0133,8
62,549012250,50,36.740386675832,127.123127718990,51.711065890267,0.0111,0.0131,87.670984,1.0133,8
63,549012300,50,36.740386676641,127.123127710454,51.706086421385,0.0097,0.0114,276.711449,1.0133,8
64,549012350,50,36.740386681424,127.123127707169,51.705305777490,0.0112,0.0131,331.070870,1.0133,8
65,549012350,50,36.740386681424,127.123127707169,51.705305777490,0.0106,0.0124,331.070870,1.0133,8
66,549012450,50,36.740386674366,127.123127687329,51.706663891673,0.0105,0.0123,215.927440,1.0133,8
67,549012500,50,36.740386664120,127.123127685040,51.709918241017,0.0119,0.0139,190.194622,1.0133,8
68,549012550,50,36.740386689858,127.123127717624,51.704498723149,0.0111,0.0130,45.537304,1.0133,8
69,549012550,50,36.740386689858,127.123127689983,51.708073311485,0.0117,0.0137,45.537304,1.0133,8
70,549012650,50,36.740386677612,127.123127688842,51.704462680034,0.0095,0.0112,347.040920,1.0133,8
71,549012700,50,36.740386695968,127.123127724432,51.698522383347,0.0108,0.0127,57.347641,1.0133,8
72,549012750,50,36.740386682284,127.123127682503,51.701183118857,0.0091,0.0102,57.347638,1.0133,8
73,549012800,50,36.740386697419,127.123127691718,51.699063028209,0.0077,0.0087,26.105435,1.0133,8
74,549012850,50,36.740386702580,127.123127706673,51.693678305484,0.0096,0.0108,66.790941,1.0133,8
75,549012850,50,36.740386702580,127.123127706673,51.695215279236,0.0122,0.0143,66.790941,1.0133,8
76,549012950,50,36.740386707025,127.123127683782,51.694747027010,0.0119,0.0141,271.479980,1.0133,8
77,549013000,50,36.740386699770,127.123127654009,51.699412915856,0.0110,0.0130,253.153716,1.0133,8
78,549013050,50,36.740386692180,127.123127692066,51.702445277013,0.0112,0.0132,103.916382,1.0133,8
79,549013100,50,36.740386720684,127.123127688134,51.704034759663,0.0107,0.0126,353.664083,1.0133,8
80,549013150,50,36.740386716414,127.123127679632,51.703147082590,0.0110,0.0130,238.038354,1.0133,8
81,549013200,50,36.740386732696,127.123127693225,51.703305938281,0.0106,0.0125,33.898812,1.0133,8
82,549013250,50,36.740386698908,127.123127661969,51.704337473959,0.0117,0.0138,216.669223,1.0133,8
83,549013250,50,36.740386698908,127.123127668790,51.706183229573,0.0104,0.0122,216.669223,1.0133,8
84,549013350,50,36.740386698980,127.123127633693,51.708598253317,0.0093,0.0109,237.026233,1.0133,8
85,549013350,50,36.740386698980,127.123127667537,51.708383678459,0.0103,0.0122,237.026233,1.0133,8
86,549013450,50,36.740386689005,127.123127641284,51.709390946664,0.0092,0.0109,232.412632,1.0133,8
87,549013450,50,36.740386689005,127.123127630512,51.708871765062,0.0099,0.0116,232.412632,1.0133,8
88,549013550,50,36.740386690169,127.123127635694,51.709457234479,0.0099,0.0117,151.309798,1.0133,8
89,549013550,50,36.740386695974,127.123127643430,51.704539716244,0.0097,0.0114,151.309798,1.0133,8
90,549013650,50,36.740386718065,127.123127660928,51.707056748681,0.0102,0.0120,32.516762,1.0133,8
91,549013700,50,36.740386687790,127.123127634814,51.706284106709,0.0078,0.0092,32.516762,1.0133,8
92,549013750,50,36.740386704318,127.123127654485,51.699249249883,0.0078,0.0092,43.766709,1.0133,8
93,549013800,50,36.740386717771,127.123127671290,51.701326502487,0.0095,0.0112,45.151991,1.0133,8
94,549013850,50,36.740386699415,127.123127670702,51.699981756508,0.0095,0.0112,181.475113,1.0133,8
95,549013900,50,36.740386691518,127.123127653432,51.702151610516,0.0097,0.0114,181.475113,1.0133,8
96,549013950,50,36.740386693907,127.123127673185,51.696718321182,0.0078,0.0092,81.450910,1.0133,8
97,549014000,50,36.740386689095,127.123127662113,51.700637320988,0.0104,0.0122,241.630838,1.0133,8
98,549014050,50,36.740386693169,127.123127668916,51.698409995064,0.0102,0.0120,53.352035,1.0133,8
99,549014100,50,36.740386721340,127.123127658368,51.699032976292,0.0106,0.0125,53.352035,1.0133,8
100,549014150,50,36.740386696935,127.123127639651,51.698688041419,0.0119,0.0140,211.684046,1.0133,8
101,549014200,50,36.740386708629,127.123127638402,51.697610106319,0.0100,0.0117,355.087318,1.0133,8
102,549014250,50,36.740386707924,127.123127639146,51.701390402392,0.0115,0.0135,139.623454,1.0133,8
103,549014300,50,36.740386676588,127.123127611938,51.703113050200,0.0102,0.0120,214.945565,1.0133,8
104,549014350,50,36.740386683072,127.123127608590,51.699649626389,0.0098,0.0115,337.434965,1.0133,8
105,549014400,50,36.740386688124,127.123127627784,51.700787897222,0.0106,0.0125,71.892792,1.0133,8
106,549014450,50,36.740386702014,127.123127623388,51.702043960802,0.0107,0.0126,345.711627,1.0133,8
107,549014500,50,36.740386707062,127.123127632445,51.705673675053,0.0102,0.0121,55.301414,1.0133,8
108,549014550,50,36.740386704880,127.123127652283,51.704884465784,0.0101,0.0119,97.781524,1.0133,8
109,549014600,50,36.740386721272,127.123127647744,51.707349630073,0.0107,0.0125,347.435618,1.0133,8
110,549014650,50,36.740386716136,127.123127644340,51.708190336823,0.0104,0.0122,208.074087,1.0133,8
111,549014700,50,36.740386713788,127.123127641220,51.708595446311,0.0103,0.0121,226.924787,1.0133,8
112,549014750,50,36.740386689986,127.123127642105,51.707816492766,0.0102,0.0121,226.924787,1.0133,8
113,549014800,50,36.740386681270,127.123127624403,51.708573789336,0.0112,0.0133,238.541239,1.0133,8
114,549014850,50,36.740386703231,127.123127638849,51.711738836952,0.0108,0.0127,27.897180,1.0133,8
115,549014900,50,36.740386705506,127.123127639222,51.712890740484,0.0117,0.0139,7.520427,1.0133,8
116,549014950,50,36.740386709391,127.123127699182,51.703248350881,0.0095,0.0112,85.397878,1.0133,8
117,549015000,50,36.740386701763,127.123127674002,51.708999202587,0.0106,0.0125,249.373631,1.0133,8
118,549015050,50,36.740386688074,127.123127654153,51.704161589034,0.0100,0.0118,229.406954,1.0133,8
119,549015100,50,36.740386706040,127.123127700977,51.703612604178,0.0095,0.0112,64.510163,1.0133,8
120,549015150,50,36.740386705796,127.123127676281,51.700801331550,0.0095,0.0112,269.296446,1.0133,8
121,549015200,50,36.740386704372,127.123127698171,51.701030722819,0.0092,0.0109,94.621136,1.0133,8
122,549015250,50,36.740386707051,127.123127687693,51.703758250922,0.0090,0.0106,287.623899,1.0133,8
123,549015300,50,36.740386695608,127.123127692970,51.705653863959,0.0079,0.0093,159.638039,1.0133,8
124,549015350,50,36.740386713520,127.123127694103,51.707680766471,0.0090,0.0106,2.914323,1.0133,8
125,549015400,50,36.740386716868,127.123127699956,51.707927633077,0.0079,0.0093,54.593957,1.0133,8
126,549015450,50,36.740386713073,127.123127708445,51.704073579982,0.0096,0.0113,119.057451,1.0133,8
127,549015500,50,36.740386687122,127.123127697404,51.699973269366,0.0104,0.0123,198.902172,1.0133,8
128,549015550,50,36.740386705019,127.123127722339,51.704429132864,0.0103,0.0122,48.273037,1.0133,8
129,549015600,50,36.740386704517,127.123127704026,51.705827862956,0.0124,0.0146,268.049329,1.0133,8
130,549015650,50,36.740386683875,127.123127702577,51.705163911916,0.0116,0.0137,183.233291,1.0133,8
131,549015700,50,36.740386685724,127.123127687423,51.698576228693,0.0105,0.0124,278.619513,1.0133,8
132,549015750,50,36.740386706391,127.123127731239,51.699659298174,0.0117,0.0138,59.626756,1.0133,8
133,549015800,50,36.740386723369,127.123127706579,51.700071606785,0.0123,0.0145,310.544264,1.0133,8
134,549015850,50,36.740386718907,127.123127682073,51.701526190154,0.0118,0.0140,310.544264,1.0133,8
135,549015900,50,36.740386695304,127.123127689075,51.706065641716,0.0126,0.0149,166.571636,1.0133,8
136,549015950,50,36.740386688757,127.123127666148,51.708284685388,0.0120,0.0142,250.466776,1.0133,8
137,549016000,50,36.740386703467,127.123127687353,51.711755949073,0.0104,0.0123,49.241962,1.0133,8
138,549016050,50,36.740386715482,127.123127676674,51.709154666401,0.0099,0.0117,324.421932,1.0133,8
139,549016100,50,36.740386706210,127.123127693005,51.711235473864,0.0109,0.0128,125.200129,1.0133,8
140,549016150,50,36.740386706371,127.123127697115,51.713538012467,0.0115,0.0135,87.216985,1.0133,8
141,549016200,50,36.740386697387,127.123127668605,51.712181241252,0.0110,0.0130,248.617912,1.0133,8
142,549016250,50,36.740386696906,127.123127651269,51.715591713786,0.0115,0.0136,268.025465,1.0133,8
143,549016300,50,36.740386683299,127.123127645189,51.717161460780,0.0100,0.0118,199.780058,1.0133,8
144,549016350,50,36.740386704515,127.123127663284,51.715434232727,0.0114,0.0135,34.466876,1.0133,8
145,549016400,50,36.740386699145,127.123127649934,51.710255097598,0.0112,0.0132,243.442451,1.0133,8
146,549016450,50,36.740386714542,127.123127629640,51.710501655936,0.0105,0.0124,313.311244,1.0133,8
147,549016500,50,36.740386707612,127.123127582743,51.713749990799,0.0105,0.0124,259.595895,1.0133,8
148,549016550,50,36.740386742486,127.123127558792,51.711586952209,0.0117,0.0138,331.068875,1.0133,8
149,549016600,50,36.740386755189,127.123127503112,51.709722691216,0.0107,0.0126,285.826513,1.0133,8
150,549016650,50,36.740386794432,127.123127439829,51.710709387437,0.0100,0.0118,307.614440,1.0133,8
151,549016700,50,36.740386818903,127.123127406513,51.711311609484,0.0113,0.0133,312.384887,1.0133,8
152,549016750,50,36.740386869479,127.123127310750,51.715402850881,0.0109,0.0128,303.273254,1.0133,8
153,549016800,50,36.740386913428,127.123127208583,51.708116065711,0.0113,0.0133,298.123732,1.0133,8
154,549016850,50,36.740386944309,127.123127093815,51.704117906280,0.0110,0.0130,288.486405,1.0133,8
155,549016900,50,36.740387011150,127.123126938914,51.707315271720,0.0103,0.0122,298.198312,1.0133,8
156,549016950,50,36.740387044800,127.123126808802,51.703320959583,0.0099,0.0116,287.814470,1.0133,8
157,549017000,50,36.740387098692,127.123126639711,51.701091856696,0.0112,0.0132,291.603912,1.0133,8
158,549017050,50,36.740387189097,127.123126505914,51.699955906719,0.0122,0.0143,310.015147,1.0133,8
159,549017100,50,36.740387279442,127.123126275172,51.700676249340,0.0123,0.0144,295.942575,1.0133,8
160,549017150,50,36.740387374568,127.123126061142,51.699600463733,0.0095,0.0107,295.942575,1.0133,8
161,549017200,50,36.740387473304,127.123125805515,51.697613485157,0.0102,0.0115,295.637112,1.0133,8
162,549017250,50,36.740387566564,127.123125509736,51.696643523872,0.0107,0.0121,291.393688,1.0133,8
163,549017300,50,36.740387654556,127.123125141444,51.694210871123,0.0104,0.0117,286.534086,1.0133,8
164,549017350,50,36.740387779041,127.123124759039,51.692987196147,0.0107,0.0120,292.022189,1.0133,8
165,549017400,50,36.740387935013,127.123124406439,51.701621071436,0.0098,0.0110,298.794058,1.0133,8
166,549017450,50,36.740388119915,127.123124029460,51.696001790464,0.0095,0.0107,301.359393,1.0133,8
167,549017500,50,36.740388293656,127.123123569150,51.690456870943,0.0106,0.0119,295.125595,1.0133,8
168,549017550,50,36.740388373253,127.123123059085,51.683144587092,0.0078,0.0088,280.973253,1.0133,8
169,549017600,50,36.740388522897,127.123122542894,51.692476942204,0.0078,0.0088,289.809243,1.0133,8
170,549017650,50,36.740388774719,127.123121998928,51.689906276762,0.0090,0.0101,299.907709,1.0133,8
171,549017700,50,36.740388967592,127.123121418343,51.687960821204,0.0096,0.0108,292.429267,1.0133,8
172,549017750,50,36.740389186059,127.123120844635,51.678778628819,0.0076,0.0078,292.429267,1.0133,8
173,549017800,50,36.740389381722,127.123120167501,51.697066439316,0.0087,0.0090,289.749767,1.0133,8
174,549017850,50,36.740389649653,127.123119491386,51.689806919545,0.0076,0.0078,289.749767,1.0133,8
175,549017900,50,36.740389873085,127.123118717193,51.679728235118,0.0076,0.0077,289.727248,1.0133,8
176,549017950,50,36.740390142052,127.123117966460,51.686615858227,0.0076,0.0077,293.996615,1.0133,8
177,549018000,50,36.740390448977,127.123117196971,51.685500081629,0.0076,0.0077,296.362915,1.0133,8
178,549018050,50,36.740390742917,127.123116337325,51.671726276167,0.0076,0.0077,293.018377,1.0133,8
179,549018100,50,36.740391044856,127.123115490895,51.669954340905,0.0077,0.0077,293.904307,1.0133,8
180,549018150,50,36.740391435795,127.123114670411,51.679185878485,0.0077,0.0077,300.626552,1.0133,8
181,549018200,50,36.740391753053,127.123113644817,51.683642486110,0.0087,0.0087,291.024738,1.0133,8
182,549018250,50,36.740392116202,127.123112683133,51.675836327486,0.0077,0.0077,295.135681,1.0133,8
183,549018300,50,36.740392433117,127.123111619748,51.648387341760,0.0077,0.0077,290.319551,1.0133,8
184,549018350,50,36.740392825426,127.123110567376,51.657550743781,0.0077,0.0077,290.319551,1.0133,8
185,549018400,50,36.740393202572,127.123109451211,51.655222238041,0.0077,0.0077,292.774468,1.0133,8
186,549018450,50,36.740393619117,127.123108303827,51.655124556273,0.0077,0.0077,294.279206,1.0133,8
187,549018500,50,36.740394066312,127.123107151593,51.660508596338,0.0078,0.0077,295.744871,1.0133,8
188,549018550,50,36.740394487597,127.123105952016,51.661364992149,0.0078,0.0077,293.574670,1.0133,8
189,549018600,50,36.740394875740,127.123104655609,51.641150741838,0.0078,0.0077,290.405555,1.0133,8
190,549018650,50,36.740395370870,127.123103402580,51.656798008829,0.0078,0.0077,290.405555,1.0133,8
191,549018700,50,36.740395846137,127.123102098284,51.660539591685,0.0078,0.0077,294.358784,1.0133,8
192,549018750,50,36.740396337343,127.123100762208,51.652491714805,0.0077,0.0076,294.358778,1.0133,8
193,549018800,50,36.740396870403,127.123099484527,51.662456075661,0.0077,0.0076,297.401643,1.0133,8
194,549018850,50,36.740397351390,127.123098107049,51.656873513944,0.0077,0.0076,297.401643,1.0133,8
195,549018900,50,36.740397885664,127.123096703402,51.646243897267,0.0077,0.0076,295.311335,1.0133,8
196,549018950,50,36.740398389792,127.123095294670,51.651600380428,0.0078,0.0076,293.972074,1.0133,8
197,549019000,50,36.740398960830,127.123093879377,51.659901156090,0.0078,0.0076,296.625728,1.0133,8
198,549019050,50,36.740399492833,127.123092435887,51.664345585741,0.0078,0.0076,294.604525,1.0133,8
199,549019100,50,36.740400029240,127.123090942949,51.666096840985,0.0078,0.0076,294.057420,1.0133,8
200,549019150,50,36.740400610981,127.123089429215,51.655519280583,0.0078,0.0076,294.057420,1.0133,8
201,549019200,50,36.740401133879,127.123087895556,51.662689805962,0.0078,0.0076,292.959049,1.0133,8
202,549019250,50,36.740401703368,127.123086326577,51.662212776951,0.0078,0.0076,292.959049,1.0133,8
203,549019300,50,36.740402299818,127.123084778427,51.669709953479,0.0078,0.0076,295.580352,1.0133,8
204,549019350,50,36.740402880937,127.123083190763,51.656894154847,0.0078,0.0076,295.580352,1.0133,8
205,549019400,50,36.740403473502,127.123081635845,51.666072810069,0.0078,0.0075,295.338023,1.0133,8
206,549019450,50,36.740404049333,127.123079985749,51.660072462633,0.0078,0.0075,293.441434,1.0133,8
207,549019500,50,36.740404665864,127.123078338488,51.667260925286,0.0078,0.0075,294.940438,1.0133,8
208,549019550,50,36.740405247748,127.123076654359,51.655824711546,0.0078,0.0075,293.233885,1.0133,8
209,549019600,50,36.740405871281,127.123075005876,51.664854703471,0.0078,0.0075,295.172390,1.0133,8
210,549019650,50,36.740406511030,127.123073272993,51.660044174641,0.0078,0.0075,295.172390,1.0133,8
211,549019700,50,36.740407198495,127.123071598494,51.662357571535,0.0078,0.0075,297.026699,1.0133,8
212,549019750,50,36.740407822170,127.123069852298,51.663284506649,0.0078,0.0075,293.930621,1.0133,8
213,549019800,50,36.740408467266,127.123068107174,51.661988087930,0.0078,0.0075,294.669416,1.0133,8
214,549019800,50,36.740408467266,127.123068107174,51.661988087930,0.0078,0.0075,294.669416,1.0133,8
215,549019900,50,36.740409779359,127.123064558257,51.669801712967,0.0077,0.0074,294.372522,1.0133,8
216,549019950,50,36.740410477183,127.123062767602,51.659150517546,0.0077,0.0074,295.836774,1.0133,8
217,549020000,50,36.740411157747,127.123060936556,51.656477183104,0.0077,0.0074,294.788302,1.0133,8
218,549020050,50,36.740411824126,127.123059082535,51.673134980723,0.0077,0.0074,294.788302,1.0133,8
219,549020100,50,36.740412540523,127.123057277106,51.669847049750,0.0077,0.0074,296.244721,1.0133,8
220,549020100,50,36.740413225917,127.123055359414,51.662524548359,0.0077,0.0074,296.244721,1.0133,8
221,549020200,50,36.740413936571,127.123053492718,51.671887493692,0.0077,0.0074,295.315371,1.0133,8
222,549020250,50,36.740414629050,127.123051570290,51.668442303315,0.0077,0.0074,294.111657,1.0133,8
223,549020300,50,36.740415390484,127.123049671449,51.676797301508,0.0078,0.0074,296.484634,1.0133,8
224,549020350,50,36.740416061109,127.123047767848,51.668106880039,0.0078,0.0074,293.640345,1.0133,8
225,549020400,50,36.740416807468,127.123045859475,51.667511983775,0.0078,0.0074,295.917095,1.0133,8
226,549020450,50,36.740417551936,127.123043942504,51.664356037043,0.0078,0.0074,295.759074,1.0133,8
227,549020500,50,36.740418242940,127.123042003154,51.665686568245,0.0078,0.0074,293.879732,1.0133,8
228,549020550,50,36.740419004844,127.123040011125,51.665920174681,0.0078,0.0074,293.879732,1.0133,8
229,549020600,50,36.740419766594,127.123038015111,51.666766930372,0.0078,0.0074,295.369723,1.0133,8
230,549020650,50,36.740420518703,127.123036050171,51.673586026765,0.0078,0.0074,295.435270,1.0133,8
231,549020700,50,36.740421242649,127.123034055517,51.666360439733,0.0078,0.0074,294.273519,1.0133,8
232,549020750,50,36.740422033466,127.123032047830,51.666348894127,0.0077,0.0074,294.273500,1.0133,8
233,549020800,50,36.740422836619,127.123029998138,51.670649532229,0.0077,0.0074,295.959894,1.0133,8
234,549020850,50,36.740423566370,127.123027931529,51.665517865680,0.0077,0.0074,293.689459,1.0133,8
235,549020900,50,36.740424351777,127.123025887890,51.663145663217,0.0077,0.0074,295.525393,1.0133,8
236,549020950,50,36.740425167772,127.123023779442,51.672669088468,0.0077,0.0074,295.681393,1.0133,8
237,549021000,50,36.740425960024,127.123021649757,51.663952066563,0.0077,0.0074,294.807297,1.0133,8
238,549021050,50,36.740426763975,127.123019503457,51.667968123220,0.0077,0.0074,294.957966,1.0133,8
239,549021100,50,36.740427588090,127.123017387758,51.665299311280,0.0077,0.0074,295.826430,1.0133,8
240,549021150,50,36.740428396189,127.123015192577,51.669479522854,0.0077,0.0074,294.579277,1.0133,8
241,549021200,50,36.740429240092,127.123012998764,51.668697639368,0.0077,0.0074,295.546064,1.0133,8
242,549021250,50,36.740430085020,127.123010768298,51.675643206574,0.0077,0.0074,295.205382,1.0133,8
243,549021300,50,36.740430919328,127.123008522765,51.669170125388,0.0077,0.0074,294.780151,1.0133,8
244,549021350,50,36.740431820001,127.123006228425,51.670518195257,0.0077,0.0074,296.001479,1.0133,8
245,549021400,50,36.740432676120,127.123003950038,51.670138203539,0.0077,0.0073,295.027032,1.0133,8
246,549021450,50,36.740433569280,127.123001636284,51.665483949706,0.0077,0.0073,295.624126,1.0133,8
247,549021500,50,36.740434461381,127.122999268406,51.667925503105,0.0077,0.0073,295.085137,1.0133,8
248,549021550,50,36.740435342356,127.122996822334,51.666573852301,0.0077,0.0073,294.108643,1.0133,8
249,549021600,50,36.740436280759,127.122994426413,51.673278138041,0.0077,0.0074,295.949923,1.0133,8
250,549021650,50,36.740437224514,127.122991995149,51.666079519317,0.0078,0.0074,295.748586,1.0133,8
251,549021700,50,36.740438138902,127.122989515481,51.666217143647,0.0078,0.0074,294.616397,1.0133,8
252,549021750,50,36.740439115233,127.122987008126,51.667987997644,0.0078,0.0074,295.818537,1.0133,8
253,549021800,50,36.740440080293,127.122984451722,51.666807165369,0.0078,0.0074,295.129279,1.0133,8
254,549021800,50,36.740440080293,127.122984451722,51.666807165369,0.0078,0.0074,295.129279,1.0133,8
255,549021900,50,36.740442022940,127.122979302933,51.669484299608,0.0078,0.0074,294.598651,1.0133,8
256,549021950,50,36.740443039464,127.122976713898,51.669192753732,0.0078,0.0074,294.598651,1.0133,8
257,549022000,50,36.740444074620,127.122974067609,51.669190318324,0.0078,0.0074,295.921511,1.0133,8
258,549022050,50,36.740445089219,127.122971386570,51.664281472564,0.0078,0.0074,295.183409,1.0133,8
259,549022100,50,36.740446100585,127.122968688127,51.671980937012,0.0077,0.0073,295.183385,1.0133,8
260,549022150,50,36.740447130876,127.122965983570,51.670898942277,0.0077,0.0073,295.329636,1.0133,8
261,549022200,50,36.740448225328,127.122963262722,51.675050763413,0.0077,0.0073,296.555728,1.0133,8
262,549022250,50,36.740449252648,127.122960456030,51.667030484416,0.0077,0.0073,294.455620,1.0133,8
263,549022300,50,36.740450355633,127.122957605634,51.663585322909,0.0077,0.0073,295.678307,1.0133,8
264,549022350,50,36.740451460747,127.122954789120,51.672675698996,0.0077,0.0073,295.990363,1.0133,8
265,549022400,50,36.740452581806,127.122951957512,51.667910550721,0.0077,0.0073,296.193594,1.0133,8
266,549022450,50,36.740453688487,127.122949031243,51.671357386746,0.0077,0.0073,295.169031,1.0133,8
267,549022500,50,36.740454802249,127.122946155988,51.672921456397,0.0077,0.0073,295.701572,1.0133,8
268,549022550,50,36.740455928807,127.122943197172,51.670965023339,0.0077,0.0073,295.318017,1.0133,8
269,549022600,50,36.740457101556,127.122940199355,51.668094210327,0.0076,0.0072,295.317989,1.0133,8
270,549022650,50,36.740458280878,127.122937219998,51.667977512814,0.0076,0.0072,296.189122,1.0133,8
271,549022700,50,36.740459454147,127.122934188028,51.674655050039,0.0076,0.0073,295.678711,1.0133,8
272,549022750,50,36.740460612151,127.122931159491,51.668256043456,0.0076,0.0073,295.412037,1.0133,8
273,549022800,50,36.740461849940,127.122928101531,51.672615953721,0.0076,0.0073,296.699613,1.0133,8
274,549022850,50,36.740463066384,127.122925001464,51.666865678504,0.0076,0.0073,295.991705,1.0133,8
275,549022900,50,36.740464242499,127.122921881373,51.664439042099,0.0076,0.0073,295.096709,1.0133,8
276,549022950,50,36.740465456009,127.122918744015,51.671443213709,0.0076,0.0073,295.668749,1.0133,8
277,549023000,50,36.740466702189,127.122915584844,51.667899380438,0.0076,0.0073,296.110723,1.0133,8
278,549023050,50,36.740467951348,127.122912395814,51.666345998645,0.0076,0.0073,295.952132,1.0133,8
279,549023100,50,36.740469212605,127.122909215689,51.667518872768,0.0076,0.0073,296.233552,1.0133,8
280,549023150,50,36.740470481978,127.122905983934,51.669453749433,0.0076,0.0073,296.014050,1.0133,8
281,549023200,50,36.740471769073,127.122902694234,51.660552707501,0.0077,0.0073,295.925936,1.0133,8
282,549023250,50,36.740473040276,127.122899413306,51.669677506201,0.0077,0.0073,295.706865,1.0133,8
283,549023300,50,36.740474328601,127.122896112167,51.667409712449,0.0077,0.0073,295.869301,1.0133,8
284,549023350,50,36.740475689893,127.122892815871,51.662803777494,0.0077,0.0073,297.163677,1.0133,8
285,549023400,50,36.740477009139,127.122889441675,51.665672308765,0.0077,0.0073,295.910445,1.0133,8
286,549023450,50,36.740478331031,127.122886030870,51.666474969126,0.0077,0.0073,295.713106,1.0133,8
287,549023500,50,36.740479673954,127.122882669197,51.663873269223,0.0077,0.0073,296.397975,1.0133,8
288,549023550,50,36.740481010662,127.122879210336,51.663967818953,0.0077,0.0073,295.649438,1.0133,8
289,549023600,50,36.740482353464,127.122875744486,51.656172910705,0.0077,0.0073,295.706039,1.0133,8
290,549023650,50,36.740483755248,127.122872282172,51.660091998056,0.0076,0.0072,295.706004,1.0133,8
291,549023700,50,36.740485153590,127.122868776776,51.664570747875,0.0076,0.0072,296.365441,1.0133,8
292,549023750,50,36.740486538270,127.122865256935,51.663025862537,0.0076,0.0072,296.049182,1.0133,8
293,549023800,50,36.740487937136,127.122861694427,51.661310226656,0.0076,0.0072,296.007252,1.0133,8
294,549023850,50,36.740489363725,127.122858128762,51.658952883445,0.0076,0.0072,296.432805,1.0133,8
295,549023900,50,36.740490791829,127.122854550990,51.660442490131,0.0076,0.0072,296.379665,1.0133,8
296,549023950,50,36.740492242797,127.122850923979,51.653426826932,0.0076,0.0072,296.430213,1.0133,8
297,549024000,50,36.740493656355,127.122847255602,51.656992044300,0.0076,0.0072,295.584424,1.0133,8
298,549024050,50,36.740495138161,127.122843627490,51.651373050176,0.0076,0.0072,296.906504,1.0133,8
299,549024100,50,36.740496634536,127.122839959839,51.659505030140,0.0076,0.0072,296.882140,1.0133,8
300,549024150,50,36.740498097352,127.122836231014,51.657691921107,0.0076,0.0072,295.986356,1.0133,8
301,549024200,50,36.740499598737,127.122832494343,51.659996604547,0.0076,0.0072,296.530165,1.0133,8
302,549024250,50,36.740501139134,127.122828749944,51.655731092207,0.0076,0.0072,297.074050,1.0133,8
303,549024300,50,36.740502639192,127.122824958714,51.661466555670,0.0076,0.0072,296.179652,1.0133,8
304,549024350,50,36.740504162522,127.122821200779,51.650934579782,0.0076,0.0072,296.733037,1.0133,8
305,549024400,50,36.740505723045,127.122817365381,51.660104840063,0.0076,0.0072,296.818737,1.0133,8
306,549024450,50,36.740507275227,127.122813523454,51.662867546082,0.0076,0.0072,296.656211,1.0133,8
307,549024500,50,36.740508843879,127.122809656555,51.658541404642,0.0076,0.0072,296.749971,1.0133,8
308,549024550,50,36.740510386900,127.122805777583,51.663735441864,0.0076,0.0072,296.301431,1.0133,8
309,549024600,50,36.740511932896,127.122801912202,51.673826808110,0.0075,0.0072,296.301390,1.0133,8
310,549024650,50,36.740513539993,127.122797986967,51.671387201175,0.0075,0.0072,296.963284,1.0133,8
311,549024700,50,36.740515134804,127.122794108843,51.659378828481,0.0075,0.0072,297.065320,1.0133,8
312,549024750,50,36.740516738159,127.122790199448,51.680816380307,0.0076,0.0072,297.002963,1.0133,8
313,549024800,50,36.740518320798,127.122786249798,51.667698299512,0.0076,0.0072,296.467800,1.0133,8
314,549024850,50,36.740519921213,127.122782290296,51.676376868039,0.0076,0.0072,296.666688,1.0133,8
315,549024900,50,36.740521511411,127.122778337889,51.668048738502,0.0076,0.0072,296.560880,1.0133,8
316,549024950,50,36.740523137562,127.122774378618,51.668265120126,0.0076,0.0072,297.036383,1.0133,8
317,549025000,50,36.740524768178,127.122770435725,51.669765881263,0.0076,0.0072,297.196462,1.0133,8
318,549025050,50,36.740526405666,127.122766452401,51.668754514307,0.0076,0.0072,297.057059,1.0133,8
319,549025100,50,36.740528064495,127.122762485321,51.672747708857,0.0076,0.0072,297.454389,1.0133,8
320,549025150,50,36.740529673501,127.122758468794,51.670920384116,0.0076,0.0072,296.461694,1.0133,8
321,549025200,50,36.740531328336,127.122754473733,51.668249753304,0.0076,0.0072,297.233747,1.0133,8
322,549025250,50,36.740532970665,127.122750424198,51.669649065472,0.0076,0.0072,296.744199,1.0133,8
323,549025300,50,36.740534647732,127.122746397970,51.667225630023,0.0076,0.0072,297.363917,1.0133,8
324,549025350,50,36.740536323317,127.122742361857,51.671223663725,0.0076,0.0072,297.285967,1.0133,8
325,549025400,50,36.740537996685,127.122738278668,51.680756484158,0.0076,0.0072,296.985495,1.0133,8
326,549025450,50,36.740539679048,127.122734197712,51.674658657052,0.0076,0.0072,297.122608,1.0133,8
327,549025500,50,36.740541382429,127.122730111627,51.678296318278,0.0076,0.0072,297.382904,1.0133,8
328,549025550,50,36.740543077754,127.122726001954,51.674796241336,0.0076,0.0072,297.138028,1.0133,8
329,549025600,50,36.740544770331,127.122721913943,51.677043153904,0.0076,0.0072,297.223310,1.0133,8
330,549025650,50,36.740546473151,127.122717839721,51.673446784727,0.0076,0.0072,297.443293,1.0133,8
331,549025700,50,36.740548164376,127.122713723105,51.677329830825,0.0076,0.0072,297.042583,1.0133,8
332,549025750,50,36.740549891883,127.122709585514,51.675693879835,0.0075,0.0071,297.042537,1.0133,8
333,549025800,50,36.740551591023,127.122705501794,51.672802451998,0.0075,0.0071,297.338128,1.0133,8
334,549025850,50,36.740553315989,127.122701376222,51.670806217939,0.0075,0.0072,297.452540,1.0133,8
335,549025900,50,36.740555018364,127.122697256206,51.671354351565,0.0075,0.0071,297.176090,1.0133,8
336,549025950,50,36.740556777558,127.122693133050,51.676939668134,0.0075,0.0071,297.929586,1.0133,8
337,549026000,50,36.740558492893,127.122688992096,51.669668472372,0.0075,0.0071,297.234669,1.0133,8
338,549026050,50,36.740560210180,127.122684880237,51.671236268245,0.0075,0.0071,297.426037,1.0133,8
339,549026100,50,36.740561937429,127.122680760127,51.670431866311,0.0075,0.0071,297.514667,1.0133,8
340,549026150,50,36.740563666982,127.122676661402,51.668314441107,0.0075,0.0071,297.668415,1.0133,8
341,549026200,50,36.740565419089,127.122672560111,51.666708958335,0.0075,0.0071,297.959980,1.0133,8
342,549026250,50,36.740567163617,127.122668459282,51.677070412785,0.0075,0.0072,297.859900,1.0133,8
343,549026300,50,36.740568907089,127.122664293970,51.671501698904,0.0076,0.0072,297.859900,1.0133,8
344,549026350,50,36.740570677601,127.122660180173,51.673132468015,0.0076,0.0072,298.136046,1.0133,8
345,549026400,50,36.740572433175,127.122656016131,51.669463495724,0.0076,0.0071,297.647769,1.0133,8
346,549026450,50,36.740574190537,127.122651890279,51.675694679841,0.0076,0.0072,297.889425,1.0133,8
347,549026500,50,36.740575963912,127.122647702815,51.683671662584,0.0076,0.0072,297.753414,1.0133,8
348,549026550,50,36.740577742438,127.122643581490,51.673551934771,0.0076,0.0072,298.200146,1.0133,8
349,549026600,50,36.740579496550,127.122639463757,51.680034240708,0.0076,0.0072,298.200146,1.0133,8
350,549026650,50,36.740581282012,127.122635295884,51.676822508685,0.0076,0.0072,298.025399,1.0133,8
351,549026700,50,36.740583088383,127.122631185548,51.678986284882,0.0076,0.0072,298.636732,1.0133,8
352,549026750,50,36.740584849762,127.122627032030,51.673435705714,0.0076,0.0072,297.785359,1.0133,8
353,549026750,50,36.740586626983,127.122622844083,51.684089847840,0.0076,0.0072,297.785359,1.0133,8
354,549026850,50,36.740588405092,127.122618692296,51.681436950341,0.0076,0.0072,298.019228,1.0133,8
355,549026900,50,36.740590227413,127.122614528714,51.676746407524,0.0076,0.0072,298.538539,1.0133,8
356,549026950,50,36.740592004774,127.122610383929,51.686939788982,0.0076,0.0072,298.049355,1.0133,8
357,549027000,50,36.740593780965,127.122606168969,51.677079779096,0.0075,0.0071,298.049355,1.0133,8
358,549027050,50,36.740595606683,127.122602013411,51.677095837891,0.0075,0.0071,298.629751,1.0133,8
359,549027100,50,36.740597411146,127.122597843969,51.666003949009,0.0075,0.0071,298.268698,1.0133,8
360,549027150,50,36.740599213407,127.122593664598,51.675746481866,0.0075,0.0071,298.182741,1.0133,8
361,549027200,50,36.740601030411,127.122589504041,51.682584077120,0.0075,0.0071,298.485748,1.0133,8
362,549027250,50,36.740602828116,127.122585313535,51.670814123005,0.0075,0.0071,298.059094,1.0133,8
363,549027300,50,36.740604642194,127.122581160353,51.670640787110,0.0075,0.0071,298.059094,1.0133,8
364,549027350,50,36.740606465040,127.122576960459,51.675245602615,0.0075,0.0071,298.337090,1.0133,8
365,549027400,50,36.740608272259,127.122572789791,51.674120724201,0.0075,0.0071,298.337090,1.0133,8
366,549027450,50,36.740610106932,127.122568622275,51.673984051682,0.0076,0.0071,298.678476,1.0133,8
367,549027500,50,36.740611911917,127.122564438199,51.671367464587,0.0076,0.0071,298.191955,1.0133,8
368,549027550,50,36.740613775499,127.122560238272,51.670574782416,0.0076,0.0071,298.869139,1.0133,8
369,549027600,50,36.740615588890,127.122556082592,51.673163651489,0.0075,0.0071,298.869139,1.0133,8
370,549027650,50,36.740617427401,127.122551875189,51.669292028993,0.0075,0.0071,298.499429,1.0133,8
371,549027700,50,36.740619276873,127.122547711292,51.668660160154,0.0075,0.0071,298.893708,1.0133,8
372,549027750,50,36.740621090412,127.122543517773,51.667814219370,0.0075,0.0071,298.250975,1.0133,8
373,549027750,50,36.740622917835,127.122539337792,51.668916009367,0.0075,0.0071,298.250975,1.0133,8
374,549027850,50,36.740624754682,127.122535164773,51.669200085104,0.0075,0.0071,298.675177,1.0133,8
375,549027900,50,36.740626616191,127.122530977474,51.669391631149,0.0075,0.0071,298.915132,1.0133,8
376,549027950,50,36.740628489679,127.122526764345,51.669153860770,0.0075,0.0071,298.921548,1.0133,8
377,549028000,50,36.740630339574,127.122522562086,51.670316156931,0.0075,0.0071,298.677494,1.0133,8
378,549028050,50,36.740632199718,127.122518415024,51.669627276249,0.0075,0.0071,299.132012,1.0133,8
379,549028100,50,36.740634050648,127.122514209695,51.673346566968,0.0075,0.0071,298.673385,1.0133,8
380,549028150,50,36.740635901147,127.122510018124,51.670750753954,0.0075,0.0071,298.746869,1.0133,8
381,549028200,50,36.740637775186,127.122505836003,51.673388497904,0.0075,0.0071,299.108226,1.0133,8
382,549028250,50,36.740639631632,127.122501672820,51.675415644422,0.0075,0.0071,298.989227,1.0133,8
383,549028300,50,36.740641462780,127.122497471260,51.663944918662,0.0075,0.0071,298.436492,1.0133,8
384,549028350,50,36.740643340105,127.122493298586,51.670750144869,0.0075,0.0071,299.206075,1.0133,8
385,549028400,50,36.740645245206,127.122489160924,51.676362510771,0.0075,0.0071,299.773514,1.0133,8
386,549028450,50,36.740647150774,127.122484965259,51.668611665256,0.0076,0.0071,299.436960,1.0133,8
387,549028500,50,36.740649067389,127.122480811001,51.668495850638,0.0076,0.0071,299.823491,1.0133,8
388,549028550,50,36.740650945066,127.122476611010,51.676854125224,0.0076,0.0071,299.051689,1.0133,8
389,549028600,50,36.740652813576,127.122472428742,51.675997586921,0.0076,0.0071,299.035501,1.0133,8
390,549028650,50,36.740654646910,127.122468184193,51.679841799662,0.0076,0.0071,298.221434,1.0133,8
391,549028700,50,36.740656400422,127.122463933194,51.675352424383,0.0075,0.0071,298.221384,1.0133,8
392,549028750,50,36.740658134352,127.122459664591,51.676067403518,0.0075,0.0071,296.780849,1.0133,8
393,549028800,50,36.740659762795,127.122455351903,51.673455468379,0.0075,0.0071,295.134394,1.0133,8
394,549028850,50,36.740661347332,127.122451017753,51.675072454847,0.0075,0.0071,294.430207,1.0133,8
395,549028900,50,36.740662905391,127.122446646156,51.677888983861,0.0075,0.0071,293.885648,1.0133,8
396,549028950,50,36.740664411295,127.122442260673,51.675220955163,0.0075,0.0071,293.106033,1.0133,8
397,549029000,50,36.740665848425,127.122437866587,51.671242372133,0.0075,0.0071,292.115744,1.0133,8
398,549029050,50,36.740667250037,127.122433418259,51.674150072038,0.0075,0.0071,291.380417,1.0133,8
399,549029100,50,36.740668553978,127.122428915211,51.672237480991,0.0075,0.0071,289.788442,1.0133,8
400,549029150,50,36.740669918566,127.122424455130,51.671893463470,0.0075,0.0071,290.814592,1.0133,8
401,549029200,50,36.740671160894,127.122419958501,51.671505894512,0.0075,0.0071,288.946480,1.0133,8
402,549029250,50,36.740672440182,127.122415485719,51.671351519413,0.0075,0.0071,289.564223,1.0133,8
403,549029300,50,36.740673652914,127.122410998545,51.672111545689,0.0075,0.0071,288.562636,1.0133,8
404,549029350,50,36.740674932298,127.122406504453,51.663946843706,0.0076,0.0071,289.479810,1.0133,8
405,549029400,50,36.740676135380,127.122402010226,51.666408591904,0.0076,0.0071,288.397965,1.0133,8
406,549029450,50,36.740677399972,127.122397589297,51.671733286232,0.0076,0.0071,289.566172,1.0133,8
407,549029500,50,36.740678660429,127.122393115867,51.664853374474,0.0076,0.0071,289.295091,1.0133,8
408,549029550,50,36.740679940177,127.122388705946,51.670017465018,0.0076,0.0071,289.828102,1.0133,8
409,549029600,50,36.740681208439,127.122384300356,51.673213928007,0.0076,0.0071,289.681691,1.0133,8
410,549029650,50,36.740682579446,127.122379899108,51.661708171479,0.0075,0.0071,289.681640,1.0133,8
411,549029700,50,36.740683990934,127.122375564554,51.663359196857,0.0075,0.0071,292.028676,1.0133,8
412,549029750,50,36.740685407725,127.122371248274,51.661060784943,0.0075,0.0071,292.188014,1.0133,8
413,549029800,50,36.740686900757,127.122366953834,51.665534056723,0.0075,0.0071,293.363447,1.0133,8
414,549029850,50,36.740688453592,127.122362722109,51.661278869025,0.0075,0.0071,294.510279,1.0133,8
415,549029900,50,36.740690060726,127.122358504275,51.668250419199,0.0075,0.0071,295.334766,1.0133,8
416,549029950,50,36.740691728546,127.122354342580,51.661773604341,0.0075,0.0071,296.470783,1.0133,8
417,549030000,50,36.740693420647,127.122350215199,51.664757338353,0.0075,0.0071,296.994056,1.0133,8
418,549030050,50,36.740695138343,127.122346103883,51.664357841946,0.0075,0.0071,297.434741,1.0133,8
419,549030100,50,36.740696924018,127.122342034763,51.661770354025,0.0075,0.0071,298.601931,1.0133,8
420,549030150,50,36.740698756219,127.122338012590,51.666521287523,0.0075,0.0071,299.509783,1.0133,8
421,549030200,50,36.740700663338,127.122334049587,51.666172007099,0.0075,0.0071,300.876820,1.0133,8
422,549030250,50,36.740702556088,127.122330082754,51.664194139652,0.0075,0.0071,300.662005,1.0133,8
423,549030300,50,36.740704473064,127.122326151950,51.660932715051,0.0075,0.0071,301.213840,1.0133,8
424,549030350,50,36.740706388562,127.122322225182,51.662722687237,0.0075,0.0071,301.220360,1.0133,8
425,549030400,50,36.740708302373,127.122318309978,51.668171143159,0.0075,0.0071,301.272904,1.0133,8
426,549030450,50,36.740710258446,127.122314385180,51.660512958653,0.0075,0.0071,301.768138,1.0133,8
427,549030500,50,36.740712179881,127.122310448947,51.664940949529,0.0075,0.0071,301.237820,1.0133,8
428,549030550,50,36.740714065395,127.122306533040,51.669250937179,0.0076,0.0071,300.891016,1.0133,8
429,549030600,50,36.740716014992,127.122302624912,51.664594042115,0.0076,0.0071,301.792265,1.0133,8
430,549030650,50,36.740717845694,127.122298700550,51.662942112423,0.0076,0.0071,300.097932,1.0133,8
431,549030700,50,36.740719676053,127.122294734333,51.667827001773,0.0076,0.0071,299.830272,1.0133,8
432,549030750,50,36.740721439624,127.122290768650,51.669208898209,0.0076,0.0071,298.923221,1.0133,8
433,549030800,50,36.740723170101,127.122286771486,51.668399055488,0.0075,0.0070,298.923168,1.0133,8
434,549030850,50,36.740724849766,127.122282713582,51.659963538870,0.0075,0.0070,297.217129,1.0133,8
435,549030900,50,36.740726529267,127.122278676154,51.669672556221,0.0075,0.0070,297.332919,1.0133,8
436,549030950,50,36.740728104004,127.122274593626,51.660574408248,0.0075,0.0071,295.607074,1.0133,8
437,549031000,50,36.740729663820,127.122270515802,51.662204650231,0.0075,0.0071,295.420713,1.0133,8
438,549031050,50,36.740731163233,127.122266423684,51.658445118926,0.0075,0.0071,294.478699,1.0133,8
439,549031100,50,36.740732605283,127.122262285949,51.660668197088,0.0075,0.0071,293.414185,1.0133,8
440,549031150,50,36.740734000758,127.122258144679,51.661249185912,0.0075,0.0071,292.718525,1.0133,8
441,549031200,50,36.740735351129,127.122253967773,51.657729377970,0.0075,0.0071,291.885315,1.0133,8
442,549031250,50,36.740736699511,127.122249838098,51.657331425697,0.0075,0.0071,292.082184,1.0133,8
443,549031300,50,36.740737984337,127.122245614006,51.654429513030,0.0075,0.0071,290.703205,1.0133,8
444,549031350,50,36.740739270758,127.122241452857,51.655479610898,0.0075,0.0071,291.013057,1.0133,8
445,549031400,50,36.740740578984,127.122237284819,51.650597711094,0.0075,0.0071,291.305335,1.0133,8
446,549031450,50,36.740741814528,127.122233059391,51.654234064743,0.0075,0.0071,289.967175,1.0133,8
447,549031500,50,36.740743093443,127.122228903571,51.657450015657,0.0075,0.0071,290.925565,1.0133,8
448,549031550,50,36.740744399089,127.122224746285,51.654046825133,0.0075,0.0071,291.317156,1.0133,8
449,549031600,50,36.740745706239,127.122220591426,51.660449868068,0.0075,0.0071,291.350851,1.0133,8
450,549031650,50,36.740747005632,127.122216399725,51.657863344066,0.0075,0.0071,291.065262,1.0133,8
451,549031700,50,36.740748365816,127.122212301241,51.657849089243,0.0075,0.0071,292.409367,1.0133,8
452,549031750,50,36.740749762757,127.122208208556,51.666334622540,0.0075,0.0071,292.982054,1.0133,8
453,549031800,50,36.740751181495,127.122204100698,51.667565545067,0.0075,0.0071,293.225699,1.0133,8
454,549031800,50,36.740751181495,127.122200046550,51.670447498560,0.0075,0.0071,293.225699,1.0133,8
455,549031900,50,36.740754221978,127.122196041113,51.666162621230,0.0076,0.0071,295.780840,1.0133,8
456,549031950,50,36.740755785927,127.122192048527,51.662406311370,0.0076,0.0071,295.952752,1.0133,8
457,549032000,50,36.740757406654,127.122188092480,51.672688475810,0.0076,0.0071,296.977928,1.0133,8
458,549032050,50,36.740759073772,127.122184140105,51.669461460784,0.0076,0.0071,297.658933,1.0133,8
459,549032100,50,36.740760774376,127.122180323689,51.674228608608,0.0075,0.0070,297.658885,1.0133,8
460,549032150,50,36.740762533135,127.122176452732,51.670357770287,0.0075,0.0070,299.446266,1.0133,8
461,549032200,50,36.740764337627,127.122172653792,51.672650950029,0.0075,0.0070,300.548899,1.0133,8
462,549032250,50,36.740766192970,127.122168909917,51.673183599487,0.0075,0.0071,301.622774,1.0133,8
463,549032300,50,36.740768068427,127.122165176161,51.673566610552,0.0075,0.0071,301.968899,1.0133,8
464,549032350,50,36.740769964436,127.122161420766,51.672458010726,0.0075,0.0071,302.100791,1.0133,8
465,549032400,50,36.740771883766,127.122157735043,51.668253965676,0.0075,0.0071,302.904433,1.0133,8
466,549032450,50,36.740773790477,127.122154013122,51.673679691739,0.0075,0.0071,302.478107,1.0133,8
467,549032500,50,36.740775721079,127.122150294421,51.669423161075,0.0075,0.0071,302.824725,1.0133,8
468,549032550,50,36.740777641732,127.122146589174,51.666524831206,0.0075,0.0071,302.784494,1.0133,8
469,549032600,50,36.740779560985,127.122142882599,51.674656723626,0.0075,0.0071,302.756146,1.0133,8
470,549032650,50,36.740781441310,127.122139154578,51.669419624843,0.0074,0.0070,302.756097,1.0133,8
471,549032700,50,36.740783376819,127.122135459824,51.666270531714,0.0074,0.0070,303.059989,1.0133,8
472,549032750,50,36.740785210666,127.122131697547,51.674889651127,0.0074,0.0070,301.200814,1.0133,8
473,549032800,50,36.740787017199,127.122127930356,51.673769897781,0.0075,0.0070,300.788260,1.0133,8
474,549032850,50,36.740788790982,127.122124144459,51.671089620329,0.0075,0.0070,300.205804,1.0133,8
475,549032900,50,36.740790566269,127.122120329554,51.670413405634,0.0075,0.0070,300.037060,1.0133,8
476,549032950,50,36.740792234037,127.122116454742,51.674175854772,0.0075,0.0070,298.137686,1.0133,8
477,549033000,50,36.740793899969,127.122112560350,51.672843211330,0.0075,0.0070,297.991598,1.0133,8
478,549033050,50,36.740795524832,127.122108653690,51.672508847900,0.0075,0.0070,297.329484,1.0133,8
479,549033100,50,36.740797092115,127.122104722154,51.674641441554,0.0075,0.0070,296.350259,1.0133,8
480,549033150,50,36.740798629367,127.122100744046,51.676457431167,0.0075,0.0070,295.647728,1.0133,8
481,549033200,50,36.740800135401,127.122096767414,51.676489549689,0.0075,0.0070,295.200192,1.0133,8
482,549033250,50,36.740801587513,127.122092735176,51.680309628136,0.0075,0.0070,294.106760,1.0133,8
483,549033300,50,36.740802996155,127.122088697938,51.676079384983,0.0075,0.0070,293.438225,1.0133,8
484,549033350,50,36.740804363154,127.122084663016,51.673019714653,0.0075,0.0070,292.828938,1.0133,8
485,549033400,50,36.740805731189,127.122080586451,51.678388853557,0.0075,0.0070,292.634763,1.0133,8
486,549033450,50,36.740807079186,127.122076508001,51.674375818111,0.0075,0.0070,292.326686,1.0133,8
487,549033500,50,36.740808434398,127.122072427823,51.671666353010,0.0075,0.0070,292.425827,1.0133,8
488,549033550,50,36.740809826278,127.122068335007,51.671465289779,0.0075,0.0070,292.906744,1.0133,8
489,549033600,50,36.740811188802,127.122064243467,51.668663481250,0.0075,0.0070,292.478402,1.0133,8
490,549033650,50,36.740812555922,127.122060138482,51.669892306440,0.0074,0.0070,292.478357,1.0133,8
491,549033700,50,36.740813954367,127.122056090197,51.675869185477,0.0074,0.0070,293.229859,1.0133,8
492,549033750,50,36.740815382483,127.122052039481,51.671886239201,0.0074,0.0070,293.656370,1.0133,8
493,549033800,50,36.740816807549,127.122047962886,51.670950749889,0.0074,0.0070,293.477743,1.0133,8
494,549033850,50,36.740818277010,127.122043919252,51.669361650012,0.0074,0.0070,294.300752,1.0133,8
495,549033900,50,36.740819816533,127.122039911373,51.670866679400,0.0074,0.0070,295.514290,1.0133,8
496,549033950,50,36.740821390533,127.122035907572,51.672432198189,0.0074,0.0070,296.033998,1.0133,8
497,549034000,50,36.740823019911,127.122031914864,51.673125493340,0.0074,0.0070,296.887650,1.0133,8
498,549034050,50,36.740824734999,127.122027984279,51.671539531089,0.0074,0.0070,298.465052,1.0133,8
499,549034100,50,36.740826465351,127.122024053289,51.675063461065,0.0074,0.0070,298.675809,1.0133,8
500,549034150,50,36.740828241096,127.122020151266,51.666459710337,0.0075,0.0070,299.485992,1.0133,8
501,549034200,50,36.740830071945,127.122016268599,51.667224403471,0.0075,0.0070,300.366169,1.0133,8
502,549034250,50,36.740831928512,127.122012420181,51.675811058842,0.0075,0.0070,300.939366,1.0133,8
503,549034300,50,36.740833863923,127.122008626817,51.674098906107,0.0075,0.0070,302.372479,1.0133,8
504,549034350,50,36.740835823502,127.122004846258,51.669295588508,0.0075,0.0070,302.783010,1.0133,8
505,549034400,50,36.740837836505,127.122001076404,51.671753329225,0.0075,0.0070,303.563217,1.0133,8
506,549034450,50,36.740839834684,127.121997299093,51.673124652356,0.0075,0.0070,303.316402,1.0133,8
507,549034500,50,36.740841882356,127.121993522887,51.670826432295,0.0075,0.0070,303.970715,1.0133,8
508,549034550,50,36.740843943877,127.121989772313,51.669460017234,0.0075,0.0070,304.331423,1.0133,8
509,549034600,50,36.740846022173,127.121986007239,51.674262637272,0.0075,0.0070,304.444795,1.0133,8
510,549034650,50,36.740848101151,127.121982155019,51.674293870106,0.0074,0.0070,304.444747,1.0133,8
511,549034700,50,36.740850205327,127.121978390153,51.672613429837,0.0074,0.0070,304.777720,1.0133,8
512,549034750,50,36.740852294971,127.121974565233,51.661593229510,0.0074,0.0070,304.169344,1.0133,8
513,549034800,50,36.740854386018,127.121970731120,51.672032189555,0.0074,0.0070,304.123329,1.0133,8
514,549034850,50,36.740856402676,127.121966850995,51.668762567453,0.0074,0.0070,302.853883,1.0133,8
515,549034900,50,36.740858427647,127.121963004323,51.674643698148,0.0074,0.0070,303.188261,1.0133,8
516,549034950,50,36.740860395093,127.121959083515,51.671541785821,0.0074,0.0070,301.943197,1.0133,8
517,549035000,50,36.740862305176,127.121955123090,51.678181687370,0.0074,0.0070,300.932491,1.0133,8
518,549035050,50,36.740864216866,127.121951127166,51.670473753475,0.0074,0.0070,300.728687,1.0133,8
519,549035100,50,36.740866063288,127.121947089082,51.675320851617,0.0074,0.0070,299.602869,1.0133,8
520,549035150,50,36.740867852426,127.121943004943,51.668891390786,0.0074,0.0070,298.559918,1.0133,8
521,549035200,50,36.740869625309,127.121938900513,51.677842082456,0.0074,0.0070,298.222423,1.0133,8
522,549035250,50,36.740871343406,127.121934739403,51.676552425139,0.0075,0.0070,297.159154,1.0133,8
523,549035300,50,36.740873029724,127.121930571061,51.686745603569,0.0075,0.0070,296.687158,1.0133,8
524,549035350,50,36.740874642058,127.121926341051,51.679783366621,0.0075,0.0070,295.342521,1.0133,8
525,549035400,50,36.740876231963,127.121922110705,51.675685063936,0.0075,0.0070,295.031700,1.0133,8
526,549035450,50,36.740877769162,127.121917809666,51.674654311500,0.0075,0.0070,293.945021,1.0133,8
527,549035500,50,36.740879320423,127.121913535011,51.675927979872,0.0075,0.0070,294.271004,1.0133,8
528,549035550,50,36.740880825906,127.121909201501,51.672261704691,0.0075,0.0070,293.347852,1.0133,8
529,549035600,50,36.740882347316,127.121904854708,51.675514913164,0.0075,0.0070,293.503846,1.0133,8
530,549035650,50,36.740883889100,127.121900599646,51.677588026971,0.0075,0.0070,294.238088,1.0133,8
531,549035700,50,36.740885426958,127.121896235580,51.684720844962,0.0075,0.0070,293.646406,1.0133,8
532,549035750,50,36.740886939793,127.121891892333,51.682507605292,0.0075,0.0070,293.402682,1.0133,8
533,549035800,50,36.740888507579,127.121887542863,51.676385921426,0.0074,0.0070,293.402637,1.0133,8
534,549035850,50,36.740890100646,127.121883223485,51.678844771348,0.0074,0.0070,294.620316,1.0133,8
535,549035900,50,36.740891684068,127.121878914999,51.675945829600,0.0074,0.0070,294.543431,1.0133,8
536,549035950,50,36.740893356460,127.121874653745,51.680040873587,0.0074,0.0070,295.995974,1.0133,8
537,549036000,50,36.740895061809,127.121870404797,51.680589451455,0.0074,0.0070,296.505241,1.0133,8
538,549036050,50,36.740896818392,127.121866189872,51.675477923825,0.0074,0.0070,297.376223,1.0133,8
539,549036100,50,36.740898639794,127.121862023957,51.678116719238,0.0074,0.0070,298.512999,1.0133,8
540,549036150,50,36.740900461984,127.121857889561,51.680562550202,0.0074,0.0070,298.706336,1.0133,8
541,549036200,50,36.740902387667,127.121853779033,51.677205638960,0.0075,0.0070,300.203316,1.0133,8
542,549036250,50,36.740904362004,127.121849707112,51.678032141179,0.0075,0.0070,301.067149,1.0133,8
543,549036300,50,36.740906393785,127.121845697035,51.678685538471,0.0075,0.0070,302.192342,1.0133,8
544,549036350,50,36.740908446537,127.121841672627,51.681980495341,0.0075,0.0070,302.365710,1.0133,8
545,549036400,50,36.740910564174,127.121837746212,51.680011868477,0.0075,0.0070,303.827239,1.0133,8
546,549036450,50,36.740912745647,127.121833800700,51.683955453336,0.0075,0.0070,304.488691,1.0133,8
547,549036500,50,36.740914957491,127.121829914780,51.687200028449,0.0075,0.0070,305.269352,1.0133,8
548,549036550,50,36.740917191370,127.121826074525,51.685584630817,0.0075,0.0070,305.858507,1.0133,8
549,549036600,50,36.740919472781,127.121822194463,51.684034259059,0.0075,0.0070,306.151203,1.0133,8
550,549036650,50,36.740921713961,127.121818353003,51.690340928733,0.0075,0.0070,305.938773,1.0133,8
551,549036700,50,36.740924009038,127.121814510394,51.685211772099,0.0075,0.0070,306.579925,1.0133,8
552,549036750,50,36.740926294903,127.121810661990,51.694427827373,0.0075,0.0070,306.428451,1.0133,8
553,549036800,50,36.740928568479,127.121806826396,51.691594415344,0.0075,0.0070,306.372194,1.0133,8
554,549036850,50,36.740930841378,127.121803001595,51.684878475033,0.0075,0.0070,306.441155,1.0133,8
555,549036900,50,36.740933060165,127.121799136369,51.690172731876,0.0075,0.0070,305.498579,1.0133,8
556,549036950,50,36.740935265464,127.121795228354,51.690123280510,0.0075,0.0070,305.036533,1.0133,8
557,549037000,50,36.740937445131,127.121791299502,51.684080419131,0.0074,0.0070,305.036482,1.0133,8
558,549037050,50,36.740939615652,127.121787332731,51.689748621546,0.0074,0.0070,304.210905,1.0133,8
559,549037100,50,36.740941682451,127.121783327848,51.684439161792,0.0074,0.0070,302.669129,1.0133,8
560,549037150,50,36.740943717143,127.121779286653,51.696747758426,0.0075,0.0070,302.029870,1.0133,8
561,549037200,50,36.740945691873,127.121775195751,51.687035717070,0.0075,0.0070,300.954530,1.0133,8
562,549037250,50,36.740947653855,127.121771084496,51.686537202448,0.0075,0.0070,300.666216,1.0133,8
563,549037300,50,36.740949546733,127.121766965610,51.690454097465,0.0075,0.0070,299.726979,1.0133,8
564,549037350,50,36.740951385323,127.121762810930,51.685093494132,0.0075,0.0070,298.804618,1.0133,8
565,549037400,50,36.740953167136,127.121758619489,51.688075494021,0.0075,0.0070,297.843262,1.0133,8
566,549037450,50,36.740954925303,127.121754407165,51.689447751269,0.0075,0.0070,297.411827,1.0133,8
567,549037500,50,36.740956615111,127.121750158925,51.691798771732,0.0075,0.0070,296.300151,1.0133,8
568,549037550,50,36.740958279021,127.121745857755,51.686141735874,0.0075,0.0070,295.672243,1.0133,8
569,549037600,50,36.740959881889,127.121741595351,51.686928258277,0.0074,0.0070,295.672196,1.0133,8
570,549037650,50,36.740961545554,127.121737261922,51.689854646102,0.0074,0.0070,295.502151,1.0133,8
571,549037700,50,36.740963178394,127.121732986763,51.694736878388,0.0074,0.0070,295.387359,1.0133,8
572,549037750,50,36.740964789639,127.121728683531,51.692071757279,0.0074,0.0070,294.949419,1.0133,8
573,549037800,50,36.740966446260,127.121724436028,51.686026286334,0.0074,0.0070,295.855355,1.0133,8
574,549037850,50,36.740968062493,127.121720143552,51.688559005037,0.0074,0.0070,295.072215,1.0133,8
575,549037900,50,36.740969709547,127.121715917411,51.682804957964,0.0074,0.0070,295.838491,1.0133,8
576,549037950,50,36.740971398282,127.121711682177,51.688046982512,0.0074,0.0070,296.355515,1.0133,8
577,549038000,50,36.740973115187,127.121707450344,51.684038252570,0.0074,0.0070,296.752945,1.0133,8
578,549038050,50,36.740974846370,127.121703283712,51.686591627076,0.0075,0.0070,297.305158,1.0133,8
579,549038100,50,36.740976653823,127.121699096457,51.690889910795,0.0075,0.0070,298.206542,1.0133,8
580,549038150,50,36.740978497779,127.121694999631,51.685468275100,0.0075,0.0070,299.216172,1.0133,8
581,549038200,50,36.740980401679,127.121690924437,51.686232761480,0.0075,0.0070,300.135048,1.0133,8
582,549038250,50,36.740982342787,127.121686874538,51.686898392625,0.0075,0.0070,300.775433,1.0133,8
583,549038300,50,36.740984343273,127.121682923802,51.690811977722,0.0075,0.0070,302.176518,1.0133,8
584,549038350,50,36.740986384096,127.121678981043,51.694536544383,0.0075,0.0070,302.746933,1.0133,8
585,549038400,50,36.740988472885,127.121675057808,51.694813052192,0.0075,0.0070,302.746933,1.0133,8
586,549038450,50,36.740990580270,127.121671158879,51.695453649387,0.0075,0.0070,303.884841,1.0133,8
587,549038500,50,36.740992762335,127.121667351693,51.691132162698,0.0075,0.0070,305.456365,1.0133,8
588,549038550,50,36.740995020254,127.121663578921,51.694978975691,0.0075,0.0070,306.635319,1.0133,8
589,549038600,50,36.740997265014,127.121659830947,51.688303807750,0.0075,0.0070,306.655877,1.0133,8
590,549038650,50,36.740999472722,127.121656123798,51.699023305438,0.0074,0.0069,306.655826,1.0133,8
591,549038700,50,36.741001766502,127.121652381336,51.696334132925,0.0074,0.0069,307.291081,1.0133,8
592,549038750,50,36.741004060007,127.121648735982,51.700654578395,0.0074,0.0070,308.016271,1.0133,8
593,549038800,50,36.741006359236,127.121645010211,51.694582547061,0.0074,0.0070,307.480226,1.0133,8
594,549038850,50,36.741008630235,127.121641298176,51.701340796426,0.0074,0.0070,307.240901,1.0133,8
595,549038900,50,36.741010942252,127.121637575132,51.704534078017,0.0074,0.0070,307.654087,1.0133,8
596,549038950,50,36.741013224351,127.121633891558,51.701609828509,0.0075,0.0070,307.588527,1.0133,8
597,549039000,50,36.741015481927,127.121630180288,51.702636180446,0.0075,0.0070,307.083073,1.0133,8
598,549039050,50,36.741017712795,127.121626403069,51.703938329592,0.0075,0.0070,306.273005,1.0133,8
599,549039100,50,36.741019908571,127.121622688177,51.707878952846,0.0075,0.0070,306.294409,1.0133,8
600,549039150,50,36.741022034573,127.121618862149,51.705714424141,0.0075,0.0070,304.622389,1.0133,8
601,549039200,50,36.741024144898,127.121615060295,51.706015640870,0.0075,0.0070,304.593916,1.0133,8
602,549039250,50,36.741026177769,127.121611176581,51.702961627394,0.0075,0.0070,303.039157,1.0133,8
603,549039300,50,36.741028234273,127.121607302517,51.705685617402,0.0075,0.0070,303.408053,1.0133,8
604,549039350,50,36.741030190565,127.121603371991,51.703331962228,0.0075,0.0070,301.733712,1.0133,8
605,549039400,50,36.741032091493,127.121599402654,51.702206041664,0.0075,0.0070,300.754698,1.0133,8
606,549039450,50,36.741034010768,127.121595430780,51.706235648133,0.0075,0.0070,300.980943,1.0133,8
607,549039500,50,36.741035810105,127.121591405204,51.705299870111,0.0075,0.0070,299.046879,1.0133,8
608,549039550,50,36.741037624993,127.121587354203,51.708793090656,0.0075,0.0070,299.103067,1.0133,8
609,549039600,50,36.741039343522,127.121583341937,51.711605999619,0.0075,0.0070,298.021762,1.0133,8
610,549039650,50,36.741041066464,127.121579259847,51.713964564726,0.0074,0.0069,298.021716,1.0133,8
611,549039700,50,36.741042742875,127.121575157237,51.706390284933,0.0074,0.0069,296.917831,1.0133,8
612,549039750,50,36.741044452391,127.121571086599,51.703953588381,0.0074,0.0069,297.556156,1.0133,8
613,549039800,50,36.741046133709,127.121566937648,51.710772387683,0.0074,0.0069,296.726122,1.0133,8
614,549039850,50,36.741047824564,127.121562848028,51.705247262493,0.0074,0.0069,297.190555,1.0133,8
615,549039900,50,36.741049545164,127.121558770358,51.705730864778,0.0074,0.0069,297.667610,1.0133,8
616,549039950,50,36.741051223379,127.121554702140,51.709070096724,0.0074,0.0070,297.138032,1.0133,8
617,549040000,50,36.741052942834,127.121550639187,51.702070008963,0.0074,0.0070,297.737194,1.0133,8
618,549040050,50,36.741054626882,127.121546592663,51.706826491281,0.0074,0.0070,297.343614,1.0133,8
619,549040100,50,36.741056398944,127.121542557115,51.708287441172,0.0075,0.0070,298.617251,1.0133,8
620,549040150,50,36.741058202997,127.121538595653,51.702775992453,0.0075,0.0070,299.503206,1.0133,8
621,549040200,50,36.741060037290,127.121534664008,51.704627760686,0.0075,0.0070,300.100623,1.0133,8
622,549040250,50,36.741061915824,127.121530741492,51.708566948771,0.0075,0.0070,300.755102,1.0133,8
623,549040300,50,36.741063854558,127.121526881281,51.709718632512,0.0075,0.0070,301.965781,1.0133,8
624,549040350,50,36.741065844706,127.121523089838,51.706804977730,0.0075,0.0070,303.112687,1.0133,8
625,549040400,50,36.741067862668,127.121519262223,51.708086530678,0.0075,0.0070,303.227723,1.0133,8
626,549040450,50,36.741069899544,127.121515533239,51.706950210966,0.0075,0.0070,304.164816,1.0133,8
627,549040500,50,36.741072039864,127.121511829303,51.703209116124,0.0075,0.0070,305.678080,1.0133,8
628,549040550,50,36.741074188487,127.121508200278,51.714117552154,0.0075,0.0070,306.340312,1.0133,8
629,549040600,50,36.741076373205,127.121504578569,51.712859870866,0.0075,0.0070,306.852526,1.0133,8
630,549040650,50,36.741078621568,127.121500986051,51.713803437538,0.0075,0.0070,307.869691,1.0133,8
631,549040700,50,36.741080865488,127.121497444727,51.714795711450,0.0075,0.0070,308.213780,1.0133,8
632,549040750,50,36.741083121447,127.121493896294,51.710801792331,0.0075,0.0070,308.306975,1.0133,8
633,549040800,50,36.741085398539,127.121490385032,51.718215158209,0.0074,0.0069,308.306927,1.0133,8
634,549040850,50,36.741087679904,127.121486834293,51.725584268570,0.0074,0.0069,308.601295,1.0133,8
635,549040900,50,36.741089956153,127.121483353474,51.721518104896,0.0074,0.0070,309.095122,1.0133,8
636,549040950,50,36.741092270279,127.121479855044,51.723916812800,0.0074,0.0070,309.416755,1.0133,8
637,549041000,50,36.741094564769,127.121476355777,51.726051826030,0.0074,0.0070,309.170735,1.0133,8
638,549041050,50,36.741096849872,127.121472852238,51.721767432056,0.0075,0.0070,309.021578,1.0133,8
639,549041100,50,36.741099092678,127.121469336909,51.733382149599,0.0075,0.0070,308.405254,1.0133,8
640,549041150,50,36.741101340458,127.121465765540,51.724782969803,0.0075,0.0070,308.026503,1.0133,8
641,549041200,50,36.741103515214,127.121462185035,51.727597512305,0.0075,0.0070,307.041654,1.0133,8
642,549041250,50,36.741105677071,127.121458576408,51.726140070707,0.0075,0.0070,306.662948,1.0133,8
643,549041300,50,36.741107802916,127.121454966721,51.727949153632,0.0075,0.0070,306.195073,1.0133,8
644,549041350,50,36.741109851931,127.121451282586,51.729336634278,0.0075,0.0070,304.646735,1.0133,8
645,549041400,50,36.741111844275,127.121447564903,51.728594581597,0.0075,0.0070,303.658916,1.0133,8
646,549041450,50,36.741113830964,127.121443833726,51.729998739436,0.0075,0.0070,303.488236,1.0133,8
647,549041500,50,36.741115778711,127.121440075411,51.734763924964,0.0075,0.0070,302.779054,1.0133,8
648,549041550,50,36.741117699770,127.121436264371,51.728882884607,0.0075,0.0070,302.060103,1.0133,8
649,549041600,50,36.741119538437,127.121432423827,51.729297720827,0.0075,0.0070,300.746784,1.0133,8
650,549041650,50,36.741121394472,127.121428595029,51.726909821853,0.0075,0.0070,301.061495,1.0133,8
651,549041700,50,36.741123131111,127.121424709636,51.731910808012,0.0075,0.0070,299.046346,1.0133,8
652,549041750,50,36.741124865152,127.121420794390,51.728744834661,0.0075,0.0070,298.824340,1.0133,8
653,549041800,50,36.741126605593,127.121416903620,51.728339650668,0.0075,0.0070,299.065916,1.0133,8
654,549041800,50,36.741126605593,127.121416903620,51.727644393221,0.0075,0.0070,299.065916,1.0133,8
655,549041900,50,36.741130059593,127.121409103445,51.731400738470,0.0075,0.0070,299.314411,1.0133,8
656,549041950,50,36.741131808339,127.121405208592,51.731238343753,0.0075,0.0070,299.156314,1.0133,8
657,549042000,50,36.741133543243,127.121401254305,51.734276210889,0.0075,0.0070,298.596843,1.0133,8
658,549042050,50,36.741135295056,127.121397361111,51.728601217270,0.0075,0.0070,299.209451,1.0133,8
659,549042100,50,36.741137049460,127.121393479852,51.733976273797,0.0075,0.0070,299.209406,1.0133,8
660,549042150,50,36.741138826094,127.121389626607,51.733357352205,0.0075,0.0070,299.808263,1.0133,8
661,549042200,50,36.741140626413,127.121385802934,51.735253322870,0.0075,0.0070,300.328677,1.0133,8
662,549042250,50,36.741142498308,127.121381968771,51.734407551587,0.0075,0.0070,301.241801,1.0133,8
663,549042300,50,36.741144419862,127.121378217946,51.729528006166,0.0075,0.0070,302.478692,1.0133,8
664,549042350,50,36.741146345730,127.121374515740,51.734559482895,0.0075,0.0070,302.876816,1.0133,8
665,549042400,50,36.741148305395,127.121370842601,51.733644344844,0.0075,0.0070,303.540503,1.0133,8
666,549042450,50,36.741150330432,127.121367197739,51.727775583044,0.0075,0.0070,304.618531,1.0133,8
667,549042500,50,36.741152427358,127.121363603299,51.736329006962,0.0075,0.0070,305.937036,1.0133,8
668,549042550,50,36.741154534607,127.121360026341,51.737575387582,0.0075,0.0070,306.203901,1.0133,8
669,549042600,50,36.741156674113,127.121356467273,51.735043893568,0.0074,0.0069,306.203856,1.0133,8
670,549042650,50,36.741158843084,127.121352963887,51.731751642190,0.0074,0.0069,307.569484,1.0133,8
671,549042700,50,36.741161070016,127.121349521959,51.733219988644,0.0074,0.0069,308.796310,1.0133,8
672,549042750,50,36.741163355397,127.121346068464,51.732754686847,0.0074,0.0069,309.428803,1.0133,8
673,549042800,50,36.741165634670,127.121342723332,51.736243550666,0.0074,0.0070,310.251885,1.0133,8
674,549042850,50,36.741167928039,127.121339359815,51.732293847017,0.0074,0.0070,310.271219,1.0133,8
675,549042900,50,36.741170261250,127.121335974074,51.737472729757,0.0074,0.0070,310.572110,1.0133,8
676,549042950,50,36.741172573839,127.121332625947,51.736037544906,0.0074,0.0070,310.637038,1.0133,8
677,549043000,50,36.741174858054,127.121329269124,51.727308817208,0.0075,0.0070,310.214532,1.0133,8
678,549043050,50,36.741177222560,127.121325883379,51.736491826363,0.0075,0.0070,310.949588,1.0133,8
679,549043100,50,36.741179520180,127.121322508159,51.741291823797,0.0075,0.0070,310.225437,1.0133,8
680,549043150,50,36.741181852707,127.121319173187,51.739400020801,0.0075,0.0070,310.991926,1.0133,8
681,549043200,50,36.741184157960,127.121315767916,51.740127762780,0.0075,0.0070,310.068801,1.0133,8
682,549043250,50,36.741186416675,127.121312326551,51.744401530363,0.0075,0.0070,309.198019,1.0133,8
683,549043300,50,36.741188628455,127.121308919989,51.740880404599,0.0075,0.0070,308.894338,1.0133,8
684,549043350,50,36.741190843883,127.121305420789,51.744110392407,0.0075,0.0070,308.191184,1.0133,8
685,549043400,50,36.741192985988,127.121301909399,51.745426530950,0.0075,0.0070,307.161992,1.0133,8
686,549043450,50,36.741195125518,127.121298328601,51.740271732211,0.0075,0.0070,306.590583,1.0133,8
687,549043500,50,36.741197201102,127.121294756194,51.746160434559,0.0075,0.0070,305.826018,1.0133,8
688,549043550,50,36.741199206598,127.121291097187,51.747461866587,0.0075,0.0070,304.255907,1.0133,8
689,549043600,50,36.741201214041,127.121287439188,51.753391488455,0.0074,0.0070,304.255864,1.0133,8
690,549043650,50,36.741203183412,127.121283733845,51.758461185731,0.0074,0.0070,303.440602,1.0133,8
691,549043700,50,36.741205080109,127.121279994122,51.744892266579,0.0074,0.0070,302.218249,1.0133,8
692,549043750,50,36.741206970525,127.121276246689,51.752215076238,0.0075,0.0070,302.079469,1.0133,8
693,549043800,50,36.741208782701,127.121272417969,51.753201024607,0.0075,0.0070,300.459831,1.0133,8
694,549043850,50,36.741210618159,127.121268607525,51.761509364471,0.0075,0.0070,300.901104,1.0133,8
695,549043900,50,36.741212455505,127.121264804493,51.754207853228,0.0075,0.0070,300.976280,1.0133,8
696,549043950,50,36.741214237911,127.121260916579,51.752949795686,0.0075,0.0070,299.667271,1.0133,8
697,549044000,50,36.741216056456,127.121257073980,51.758160343394,0.0075,0.0070,300.457092,1.0133,8
698,549044050,50,36.741217894507,127.121253259645,51.754767314531,0.0075,0.0070,300.910988,1.0133,8
699,549044100,50,36.741219706821,127.121249435558,51.758447775617,0.0075,0.0070,300.492077,1.0133,8
700,549044150,50,36.741221593307,127.121245624117,51.760532516055,0.0075,0.0070,301.591215,1.0133,8
701,549044200,50,36.741223374681,127.121241761592,51.753106696531,0.0075,0.0070,299.814684,1.0133,8
702,549044250,50,36.741225286836,127.121238013973,51.763595427386,0.0075,0.0070,302.373755,1.0133,8
703,549044300,50,36.741227198132,127.121234228530,51.756300926208,0.0075,0.0070,302.102517,1.0133,8
704,549044350,50,36.741229149653,127.121230442516,51.763886352070,0.0075,0.0070,302.638226,1.0133,8
