0,550041500,50,36.740506245136,127.122817704134,51.670615675859,0.0081,0.0068,78.960673,1.0724,8
1,550041550,50,36.740506224144,127.122817689025,51.668720278889,0.0081,0.0068,210.081409,1.0724,8
2,550041600,50,36.740506244188,127.122817706316,51.670163462870,0.0081,0.0068,34.769699,1.0724,8
3,550041650,50,36.740506218459,127.122817693341,51.673707009293,0.0081,0.0068,202.090446,1.0724,8
4,550041700,50,36.740506233359,127.122817687663,51.669919617474,0.0081,0.0068,342.951327,1.0724,8
5,550041750,50,36.740506239903,127.122817698242,51.675848553888,0.0081,0.0068,52.454315,1.0724,8
6,550041800,50,36.740506224423,127.122817700318,51.670719763264,0.0081,0.0068,173.841615,1.0724,8
7,550041850,50,36.740506243752,127.122817694715,51.671397039667,0.0081,0.0068,346.868781,1.0724,8
8,550041900,50,36.740506237520,127.122817688196,51.675720864907,0.0081,0.0068,220.095422,1.0724,8
9,550041950,50,36.740506233398,127.122817690042,51.673549545929,0.0081,0.0068,160.185370,1.0724,8
10,550042000,50,36.740506227407,127.122817694768,51.672470622696,0.0081,0.0068,147.587144,1.0724,8
11,550042050,50,36.740506242431,127.122817700823,51.673907478340,0.0081,0.0068,17.970093,1.0724,8
12,550042100,50,36.740506237809,127.122817713598,51.674392211251,0.0080,0.0067,17.970092,1.0724,8
13,550042150,50,36.740506252406,127.122817717388,51.672948171385,0.0080,0.0067,11.803720,1.0724,8
14,550042200,50,36.740506255763,127.122817718121,51.671585307457,0.0080,0.0067,9.966007,1.0724,8
15,550042250,50,36.740506237960,127.122817718881,51.675726887770,0.0080,0.0068,178.030840,1.0724,8
16,550042300,50,36.740506241840,127.122817706216,51.673280092888,0.0080,0.0068,290.838164,1.0724,8
17,550042350,50,36.740506233559,127.122817705031,51.676221941598,0.0080,0.0068,186.572546,1.0724,8
18,550042400,50,36.740506244168,127.122817702675,51.670656410046,0.0080,0.0068,349.867626,1.0724,8
19,550042450,50,36.740506232958,127.122817720890,51.678248166107,0.0080,0.0068,127.405827,1.0724,8
20,550042500,50,36.740506243163,127.122817698167,51.670161287300,0.0080,0.0068,299.164105,1.0724,8
21,550042550,50,36.740506238222,127.122817701919,51.672386178747,0.0081,0.0068,148.571106,1.0724,8
22,550042600,50,36.740506229122,127.122817723311,51.681086658500,0.0080,0.0067,148.571106,1.0724,8
23,550042650,50,36.740506247792,127.122817717635,51.674960075878,0.0080,0.0067,346.251179,1.0724,8
24,550042700,50,36.740506243102,127.122817720623,51.675004011951,0.0080,0.0067,152.849479,1.0724,8
25,550042750,50,36.740506234955,127.122817719865,51.678813012317,0.0080,0.0067,184.284482,1.0724,8
26,550042800,50,36.740506251674,127.122817714909,51.672005242668,0.0080,0.0067,346.581929,1.0724,8
27,550042850,50,36.740506260837,127.122817700468,51.675968397409,0.0080,0.0067,308.254366,1.0724,8
28,550042900,50,36.740506262093,127.122817679294,51.676201778464,0.0080,0.0067,274.214845,1.0724,8
29,550042950,50,36.740506280259,127.122817644434,51.674425897188,0.0080,0.0067,302.921684,1.0724,8
30,550043000,50,36.740506287839,127.122817601143,51.677489877678,0.0080,0.0067,282.273942,1.0724,8
31,550043050,50,36.740506310044,127.122817559533,51.673768120818,0.0080,0.0067,303.547310,1.0724,8
32,550043100,50,36.740506332889,127.122817517228,51.672707193531,0.0080,0.0067,303.859716,1.0724,8
33,550043150,50,36.740506318983,127.122817475733,51.677630723454,0.0080,0.0067,247.394709,1.0724,8
34,550043200,50,36.740506363440,127.122817403237,51.672032027505,0.0080,0.0068,307.305626,1.0724,8
35,550043250,50,36.740506371448,127.122817345546,51.678632736206,0.0080,0.0068,279.784753,1.0724,8
36,550043300,50,36.740506406098,127.122817287421,51.671546624973,0.0080,0.0068,306.527109,1.0724,8
37,550043350,50,36.740506426429,127.122817226561,51.672279297374,0.0080,0.0068,292.542872,1.0724,8
38,550043400,50,36.740506454071,127.122817133523,51.674506627955,0.0080,0.0068,290.262151,1.0724,8
39,550043450,50,36.740506500136,127.122817066626,51.671871843748,0.0081,0.0068,310.549325,1.0724,8
40,550043500,50,36.740506493138,127.122816964517,51.676437067799,0.0081,0.0068,265.132698,1.0724,8
41,550043550,50,36.740506558905,127.122816910880,51.662826237269,0.0081,0.0068,326.720066,1.0724,8
42,550043600,50,36.740506575536,127.122816828420,51.670383898541,0.0080,0.0067,326.720066,1.0724,8
43,550043650,50,36.740506617515,127.122816754059,51.665248914622,0.0080,0.0067,305.047348,1.0724,8
44,550043700,50,36.740506654312,127.122816664723,51.662463469431,0.0080,0.0067,297.102498,1.0724,8
45,550043750,50,36.740506666037,127.122816598472,51.665300392546,0.0080,0.0067,282.402138,1.0724,8
46,550043800,50,36.740506697683,127.122816543642,51.666631671600,0.0080,0.0067,305.645412,1.0724,8
47,550043850,50,36.740506737827,127.122816470878,51.665758578107,0.0080,0.0067,304.430139,1.0724,8
48,550043900,50,36.740506750321,127.122816413774,51.664733223617,0.0080,0.0067,285.208832,1.0724,8
49,550043950,50,36.740506765401,127.122816364181,51.669662339613,0.0080,0.0067,290.697787,1.0724,8
50,550044000,50,36.740506784244,127.122816304543,51.664212701842,0.0080,0.0067,291.433395,1.0724,8
51,550044050,50,36.740506771959,127.122816265987,51.667481143959,0.0080,0.0067,248.402889,1.0724,8
52,550044100,50,36.740506806612,127.122816218030,51.663675017655,0.0080,0.0068,311.918606,1.0724,8
53,550044150,50,36.740506828356,127.122816189609,51.666290001944,0.0080,0.0068,313.548748,1.0724,8
54,550044200,50,36.740506831233,127.122816166154,51.668865866959,0.0080,0.0068,278.664325,1.0724,8
55,550044250,50,36.740506862676,127.122816133570,51.662781154737,0.0080,0.0068,320.171095,1.0724,8
56,550044300,50,36.740506827834,127.122816136254,51.672236651182,0.0081,0.0068,176.451877,1.0724,8
57,550044350,50,36.740506858212,127.122816135431,51.664012336172,0.0081,0.0068,358.751373,1.0724,8
58,550044400,50,36.740506845432,127.122816131810,51.668947545812,0.0081,0.0068,192.846784,1.0724,8
59,550044450,50,36.740506855375,127.122816130544,51.668393464759,0.0081,0.0068,354.150607,1.0724,8
60,550044500,50,36.740506845016,127.122816156321,51.669599049725,0.0081,0.0068,116.533211,1.0724,8
61,550044550,50,36.740506823655,127.122816149626,51.667915813625,0.0081,0.0068,194.157589,1.0724,8
62,550044600,50,36.740506844618,127.122816148516,51.671709927730,0.0080,0.0067,194.157589,1.0724,8
63,550044650,50,36.740506836848,127.122816151343,51.680148263462,0.0080,0.0067,163.677749,1.0724,8
64,550044700,50,36.740506853394,127.122816138456,51.677355199121,0.0080,0.0067,327.917873,1.0724,8
65,550044750,50,36.740506828691,127.122816150736,51.681382794864,0.0080,0.0067,158.194957,1.0724,8
66,550044800,50,36.740506852304,127.122816160222,51.672788920812,0.0080,0.0067,17.916966,1.0724,8
67,550044850,50,36.740506826943,127.122816157792,51.677875907160,0.0080,0.0067,184.409863,1.0724,8
68,550044900,50,36.740506844811,127.122816161135,51.672693585977,0.0080,0.0067,8.564321,1.0724,8
69,550044950,50,36.740506847235,127.122816149335,51.673688123934,0.0080,0.0067,284.320135,1.0724,8
70,550045000,50,36.740506823988,127.122816157106,51.676486704499,0.0080,0.0067,164.940187,1.0724,8
71,550045050,50,36.740506852505,127.122816150125,51.672727618366,0.0080,0.0067,348.852570,1.0724,8
72,550045100,50,36.740506820175,127.122816161647,51.680080878548,0.0080,0.0067,163.994148,1.0724,8
73,550045150,50,36.740506854813,127.122816152012,51.672395205125,0.0080,0.0068,347.380461,1.0724,8
74,550045200,50,36.740506844159,127.122816162405,51.676377719268,0.0081,0.0068,141.865047,1.0724,8
75,550045250,50,36.740506828385,127.122816164736,51.676712107845,0.0081,0.0068,173.215300,1.0724,8
76,550045300,50,36.740506845181,127.122816142098,51.678340762854,0.0081,0.0068,312.671852,1.0724,8
77,550045350,50,36.740506837474,127.122816159303,51.675320811570,0.0081,0.0068,119.101053,1.0724,8
78,550045400,50,36.740506845278,127.122816151808,51.675794433802,0.0081,0.0068,322.298076,1.0724,8
79,550045450,50,36.740506840039,127.122816162804,51.676496298984,0.0081,0.0068,120.626331,1.0724,8
80,550045500,50,36.740506854901,127.122816150069,51.675565226004,0.0081,0.0068,325.408968,1.0724,8
81,550045550,50,36.740506845275,127.122816167312,51.675431441516,0.0081,0.0068,124.748418,1.0724,8
82,550045600,50,36.740506835664,127.122816167472,51.679218713194,0.0081,0.0068,179.230018,1.0724,8
83,550045650,50,36.740506837142,127.122816139033,51.677727643400,0.0081,0.0068,273.693460,1.0724,8
84,550045700,50,36.740506855866,127.122816145603,51.675537075847,0.0081,0.0068,15.769488,1.0724,8
85,550045750,50,36.740506844809,127.122816145760,51.676798100583,0.0081,0.0068,179.346197,1.0724,8
86,550045800,50,36.740506853061,127.122816139911,51.670722794719,0.0080,0.0067,179.346197,1.0724,8
87,550045850,50,36.740506840553,127.122816149026,51.670003584586,0.0080,0.0067,149.609043,1.0724,8
88,550045900,50,36.740506863094,127.122816148550,51.673017658293,0.0080,0.0067,359.026909,1.0724,8
89,550045950,50,36.740506857304,127.122816136553,51.671038554981,0.0080,0.0067,239.052000,1.0724,8
90,550046000,50,36.740506859427,127.122816130474,51.669761902653,0.0080,0.0067,293.455451,1.0724,8
91,550046050,50,36.740506867955,127.122816124651,51.669347675517,0.0080,0.0067,331.209909,1.0724,8
92,550046100,50,36.740506865753,127.122816123818,51.668051464483,0.0080,0.0067,196.925965,1.0724,8
93,550046150,50,36.740506839811,127.122816144002,51.673976208083,0.0080,0.0067,147.946642,1.0724,8
94,550046200,50,36.740506880650,127.122816131286,51.665510579944,0.0080,0.0067,345.931502,1.0724,8
95,550046250,50,36.740506849186,127.122816136228,51.670351321809,0.0080,0.0067,172.794192,1.0724,8
96,550046300,50,36.740506866471,127.122816133784,51.671165808104,0.0080,0.0068,353.507582,1.0724,8
97,550046350,50,36.740506878182,127.122816139622,51.670929939486,0.0080,0.0068,21.859438,1.0724,8
98,550046400,50,36.740506875477,127.122816140483,51.668644686230,0.0080,0.0068,165.619794,1.0724,8
99,550046450,50,36.740506870150,127.122816127636,51.669390755706,0.0080,0.0068,242.743068,1.0724,8
100,550046500,50,36.740506854177,127.122816127842,51.672359113581,0.0081,0.0068,179.405332,1.0724,8
101,550046550,50,36.740506881106,127.122816142654,51.671496622264,0.0081,0.0068,23.878839,1.0724,8
102,550046600,50,36.740506864232,127.122816146963,51.671982579865,0.0081,0.0068,168.386013,1.0724,8
103,550046650,50,36.740506866616,127.122816127813,51.665846439078,0.0081,0.0068,278.790966,1.0724,8
104,550046700,50,36.740506868399,127.122816129247,51.667085850611,0.0081,0.0068,32.926409,1.0724,8
105,550046750,50,36.740506877681,127.122816132102,51.667984968983,0.0081,0.0068,13.904925,1.0724,8
106,550046800,50,36.740506868783,127.122816141090,51.674132246524,0.0081,0.0068,140.893647,1.0724,8
107,550046850,50,36.740506858094,127.122816134162,51.669096531346,0.0081,0.0068,207.548181,1.0724,8
108,550046900,50,36.740506885312,127.122816135413,51.666190780699,0.0081,0.0068,2.118766,1.0724,8
109,550046950,50,36.740506875007,127.122816129576,51.670165205374,0.0081,0.0068,204.509274,1.0724,8
110,550047000,50,36.740506847574,127.122816145185,51.673715159297,0.0080,0.0067,204.509273,1.0724,8
111,550047050,50,36.740506866601,127.122816152676,51.668740265071,0.0080,0.0067,17.581645,1.0724,8
112,550047100,50,36.740506862582,127.122816145514,51.669263826683,0.0080,0.0067,235.109976,1.0724,8
113,550047150,50,36.740506874458,127.122816136597,51.670382266864,0.0080,0.0067,328.854748,1.0724,8
114,550047200,50,36.740506878522,127.122816151429,51.673782902770,0.0080,0.0067,71.200043,1.0724,8
115,550047250,50,36.740506870352,127.122816139117,51.670161718503,0.0080,0.0067,230.497390,1.0724,8
116,550047300,50,36.740506861007,127.122816138703,51.668930352665,0.0080,0.0067,182.043227,1.0724,8
117,550047350,50,36.740506878066,127.122816152205,51.669850556180,0.0080,0.0067,32.499019,1.0724,8
118,550047400,50,36.740506866043,127.122816153656,51.668881929480,0.0080,0.0067,174.451814,1.0724,8
119,550047450,50,36.740506865860,127.122816146281,51.671541773714,0.0080,0.0068,268.234148,1.0724,8
120,550047500,50,36.740506865538,127.122816142785,51.668999031186,0.0080,0.0068,263.467701,1.0724,8
121,550047550,50,36.740506881264,127.122816136143,51.665665640496,0.0080,0.0068,341.225719,1.0724,8
122,550047600,50,36.740506859096,127.122816117309,51.672940401360,0.0079,0.0067,341.225720,1.0724,8
123,550047650,50,36.740506876587,127.122816092635,51.670633026399,0.0080,0.0067,311.374456,1.0724,8
124,550047700,50,36.740506887066,127.122816041694,51.667724250816,0.0080,0.0067,284.336942,1.0724,8
125,550047750,50,36.740506919332,127.122816010858,51.667668349110,0.0080,0.0067,322.434158,1.0724,8
126,550047800,50,36.740506929892,127.122815943628,51.671997700818,0.0080,0.0067,281.042971,1.0724,8
127,550047850,50,36.740506953547,127.122815882634,51.668195790611,0.0080,0.0067,295.728174,1.0724,8
128,550047900,50,36.740506987541,127.122815798181,51.667176691815,0.0080,0.0067,296.571284,1.0724,8
129,550047950,50,36.740507013337,127.122815699627,51.669417651370,0.0080,0.0067,288.015905,1.0724,8
130,550048000,50,36.740507048203,127.122815601289,51.667031951249,0.0080,0.0067,293.775264,1.0724,8
131,550048050,50,36.740507098301,127.122815486478,51.667815328576,0.0080,0.0067,298.465335,1.0724,8
132,550048100,50,36.740507141382,127.122815367903,51.665751258843,0.0080,0.0067,294.295580,1.0724,8
133,550048150,50,36.740507217664,127.122815204788,51.665249455720,0.0080,0.0067,300.159636,1.0724,8
134,550048200,50,36.740507287194,127.122815032927,51.671513342299,0.0080,0.0067,296.688295,1.0724,8
135,550048250,50,36.740507365516,127.122814807584,51.665561572649,0.0080,0.0067,293.357221,1.0724,8
136,550048300,50,36.740507430526,127.122814585977,51.665107131936,0.0080,0.0067,290.026741,1.0724,8
137,550048350,50,36.740507547583,127.122814361487,51.663369197398,0.0080,0.0067,302.939026,1.0724,8
138,550048400,50,36.740507644309,127.122814073085,51.665151899680,0.0080,0.0067,292.622373,1.0724,8
139,550048450,50,36.740507726095,127.122813758092,51.669114112854,0.0080,0.0067,287.880240,1.0724,8
140,550048500,50,36.740507852337,127.122813417516,51.664099860005,0.0080,0.0068,294.729203,1.0724,8
141,550048550,50,36.740507963383,127.122813067722,51.664393952116,0.0080,0.0068,291.526624,1.0724,8
142,550048600,50,36.740508101166,127.122812673625,51.669553974643,0.0080,0.0067,291.526623,1.0724,8
143,550048650,50,36.740508266441,127.122812272860,51.667124512605,0.0080,0.0067,297.131016,1.0724,8
144,550048700,50,36.740508429222,127.122811826165,51.662169485353,0.0080,0.0067,294.360351,1.0724,8
145,550048750,50,36.740508582562,127.122811327675,51.667252967134,0.0080,0.0067,290.917337,1.0724,8
146,550048800,50,36.740508801381,127.122810810285,51.668698042631,0.0080,0.0067,297.721592,1.0724,8
147,550048850,50,36.740509004572,127.122810246728,51.667726201005,0.0080,0.0067,294.131940,1.0724,8
148,550048900,50,36.740509224464,127.122809678175,51.668316168711,0.0080,0.0067,295.666624,1.0724,8
149,550048950,50,36.740509423285,127.122809077564,51.664002404548,0.0080,0.0067,292.357902,1.0724,8
150,550049000,50,36.740509700475,127.122808427942,51.665688320063,0.0080,0.0067,297.931328,1.0724,8
151,550049050,50,36.740509918429,127.122807757092,51.662284640595,0.0080,0.0067,291.983031,1.0724,8
152,550049100,50,36.740510172447,127.122806992243,51.668702305295,0.0080,0.0067,292.423876,1.0724,8
153,550049150,50,36.740510438439,127.122806205441,51.661074860021,0.0080,0.0068,292.784980,1.0724,8
154,550049200,50,36.740510710646,127.122805397361,51.671804006211,0.0080,0.0068,292.711660,1.0724,8
155,550049250,50,36.740511079972,127.122804600206,51.670569581911,0.0080,0.0068,299.927406,1.0724,8
156,550049300,50,36.740511388072,127.122803699145,51.665923709050,0.0081,0.0068,293.018339,1.0724,8
157,550049350,50,36.740511732795,127.122802744895,51.661829693243,0.0081,0.0068,294.173352,1.0724,8
158,550049400,50,36.740512040527,127.122801814932,51.672171666287,0.0081,0.0068,292.350336,1.0724,8
159,550049450,50,36.740512449884,127.122800785757,51.663964265026,0.0081,0.0068,296.299184,1.0724,8
160,550049500,50,36.740512817179,127.122799752790,51.666526357643,0.0081,0.0068,293.835986,1.0724,8
161,550049550,50,36.740513232235,127.122798673287,51.656138897873,0.0081,0.0068,295.535309,1.0724,8
162,550049600,50,36.740513631122,127.122797608062,51.661708417349,0.0080,0.0068,295.535305,1.0724,8
163,550049650,50,36.740514016730,127.122796436855,51.668227229267,0.0080,0.0068,292.248761,1.0724,8
164,550049700,50,36.740514442174,127.122795271404,51.669459789060,0.0080,0.0068,294.397847,1.0724,8
165,550049750,50,36.740514917772,127.122794030106,51.659901402891,0.0080,0.0068,295.457383,1.0724,8
166,550049800,50,36.740515393851,127.122792778351,51.659923000261,0.0081,0.0068,295.293745,1.0724,8
167,550049850,50,36.740515847344,127.122791453938,51.659484023228,0.0081,0.0068,293.047319,1.0724,8
168,550049900,50,36.740516327679,127.122790177926,51.665628222749,0.0081,0.0068,295.066642,1.0724,8
169,550049950,50,36.740516837570,127.122788828914,51.665421528742,0.0081,0.0068,295.156509,1.0724,8
170,550050000,50,36.740517327959,127.122787438827,51.657334347256,0.0081,0.0068,293.669215,1.0724,8
171,550050050,50,36.740517822895,127.122786021241,51.659885438159,0.0081,0.0068,293.451707,1.0724,8
172,550050100,50,36.740518369413,127.122784604385,51.657530198805,0.0081,0.0068,295.606998,1.0724,8
173,550050150,50,36.740518904273,127.122783151258,51.662833720446,0.0081,0.0068,294.576418,1.0724,8
174,550050200,50,36.740519445328,127.122781678706,51.655750428326,0.0081,0.0068,294.538253,1.0724,8
175,550050250,50,36.740519987039,127.122780183269,51.665866281837,0.0081,0.0068,294.232088,1.0724,8
176,550050300,50,36.740520553304,127.122778689935,51.661774711683,0.0081,0.0068,295.227711,1.0724,8
177,550050350,50,36.740521087861,127.122777131436,51.665314028040,0.0081,0.0068,293.082502,1.0724,8
178,550050400,50,36.740521681170,127.122775536733,51.657792334445,0.0081,0.0068,294.810018,1.0724,8
179,550050450,50,36.740522257390,127.122773978772,51.661004032940,0.0081,0.0068,294.681161,1.0724,8
180,550050500,50,36.740522838371,127.122772366308,51.656402749009,0.0081,0.0068,294.117382,1.0724,8
181,550050550,50,36.740523464636,127.122770785928,51.661617334932,0.0081,0.0068,296.214573,1.0724,8
182,550050600,50,36.740524088654,127.122769151945,51.657777122222,0.0081,0.0068,295.385076,1.0724,8
183,550050650,50,36.740524687992,127.122767462239,51.655020660721,0.0081,0.0068,293.784015,1.0724,8
184,550050700,50,36.740525292133,127.122765802176,51.664027241990,0.0081,0.0068,294.331698,1.0724,8
185,550050750,50,36.740525912543,127.122764117176,51.655353706330,0.0081,0.0068,294.583581,1.0724,8
186,550050800,50,36.740526508023,127.122762390819,51.660832570866,0.0080,0.0068,294.583569,1.0724,8
187,550050850,50,36.740527167158,127.122760676982,51.661157961003,0.0080,0.0068,295.541541,1.0724,8
188,550050900,50,36.740527791191,127.122758928498,51.666779096238,0.0080,0.0068,293.914991,1.0724,8
189,550050950,50,36.740528423257,127.122757118069,51.656383205205,0.0080,0.0068,293.450848,1.0724,8
190,550051000,50,36.740529122374,127.122755335792,51.659482725896,0.0080,0.0068,295.984106,1.0724,8
191,550051050,50,36.740529769468,127.122753518876,51.661302696913,0.0081,0.0068,293.870388,1.0724,8
192,550051100,50,36.740530451863,127.122751698521,51.663628445938,0.0081,0.0068,294.975157,1.0724,8
193,550051150,50,36.740531146502,127.122749867463,51.654339455068,0.0081,0.0068,295.237603,1.0724,8
194,550051200,50,36.740531838629,127.122747989413,51.656401361339,0.0081,0.0068,294.603513,1.0724,8
195,550051250,50,36.740532532728,127.122746137444,51.657981520519,0.0081,0.0068,294.970504,1.0724,8
196,550051300,50,36.740533238130,127.122744233929,51.658639744855,0.0081,0.0068,294.723677,1.0724,8
197,550051350,50,36.740533961780,127.122742369187,51.658570715226,0.0081,0.0068,295.742526,1.0724,8
198,550051400,50,36.740534661543,127.122740458371,51.658099809662,0.0081,0.0068,294.466663,1.0724,8
199,550051450,50,36.740535359881,127.122738500102,51.658811144531,0.0081,0.0068,293.897789,1.0724,8
200,550051500,50,36.740536106107,127.122736578321,51.666992972605,0.0081,0.0068,295.755769,1.0724,8
201,550051550,50,36.740536822554,127.122734584620,51.655311426148,0.0081,0.0068,294.060968,1.0724,8
202,550051600,50,36.740537555668,127.122732671331,51.660522186197,0.0081,0.0068,295.458826,1.0724,8
203,550051650,50,36.740538299599,127.122730670979,51.658309929073,0.0081,0.0068,294.801230,1.0724,8
204,550051700,50,36.740539022055,127.122728712697,51.662837442942,0.0081,0.0068,294.626378,1.0724,8
205,550051750,50,36.740539769894,127.122726721375,51.656067151576,0.0081,0.0068,295.014948,1.0724,8
206,550051800,50,36.740540516350,127.122724730172,51.660790891387,0.0081,0.0068,294.975644,1.0724,8
207,550051850,50,36.740541269048,127.122722701552,51.658805047162,0.0081,0.0068,294.750716,1.0724,8
208,550051900,50,36.740542034836,127.122720667870,51.660927690566,0.0081,0.0068,295.073604,1.0724,8
209,550051950,50,36.740542808369,127.122718632643,51.663456801325,0.0081,0.0068,295.278791,1.0724,8
210,550052000,50,36.740543577205,127.122716565152,51.661542383954,0.0081,0.0068,294.799444,1.0724,8
211,550052050,50,36.740544343732,127.122714455693,51.657169178128,0.0082,0.0068,294.299196,1.0724,8
212,550052100,50,36.740545109532,127.122712394673,51.662153140642,0.0080,0.0068,294.299177,1.0724,8
213,550052150,50,36.740545939199,127.122710316582,51.663301279768,0.0081,0.0068,296.384501,1.0724,8
214,550052200,50,36.740546736948,127.122708145790,51.659616549499,0.0081,0.0068,294.542139,1.0724,8
215,550052250,50,36.740547534129,127.122705992248,51.663097513840,0.0081,0.0068,294.699770,1.0724,8
216,550052300,50,36.740548350532,127.122703824122,51.661908645183,0.0081,0.0068,295.073315,1.0724,8
217,550052350,50,36.740549180071,127.122701618754,51.660755114630,0.0081,0.0068,295.049778,1.0724,8
218,550052400,50,36.740550010696,127.122699390949,51.657166411169,0.0081,0.0068,294.856640,1.0724,8
219,550052450,50,36.740550898574,127.122697148409,51.662301351316,0.0081,0.0068,296.194540,1.0724,8
220,550052500,50,36.740551747006,127.122694866505,51.660753449425,0.0081,0.0068,294.795923,1.0724,8
221,550052550,50,36.740552601488,127.122692564555,51.667498318478,0.0081,0.0068,294.760106,1.0724,8
222,550052600,50,36.740553470640,127.122690244067,51.662679414265,0.0080,0.0067,294.760083,1.0724,8
223,550052650,50,36.740554348442,127.122687871425,51.664011889137,0.0080,0.0067,294.687794,1.0724,8
224,550052700,50,36.740555260304,127.122685490700,51.665002894588,0.0080,0.0067,295.450059,1.0724,8
225,550052750,50,36.740556164220,127.122683058536,51.662732916884,0.0080,0.0067,294.786623,1.0724,8
226,550052800,50,36.740557104962,127.122680631400,51.666480599903,0.0080,0.0068,295.715016,1.0724,8
227,550052850,50,36.740558058617,127.122678147125,51.660998780280,0.0080,0.0068,295.499822,1.0724,8
228,550052900,50,36.740559005410,127.122675649071,51.661887880415,0.0080,0.0068,295.217077,1.0724,8
229,550052950,50,36.740559972714,127.122673143515,51.665343133733,0.0080,0.0068,295.626552,1.0724,8
230,550053000,50,36.740560985677,127.122670607633,51.661062221974,0.0080,0.0068,296.396341,1.0724,8
231,550053050,50,36.740561956535,127.122668048751,51.657879889011,0.0080,0.0068,295.240076,1.0724,8
232,550053100,50,36.740562944417,127.122665404517,51.657004969195,0.0080,0.0068,294.900809,1.0724,8
233,550053150,50,36.740563962586,127.122662749924,51.659389945678,0.0081,0.0068,295.480918,1.0724,8
234,550053200,50,36.740564964694,127.122660082326,51.661443788558,0.0081,0.0068,295.021382,1.0724,8
235,550053250,50,36.740566012084,127.122657403555,51.657684055157,0.0081,0.0068,295.911362,1.0724,8
236,550053300,50,36.740567029977,127.122654716018,51.662285586819,0.0081,0.0068,295.201561,1.0724,8
237,550053350,50,36.740568094295,127.122651978601,51.660291267559,0.0081,0.0068,295.784930,1.0724,8
238,550053400,50,36.740569146835,127.122649192333,51.663993926719,0.0081,0.0068,295.144067,1.0724,8
239,550053450,50,36.740570239471,127.122646387569,51.658389490098,0.0081,0.0068,295.828813,1.0724,8
240,550053500,50,36.740571334967,127.122643577704,51.666449814104,0.0081,0.0068,295.846745,1.0724,8
241,550053550,50,36.740572416461,127.122640719166,51.666694633663,0.0081,0.0068,295.177791,1.0724,8
242,550053600,50,36.740573539807,127.122637891738,51.661844014190,0.0080,0.0067,295.177764,1.0724,8
243,550053650,50,36.740574619547,127.122634996074,51.660135190934,0.0080,0.0067,294.858795,1.0724,8
244,550053700,50,36.740575734884,127.122632043574,51.665152891539,0.0080,0.0067,295.144075,1.0724,8
245,550053750,50,36.740576882385,127.122629103002,51.665122087114,0.0080,0.0067,295.867235,1.0724,8
246,550053800,50,36.740578065657,127.122626128877,51.663619332016,0.0080,0.0067,296.305077,1.0724,8
247,550053850,50,36.740579224014,127.122623113240,51.662540717050,0.0080,0.0068,295.513788,1.0724,8
248,550053900,50,36.740580412844,127.122620084110,51.664239640348,0.0080,0.0068,295.995935,1.0724,8
249,550053950,50,36.740581583382,127.122617033701,51.659629060887,0.0080,0.0068,295.491447,1.0724,8
250,550054000,50,36.740582786741,127.122613956157,51.663452303968,0.0080,0.0068,295.912285,1.0724,8
251,550054050,50,36.740583969219,127.122610859623,51.664347521961,0.0080,0.0068,295.383478,1.0724,8
252,550054100,50,36.740585179836,127.122607741427,51.663168835454,0.0080,0.0068,295.752549,1.0724,8
253,550054150,50,36.740586420389,127.122604604576,51.657597273588,0.0081,0.0068,296.168880,1.0724,8
254,550054200,50,36.740587677452,127.122601456065,51.659019012935,0.0081,0.0068,296.385193,1.0724,8
255,550054250,50,36.740588910738,127.122598241868,51.656346443109,0.0081,0.0068,295.489595,1.0724,8
256,550054300,50,36.740590170329,127.122595022737,51.659469479695,0.0081,0.0068,295.927879,1.0724,8
257,550054350,50,36.740591440879,127.122591794797,51.658752906136,0.0081,0.0068,296.061723,1.0724,8
258,550054400,50,36.740592703810,127.122588514038,51.657417994924,0.0081,0.0068,295.562162,1.0724,8
259,550054450,50,36.740594004726,127.122585199442,51.655419717543,0.0081,0.0068,295.996818,1.0724,8
260,550054500,50,36.740595324413,127.122581917214,51.652707811445,0.0081,0.0068,296.545764,1.0724,8
261,550054550,50,36.740596599876,127.122578540793,51.655087598599,0.0081,0.0068,295.143869,1.0724,8
262,550054600,50,36.740597937889,127.122575222694,51.650771429762,0.0080,0.0067,295.143835,1.0724,8
263,550054650,50,36.740599252658,127.122571808462,51.651722976007,0.0080,0.0067,295.569880,1.0724,8
264,550054700,50,36.740600600028,127.122568421986,51.650052029639,0.0080,0.0067,296.305809,1.0724,8
265,550054750,50,36.740601939827,127.122564985230,51.651801976375,0.0080,0.0067,295.844957,1.0724,8
266,550054800,50,36.740603302274,127.122561545812,51.646475899965,0.0080,0.0067,296.206143,1.0724,8
267,550054850,50,36.740604675815,127.122558036860,51.647931938991,0.0080,0.0067,295.936864,1.0724,8
268,550054900,50,36.740606057823,127.122554545084,51.641293921508,0.0080,0.0068,296.186776,1.0724,8
269,550054950,50,36.740607416034,127.122551026491,51.641685516573,0.0080,0.0068,295.623454,1.0724,8
270,550055000,50,36.740608817758,127.122547496853,51.647457400337,0.0080,0.0068,296.263576,1.0724,8
271,550055050,50,36.740610259074,127.122543937291,51.639904961921,0.0080,0.0068,296.707513,1.0724,8
272,550055100,50,36.740611698031,127.122540350491,51.644168754108,0.0080,0.0068,296.495074,1.0724,8
273,550055150,50,36.740613127637,127.122536723361,51.639864413999,0.0080,0.0068,296.092309,1.0724,8
274,550055200,50,36.740614564597,127.122533091593,51.641472623684,0.0080,0.0068,296.179622,1.0724,8
275,550055250,50,36.740616027256,127.122529428904,51.642844536342,0.0081,0.0068,296.389989,1.0724,8
276,550055300,50,36.740617493631,127.122525760180,51.634755555540,0.0081,0.0068,296.410349,1.0724,8
277,550055350,50,36.740618961340,127.122522009460,51.641530664638,0.0081,0.0068,295.929675,1.0724,8
278,550055400,50,36.740620476624,127.122518294144,51.640064314008,0.0081,0.0068,296.873971,1.0724,8
279,550055450,50,36.740621981437,127.122514531573,51.641099350527,0.0081,0.0068,296.424420,1.0724,8
280,550055500,50,36.740623481218,127.122510774357,51.639592528343,0.0081,0.0068,296.380502,1.0724,8
281,550055550,50,36.740624999850,127.122506965546,51.640179898590,0.0081,0.0068,296.354323,1.0724,8
282,550055600,50,36.740626535471,127.122503144305,51.636744673364,0.0081,0.0068,296.534046,1.0724,8
283,550055650,50,36.740628077688,127.122499340396,51.634550284594,0.0081,0.0068,296.736836,1.0724,8
284,550055700,50,36.740629640265,127.122495480031,51.631223042496,0.0081,0.0068,296.699617,1.0724,8
285,550055750,50,36.740631183323,127.122491594186,51.629334813915,0.0081,0.0068,296.261756,1.0724,8
286,550055800,50,36.740632723986,127.122487709537,51.636360728182,0.0080,0.0067,296.261716,1.0724,8
287,550055850,50,36.740634323019,127.122483807814,51.638768695295,0.0080,0.0067,296.985965,1.0724,8
288,550055900,50,36.740635906830,127.122479886887,51.643800402991,0.0080,0.0067,296.652055,1.0724,8
289,550055950,50,36.740637479965,127.122475938488,51.642359026708,0.0080,0.0068,296.337611,1.0724,8
290,550056000,50,36.740639105112,127.122471964189,51.645904476754,0.0080,0.0068,296.934327,1.0724,8
291,550056050,50,36.740640711797,127.122468003272,51.636764577590,0.0080,0.0068,296.748470,1.0724,8
292,550056100,50,36.740642313821,127.122464015997,51.640007747337,0.0080,0.0068,296.529442,1.0724,8
293,550056150,50,36.740643936094,127.122460052375,51.642561526969,0.0080,0.0068,296.955649,1.0724,8
294,550056200,50,36.740645547141,127.122456085183,51.644449500367,0.0080,0.0068,296.774449,1.0724,8
295,550056250,50,36.740647207794,127.122452082303,51.645652756095,0.0081,0.0068,297.270053,1.0724,8
296,550056300,50,36.740648842833,127.122448063328,51.642522722483,0.0081,0.0068,296.816286,1.0724,8
297,550056350,50,36.740650483796,127.122444040938,51.643906650133,0.0081,0.0068,296.880168,1.0724,8
298,550056400,50,36.740652125790,127.122440020448,51.648530003615,0.0081,0.0068,296.905633,1.0724,8
299,550056450,50,36.740653810032,127.122435999238,51.647506123409,0.0081,0.0068,297.493178,1.0724,8
300,550056500,50,36.740655473296,127.122431945975,51.644925465807,0.0081,0.0068,297.015654,1.0724,8
301,550056550,50,36.740657145368,127.122427837086,51.648734634742,0.0081,0.0068,296.822553,1.0724,8
302,550056600,50,36.740658838954,127.122423745971,51.645813269541,0.0081,0.0068,297.219551,1.0724,8
303,550056650,50,36.740660512284,127.122419665317,51.650511672720,0.0081,0.0068,296.999413,1.0724,8
304,550056700,50,36.740662243589,127.122415540837,51.642360204831,0.0081,0.0068,297.544899,1.0724,8
305,550056750,50,36.740663921817,127.122411419369,51.652981578372,0.0081,0.0068,296.836844,1.0724,8
306,550056800,50,36.740665630765,127.122407280346,51.650486228988,0.0081,0.0068,297.158728,1.0724,8
307,550056850,50,36.740667370866,127.122403147198,51.645824111067,0.0081,0.0068,297.614701,1.0724,8
308,550056900,50,36.740669086428,127.122399005293,51.645268766209,0.0081,0.0068,297.232481,1.0724,8
309,550056950,50,36.740670783924,127.122394838440,51.650907285511,0.0080,0.0067,297.232436,1.0724,8
310,550057000,50,36.740672514069,127.122390698946,51.654995272867,0.0080,0.0068,297.443892,1.0724,8
311,550057050,50,36.740674249678,127.122386538530,51.650076288730,0.0080,0.0068,297.399681,1.0724,8
312,550057100,50,36.740675964085,127.122382360780,51.656828405336,0.0080,0.0068,297.016443,1.0724,8
313,550057150,50,36.740677673068,127.122378248672,51.651997628622,0.0080,0.0068,297.311283,1.0724,8
314,550057200,50,36.740679425440,127.122374115099,51.650402967818,0.0080,0.0068,297.777956,1.0724,8
315,550057250,50,36.740681161092,127.122369911674,51.652433871292,0.0080,0.0068,297.160227,1.0724,8
316,550057300,50,36.740682902303,127.122365710216,51.646626006812,0.0081,0.0068,297.245616,1.0724,8
317,550057350,50,36.740684642619,127.122361557538,51.650132808834,0.0081,0.0068,297.506809,1.0724,8
318,550057400,50,36.740686407164,127.122357372102,51.652447162196,0.0081,0.0068,297.647145,1.0724,8
319,550057450,50,36.740688180183,127.122353173856,51.646553392522,0.0081,0.0068,297.688023,1.0724,8
320,550057500,50,36.740689925227,127.122348987263,51.649705512449,0.0081,0.0068,297.379787,1.0724,8
321,550057550,50,36.740691683865,127.122344802514,51.648382503539,0.0081,0.0068,297.572114,1.0724,8
322,550057600,50,36.740693480576,127.122340610808,51.657306196168,0.0080,0.0067,297.572066,1.0724,8
323,550057650,50,36.740695233752,127.122336422107,51.658811374567,0.0080,0.0067,297.476864,1.0724,8
324,550057700,50,36.740697021202,127.122332211818,51.656281618401,0.0080,0.0067,297.811757,1.0724,8
325,550057750,50,36.740698766559,127.122328040316,51.663310337812,0.0080,0.0067,297.468536,1.0724,8
326,550057800,50,36.740700570681,127.122323819549,51.657445394434,0.0080,0.0067,297.972816,1.0724,8
327,550057850,50,36.740702338406,127.122319614241,51.663468593732,0.0080,0.0067,297.578026,1.0724,8
328,550057900,50,36.740704127796,127.122315429952,51.663983650506,0.0080,0.0068,297.984236,1.0724,8
329,550057950,50,36.740705941868,127.122311188444,51.656675945036,0.0080,0.0068,297.987015,1.0724,8
330,550058000,50,36.740707734155,127.122306971733,51.656106052920,0.0080,0.0068,297.839636,1.0724,8
331,550058050,50,36.740709552339,127.122302780310,51.661454961635,0.0080,0.0068,298.324135,1.0724,8
332,550058100,50,36.740711353938,127.122298561427,51.654948673211,0.0080,0.0068,297.950200,1.0724,8
333,550058150,50,36.740713173915,127.122294347479,51.657598336227,0.0080,0.0068,298.219601,1.0724,8
334,550058200,50,36.740714952085,127.122290114869,51.661082332022,0.0081,0.0068,297.564424,1.0724,8
335,550058250,50,36.740716796650,127.122285899664,51.655251496471,0.0081,0.0068,298.533976,1.0724,8
336,550058300,50,36.740718630164,127.122281684631,51.657623665407,0.0081,0.0068,298.390693,1.0724,8
337,550058350,50,36.740720460323,127.122277421791,51.657149086706,0.0081,0.0068,298.077645,1.0724,8
338,550058400,50,36.740722249222,127.122273219687,51.659894791432,0.0081,0.0068,297.877018,1.0724,8
339,550058450,50,36.740724083561,127.122268988676,51.659226404503,0.0081,0.0068,298.310886,1.0724,8
340,550058500,50,36.740725933634,127.122264759674,51.658020469360,0.0081,0.0068,298.527107,1.0724,8
341,550058550,50,36.740727754437,127.122260538576,51.666426029056,0.0081,0.0068,298.189992,1.0724,8
342,550058600,50,36.740729595275,127.122256307582,51.658169654198,0.0080,0.0067,298.189942,1.0724,8
343,550058650,50,36.740731439496,127.122252060842,51.657129944302,0.0080,0.0067,298.350628,1.0724,8
344,550058700,50,36.740733262929,127.122247880005,51.652705840766,0.0080,0.0067,298.453817,1.0724,8
345,550058750,50,36.740735128940,127.122243665588,51.658237203024,0.0080,0.0067,298.817297,1.0724,8
346,550058800,50,36.740736964491,127.122239422952,51.658069002442,0.0080,0.0067,298.261037,1.0724,8
347,550058850,50,36.740738805369,127.122235199690,51.661057243124,0.0080,0.0067,298.440034,1.0724,8
348,550058900,50,36.740740644429,127.122230982577,51.665588698350,0.0080,0.0067,298.451302,1.0724,8
349,550058950,50,36.740742495998,127.122226776302,51.660158071667,0.0080,0.0068,298.676302,1.0724,8
350,550059000,50,36.740744362590,127.122222568619,51.659389748238,0.0080,0.0068,298.863569,1.0724,8
351,550059050,50,36.740746206620,127.122218333877,51.669230029918,0.0081,0.0068,298.415966,1.0724,8
352,550059100,50,36.740748071837,127.122214124332,51.665206342936,0.0081,0.0068,298.835002,1.0724,8
353,550059150,50,36.740749942845,127.122209902191,51.672293349169,0.0081,0.0068,298.837724,1.0724,8
354,550059200,50,36.740751798706,127.122205679949,51.671904087998,0.0081,0.0068,298.640807,1.0724,8
355,550059250,50,36.740753628914,127.122201454291,51.672059305944,0.0081,0.0068,298.287232,1.0724,8
356,550059300,50,36.740755482649,127.122197247026,51.678339312784,0.0081,0.0068,298.698873,1.0724,8
357,550059350,50,36.740757369343,127.122193032842,51.673758306541,0.0081,0.0068,299.086191,1.0724,8
358,550059400,50,36.740759222132,127.122188780233,51.674667979591,0.0081,0.0068,298.428650,1.0724,8
359,550059450,50,36.740761109648,127.122184602068,51.674173830077,0.0081,0.0068,299.306260,1.0724,8
360,550059500,50,36.740763015690,127.122180399484,51.670846080408,0.0081,0.0068,299.402704,1.0724,8
361,550059550,50,36.740764845436,127.122176210249,51.679082831368,0.0081,0.0068,298.488666,1.0724,8
362,550059600,50,36.740766719677,127.122172020248,51.679064582102,0.0081,0.0068,299.065100,1.0724,8
363,550059650,50,36.740768598072,127.122167834850,51.680314681493,0.0081,0.0068,299.145784,1.0724,8
364,550059700,50,36.740770457533,127.122163707567,51.674976534210,0.0081,0.0068,299.239734,1.0724,8
365,550059750,50,36.740772327718,127.122159512498,51.667310090736,0.0080,0.0067,299.239683,1.0724,8
366,550059800,50,36.740774211438,127.122155369181,51.676922381856,0.0080,0.0067,299.462076,1.0724,8
367,550059850,50,36.740776099086,127.122151202672,51.671472089365,0.0080,0.0067,299.376309,1.0724,8
368,550059900,50,36.740777956453,127.122147042371,51.672758691013,0.0080,0.0067,299.018125,1.0724,8
369,550059950,50,36.740779848467,127.122142920531,51.672020056285,0.0080,0.0067,299.697972,1.0724,8
370,550060000,50,36.740781722021,127.122138779874,51.680283705704,0.0080,0.0067,299.345219,1.0724,8
371,550060050,50,36.740783602478,127.122134647456,51.676557318307,0.0080,0.0067,299.484184,1.0724,8
372,550060100,50,36.740785435838,127.122130557643,51.677624518983,0.0080,0.0067,299.117369,1.0724,8
373,550060150,50,36.740787309158,127.122126440849,51.676037491299,0.0080,0.0067,299.483834,1.0724,8
374,550060200,50,36.740789184278,127.122122296943,51.679118615575,0.0080,0.0068,299.346483,1.0724,8
375,550060250,50,36.740791018400,127.122118181267,51.680456041358,0.0081,0.0068,298.974189,1.0724,8
376,550060300,50,36.740792898722,127.122114063607,51.682199342176,0.0081,0.0068,299.570341,1.0724,8
377,550060350,50,36.740794750966,127.122109971494,51.688066219911,0.0081,0.0068,299.353892,1.0724,8
378,550060400,50,36.740796645215,127.122105870730,51.685160464607,0.0081,0.0068,299.853763,1.0724,8
379,550060450,50,36.740798508826,127.122101747620,51.683209467679,0.0081,0.0068,299.318955,1.0724,8
380,550060500,50,36.740800351400,127.122097649593,51.689018306322,0.0081,0.0068,299.190687,1.0724,8
381,550060550,50,36.740802227257,127.122093616251,51.691556947306,0.0081,0.0068,300.022792,1.0724,8
382,550060600,50,36.740804095468,127.122089517047,51.686634559184,0.0081,0.0068,299.521951,1.0724,8
383,550060650,50,36.740805932359,127.122085422230,51.692902259529,0.0081,0.0068,299.134502,1.0724,8
384,550060700,50,36.740807816987,127.122081394999,51.690430277959,0.0081,0.0068,300.176466,1.0724,8
385,550060750,50,36.740809695549,127.122077330473,51.691588263959,0.0081,0.0068,299.867654,1.0724,8
386,550060800,50,36.740811575163,127.122073246356,51.684008292854,0.0080,0.0067,299.867603,1.0724,8
387,550060850,50,36.740813447627,127.122069207100,51.689106430858,0.0080,0.0067,299.941524,1.0724,8
388,550060900,50,36.740815313603,127.122065190465,51.690894307569,0.0080,0.0067,299.994731,1.0724,8
389,550060950,50,36.740817182780,127.122061159273,51.689066040330,0.0080,0.0067,299.947513,1.0724,8
390,550061000,50,36.740819026312,127.122057111297,51.695809440687,0.0080,0.0067,299.504168,1.0724,8
391,550061050,50,36.740820901229,127.122053103123,51.691831077449,0.0080,0.0067,300.165914,1.0724,8
392,550061100,50,36.740822771009,127.122049098159,51.689607070759,0.0080,0.0067,300.117593,1.0724,8
393,550061150,50,36.740824634834,127.122045089354,51.693538404070,0.0080,0.0067,300.014527,1.0724,8
394,550061200,50,36.740826488597,127.122041084987,51.692295772023,0.0080,0.0067,299.907791,1.0724,8
395,550061250,50,36.740828332663,127.122037069836,51.697626681998,0.0091,0.0076,299.711716,1.0724,8
396,550061300,50,36.740830217517,127.122033093434,51.693864110857,0.0090,0.0076,300.496682,1.0724,8
397,550061350,50,36.740832102779,127.122029121616,51.694037913345,0.0091,0.0076,300.531014,1.0724,8
398,550061400,50,36.740833961410,127.122025133499,51.691240684129,0.0091,0.0077,300.073726,1.0724,8
399,550061450,50,36.740835834437,127.122021134585,51.695133285597,0.0094,0.0079,300.198409,1.0724,8
400,550061500,50,36.740837677008,127.122017181963,51.695902105421,0.0100,0.0083,300.080243,1.0724,8
401,550061550,50,36.740839559181,127.122013239130,51.700707323849,0.0101,0.0084,300.673750,1.0724,8
402,550061600,50,36.740841429840,127.122009310609,51.698716089129,0.0111,0.0093,300.610938,1.0724,8
403,550061650,50,36.740843306549,127.122005312757,51.699325961992,0.0095,0.0079,300.253992,1.0724,8
404,550061700,50,36.740845134129,127.122001394980,51.697104959749,0.0107,0.0090,300.097279,1.0724,8
405,550061750,50,36.740847030969,127.121997472630,51.700146967545,0.0106,0.0089,301.000850,1.0724,8
406,550061800,50,36.740848869123,127.121993578871,51.711274498142,0.0122,0.0102,300.394447,1.0724,8
407,550061850,50,36.740850796798,127.121989633928,51.700285295025,0.0100,0.0084,301.264104,1.0724,8
408,550061900,50,36.740852689327,127.121985707621,51.701615754515,0.0107,0.0089,300.917860,1.0724,8
409,550061950,50,36.740854573273,127.121981854658,51.711275846697,0.0123,0.0103,301.280528,1.0724,8
410,550062000,50,36.740856434886,127.121977912098,51.709846450016,0.0118,0.0098,300.400115,1.0724,8
411,550062050,50,36.740858250766,127.121973951302,51.706875985488,0.0120,0.0100,299.668050,1.0724,8
412,550062100,50,36.740860040198,127.121969962627,51.696992797777,0.0081,0.0067,299.668001,1.0724,8
413,550062150,50,36.740861709357,127.121965960050,51.707172587514,0.0081,0.0067,297.391252,1.0724,8
414,550062200,50,36.740863329214,127.121961920955,51.702649959363,0.0081,0.0067,296.487363,1.0724,8
415,550062250,50,36.740864852341,127.121957829102,51.701178003103,0.0081,0.0067,294.820956,1.0724,8
416,550062300,50,36.740866263987,127.121953727503,51.702907350846,0.0081,0.0067,293.153406,1.0724,8
417,550062350,50,36.740867613978,127.121949604774,51.700188416988,0.0081,0.0067,292.139682,1.0724,8
418,550062400,50,36.740868916892,127.121945428381,51.702453894541,0.0093,0.0077,291.187880,1.0724,8
419,550062450,50,36.740870277878,127.121941231921,51.705891045742,0.0091,0.0076,291.948056,1.0724,8
420,550062500,50,36.740871629620,127.121937085407,51.706390277483,0.0081,0.0068,292.050696,1.0724,8
421,550062550,50,36.740873013839,127.121932945804,51.701503573917,0.0082,0.0068,292.561916,1.0724,8
422,550062600,50,36.740874499472,127.121928851802,51.691475758329,0.0081,0.0067,292.561869,1.0724,8
423,550062650,50,36.740875943391,127.121924835029,51.704305579886,0.0081,0.0067,294.068004,1.0724,8
424,550062700,50,36.740877451202,127.121920801062,51.691843017936,0.0081,0.0067,294.911445,1.0724,8
425,550062750,50,36.740878939270,127.121916794619,51.700392785482,0.0081,0.0067,294.773113,1.0724,8
426,550062800,50,36.740880503295,127.121912801929,51.695419924334,0.0081,0.0067,295.953234,1.0724,8
427,550062850,50,36.740882084476,127.121908890088,51.696934745647,0.0081,0.0067,296.667250,1.0724,8
428,550062900,50,36.740883728161,127.121904938853,51.694822724909,0.0081,0.0067,297.333502,1.0724,8
429,550062950,50,36.740885444688,127.121901118627,51.701995800249,0.0099,0.0082,299.174495,1.0724,8
430,550063000,50,36.740887284455,127.121897302453,51.692676451989,0.0082,0.0068,300.922272,1.0724,8
431,550063050,50,36.740889145208,127.121893546800,51.702378438786,0.0094,0.0078,301.616948,1.0724,8
432,550063100,50,36.740890990005,127.121889809139,51.697991526686,0.0082,0.0068,301.519571,1.0724,8
433,550063150,50,36.740892793228,127.121886044724,51.705505026504,0.0082,0.0068,300.760699,1.0724,8
434,550063200,50,36.740894629360,127.121882207306,51.698388899677,0.0082,0.0068,300.732447,1.0724,8
435,550063250,50,36.740896370709,127.121878374135,51.704257646576,0.0105,0.0086,299.442895,1.0724,8
436,550063300,50,36.740898075087,127.121874554064,51.699956499040,0.0082,0.0068,299.002608,1.0724,8
437,550063350,50,36.740899724882,127.121870696147,51.700615434907,0.0097,0.0080,297.983960,1.0724,8
438,550063400,50,36.740901359171,127.121866810350,51.701507832855,0.0098,0.0081,297.590682,1.0724,8
439,550063450,50,36.740902951494,127.121862935087,51.706361843273,0.0100,0.0083,297.046355,1.0724,8
440,550063500,50,36.740904517208,127.121859054693,51.707894287072,0.0113,0.0094,296.626888,1.0724,8
441,550063550,50,36.740905974446,127.121855084988,51.702954573557,0.0096,0.0079,294.518554,1.0724,8
442,550063600,50,36.740907419639,127.121851072135,51.690287310630,0.0082,0.0068,294.518506,1.0724,8
443,550063650,50,36.740908762509,127.121847054092,51.696943107992,0.0082,0.0068,292.551284,1.0724,8
444,550063700,50,36.740910102614,127.121843014195,51.693898891099,0.0082,0.0068,292.399801,1.0724,8
445,550063750,50,36.740911440187,127.121838991962,51.694480832666,0.0082,0.0068,292.450110,1.0724,8
446,550063800,50,36.740912818824,127.121834982796,51.699359445833,0.0082,0.0068,293.135442,1.0724,8
447,550063850,50,36.740914238180,127.121830987824,51.697108712979,0.0082,0.0068,293.819044,1.0724,8
448,550063900,50,36.740915707927,127.121827039025,51.696979212575,0.0082,0.0068,294.819018,1.0724,8
449,550063950,50,36.740917186959,127.121823097539,51.697087654844,0.0082,0.0068,294.997421,1.0724,8
450,550064000,50,36.740918745365,127.121819194114,51.697933983989,0.0082,0.0068,296.384403,1.0724,8
451,550064050,50,36.740920298144,127.121815324664,51.704329994507,0.0082,0.0068,296.501473,1.0724,8
452,550064100,50,36.740921899978,127.121811463253,51.703244882636,0.0082,0.0068,297.268243,1.0724,8
453,550064150,50,36.740923573806,127.121807664117,51.700283442624,0.0082,0.0068,298.697701,1.0724,8
454,550064200,50,36.740925274915,127.121803899781,51.706252971664,0.0082,0.0068,299.314091,1.0724,8
455,550064250,50,36.740927068269,127.121800169240,51.708657000214,0.0082,0.0068,300.850212,1.0724,8
456,550064300,50,36.740928922884,127.121796475238,51.712373247370,0.0082,0.0068,301.956824,1.0724,8
457,550064350,50,36.740930812692,127.121792814670,51.710319904611,0.0083,0.0068,302.678771,1.0724,8
458,550064400,50,36.740932700796,127.121789103724,51.705598888919,0.0083,0.0068,302.300536,1.0724,8
459,550064450,50,36.740934510947,127.121785367714,51.713292483240,0.0083,0.0068,301.048790,1.0724,8
460,550064500,50,36.740936285562,127.121781571872,51.710560228676,0.0083,0.0068,300.152230,1.0724,8
461,550064550,50,36.740938024553,127.121777763155,51.711245900020,0.0083,0.0068,299.566820,1.0724,8
462,550064600,50,36.740939810727,127.121773925102,51.701380847022,0.0082,0.0067,299.566773,1.0724,8
463,550064650,50,36.740941518766,127.121770063067,51.703068140894,0.0082,0.0067,298.789771,1.0724,8
464,550064700,50,36.740943189749,127.121766152814,51.703158640303,0.0082,0.0067,297.967009,1.0724,8
465,550064750,50,36.740944805602,127.121762239523,51.700955525972,0.0082,0.0068,297.160289,1.0724,8
466,550064800,50,36.740946396286,127.121758283171,51.703629419208,0.0082,0.0068,296.545158,1.0724,8
467,550064850,50,36.740947900067,127.121754251562,51.701361927204,0.0082,0.0068,294.865732,1.0724,8
468,550064900,50,36.740949319922,127.121750201536,51.705867458135,0.0082,0.0068,293.538058,1.0724,8
469,550064950,50,36.740950742508,127.121746105103,51.703321937472,0.0082,0.0068,293.339997,1.0724,8
470,550065000,50,36.740952162805,127.121741954903,51.701671019197,0.0082,0.0068,293.036197,1.0724,8
471,550065050,50,36.740953616159,127.121737874747,51.704652845860,0.0082,0.0068,293.873560,1.0724,8
472,550065100,50,36.740955115563,127.121733788642,51.701214255765,0.0082,0.0068,294.510425,1.0724,8
473,550065150,50,36.740956660335,127.121729728235,51.705157585442,0.0083,0.0068,295.300786,1.0724,8
474,550065200,50,36.740958260546,127.121725692008,51.704858630896,0.0083,0.0068,296.225461,1.0724,8
475,550065250,50,36.740959909500,127.121721702142,51.696755277924,0.0083,0.0068,297.181256,1.0724,8
476,550065300,50,36.740961569787,127.121717688535,51.705250882544,0.0083,0.0068,297.202606,1.0724,8
477,550065350,50,36.740963276430,127.121713733039,51.702048497275,0.0083,0.0068,298.195776,1.0724,8
478,550065400,50,36.740965009109,127.121709757071,51.697085996158,0.0083,0.0068,298.434502,1.0724,8
479,550065450,50,36.740966875330,127.121705849037,51.696542978287,0.0083,0.0068,300.682667,1.0724,8
480,550065500,50,36.740968812454,127.121701977354,51.703092722222,0.0083,0.0068,301.868102,1.0724,8
481,550065550,50,36.740970824175,127.121698172448,51.705884119496,0.0083,0.0068,303.302683,1.0724,8
482,550065600,50,36.740972848041,127.121694348020,51.703872432001,0.0083,0.0068,303.326368,1.0724,8
483,550065650,50,36.740974869533,127.121690476671,51.705393035896,0.0084,0.0068,302.975722,1.0724,8
484,550065700,50,36.740976835965,127.121686597327,51.706694974564,0.0084,0.0068,302.204065,1.0724,8
485,550065750,50,36.740978802592,127.121682612156,51.689408981241,0.0082,0.0068,302.204019,1.0724,8
486,550065800,50,36.740980717526,127.121678622268,51.689202536829,0.0082,0.0068,300.809499,1.0724,8
487,550065850,50,36.740982589778,127.121674641494,51.691619453952,0.0083,0.0068,300.301469,1.0724,8
488,550065900,50,36.740984426187,127.121670592497,51.690526506864,0.0083,0.0068,299.403068,1.0724,8
489,550065950,50,36.740986252147,127.121666532968,51.685240133666,0.0083,0.0068,299.200020,1.0724,8
490,550066000,50,36.740988036087,127.121662429589,51.685277820565,0.0083,0.0068,298.377280,1.0724,8
491,550066050,50,36.740989751579,127.121658300136,51.690016547218,0.0083,0.0068,297.301841,1.0724,8
492,550066100,50,36.740991373401,127.121654077508,51.690712821670,0.0083,0.0068,295.511717,1.0757,8
493,550066150,50,36.740992929551,127.121649810096,51.689916281961,0.0083,0.0068,294.375147,1.0757,8
494,550066200,50,36.740994451795,127.121645512293,51.687592123635,0.0083,0.0068,293.753866,1.0757,8
495,550066250,50,36.740995981498,127.121641219431,51.681640583090,0.0083,0.0068,293.881676,1.0757,8
496,550066300,50,36.740997539365,127.121636933792,51.688758932054,0.0083,0.0068,294.307176,1.0757,8
497,550066350,50,36.740999182692,127.121632651922,51.678033992648,0.0084,0.0068,295.494818,1.0757,8
498,550066400,50,36.741000862192,127.121628416669,51.684144733474,0.0084,0.0068,296.230673,1.0757,8
499,550066450,50,36.741002568832,127.121624192345,51.683464718051,0.0084,0.0068,296.655889,1.0757,8
500,550066500,50,36.741004316393,127.121619994847,51.676885101944,0.0084,0.0068,297.352760,1.0757,8
501,550066550,50,36.741006097064,127.121615811405,51.683930314146,0.0084,0.0068,297.873333,1.0757,8
502,550066600,50,36.741007922772,127.121611674453,51.682921691798,0.0084,0.0068,298.738047,1.0757,8
503,550066650,50,36.741009806626,127.121607598922,51.676168799400,0.0084,0.0068,299.870409,1.0757,8
504,550066700,50,36.741011767819,127.121603538649,51.672014507465,0.0084,0.0068,300.970675,1.0757,8
505,550066750,50,36.741013815755,127.121599539686,51.673239595257,0.0084,0.0068,302.469309,1.0757,8
506,550066800,50,36.741015956476,127.121595582653,51.668849644251,0.0084,0.0069,303.908802,1.0757,8
507,550066850,50,36.741018072461,127.121591684768,51.676018514670,0.0085,0.0069,304.000066,1.0757,8
508,550066900,50,36.741020214021,127.121587714324,51.676874888130,0.0085,0.0069,303.829506,1.0757,8
509,550066950,50,36.741022356612,127.121583731032,51.677652052604,0.0083,0.0068,303.829458,1.0757,8
510,550067000,50,36.741024414724,127.121579707215,51.670568531379,0.0083,0.0068,302.437132,1.0757,8
511,550067050,50,36.741026427168,127.121575675680,51.680775283836,0.0083,0.0068,301.808733,1.0757,8
512,550067100,50,36.741028423903,127.121571556626,51.687369848602,0.0083,0.0068,301.061406,1.0757,8
513,550067150,50,36.741030350063,127.121567468239,51.682073615491,0.0083,0.0068,300.344249,1.0757,8
514,550067200,50,36.741032285519,127.121563321250,51.683636377566,0.0083,0.0068,300.109568,1.0757,8
515,550067250,50,36.741034188209,127.121559151902,51.680435116403,0.0083,0.0068,299.554456,1.0757,8
516,550067300,50,36.741036006697,127.121554939904,51.676377363503,0.0083,0.0068,298.211206,1.0757,8
517,550067350,50,36.741037714632,127.121550648748,51.682149400935,0.0084,0.0068,296.314270,1.0757,8
518,550067400,50,36.741039347751,127.121546316833,51.682682137936,0.0084,0.0068,295.099716,1.0757,8
519,550067450,50,36.741040951300,127.121541975138,51.678729925305,0.0084,0.0068,294.650885,1.0757,8
520,550067500,50,36.741042568704,127.121537612019,51.675969247706,0.0084,0.0068,294.730936,1.0757,8
521,550067550,50,36.741044228254,127.121533293750,51.685256146826,0.0084,0.0069,295.525110,1.0757,8
522,550067600,50,36.741045937918,127.121528975029,51.689589461312,0.0082,0.0068,295.525060,1.0757,8
523,550067650,50,36.741047656833,127.121524694709,51.692078281194,0.0083,0.0068,296.518249,1.0757,8
524,550067700,50,36.741049410204,127.121520442190,51.689745823853,0.0083,0.0068,297.126466,1.0757,8
525,550067750,50,36.741051229423,127.121516209850,51.689416312613,0.0083,0.0068,298.105915,1.0757,8
526,550067800,50,36.741053046960,127.121511974601,51.693498314358,0.0083,0.0068,298.067571,1.0757,8
527,550067850,50,36.741054930877,127.121507814486,51.685508264229,0.0083,0.0068,299.365552,1.0757,8
528,550067900,50,36.741056860266,127.121503685363,51.692121873610,0.0083,0.0068,300.138854,1.0757,8
529,550067950,50,36.741058872596,127.121499575222,51.689478013664,0.0083,0.0068,301.313862,1.0757,8
530,550068000,50,36.741060985792,127.121495587904,51.690652662888,0.0083,0.0068,303.365373,1.0757,8
531,550068050,50,36.741063172317,127.121491646779,51.693754862063,0.0083,0.0068,304.580379,1.0757,8
532,550068100,50,36.741065314527,127.121487684653,51.692397855222,0.0083,0.0068,303.893122,1.0757,8
533,550068150,50,36.741067517631,127.121483734541,51.690369931050,0.0083,0.0068,304.721773,1.0757,8
534,550068200,50,36.741069691779,127.121479779353,51.693017194979,0.0083,0.0068,304.333454,1.0757,8
535,550068250,50,36.741071813578,127.121475765731,51.691090863198,0.0084,0.0068,303.299303,1.0757,8
536,550068300,50,36.741073849107,127.121471743925,51.692803216167,0.0084,0.0068,302.164576,1.0757,8
537,550068350,50,36.741075870976,127.121467701884,51.693521884270,0.0084,0.0068,301.861904,1.0757,8
538,550068400,50,36.741077864360,127.121463614008,51.692759879865,0.0084,0.0068,301.211509,1.0757,8
539,550068450,50,36.741079809991,127.121459504149,51.694973540492,0.0084,0.0068,300.464840,1.0757,8
540,550068500,50,36.741081739121,127.121455395226,51.694342940114,0.0084,0.0068,300.257690,1.0757,8
541,550068550,50,36.741083637954,127.121451234738,51.693275362253,0.0084,0.0068,299.556901,1.0757,8
542,550068600,50,36.741085392326,127.121447010514,51.696071326733,0.0084,0.0069,297.295364,1.0757,8
543,550068650,50,36.741087065967,127.121442744750,51.703307718039,0.0082,0.0068,297.295314,1.0757,8
544,550068700,50,36.741088721912,127.121438431790,51.705078138970,0.0082,0.0068,295.504055,1.0757,8
545,550068750,50,36.741090351612,127.121434139351,51.705263896845,0.0083,0.0068,295.255409,1.0757,8
546,550068800,50,36.741092018474,127.121429840393,51.707824830897,0.0083,0.0068,295.723442,1.0757,8
547,550068850,50,36.741093737145,127.121425610573,51.703752631322,0.0083,0.0068,296.787635,1.0757,8
548,550068900,50,36.741095455324,127.121421385287,51.704362330027,0.0083,0.0068,296.805758,1.0757,8
549,550068950,50,36.741097247776,127.121417204896,51.703252691776,0.0083,0.0068,298.047123,1.0757,8
550,550069000,50,36.741099056410,127.121413064839,51.704036860727,0.0083,0.0068,298.493625,1.0757,8
551,550069050,50,36.741100900629,127.121408985861,51.707273495384,0.0083,0.0068,299.326398,1.0757,8
552,550069100,50,36.741102781693,127.121404919505,51.709201572463,0.0083,0.0068,299.889509,1.0757,8
553,550069150,50,36.741104725069,127.121400853865,51.694778976031,0.0083,0.0068,300.707218,1.0757,8
554,550069200,50,36.741106718183,127.121396921027,51.703436220996,0.0083,0.0068,302.198466,1.0757,8
555,550069250,50,36.741108781953,127.121392991012,51.707606612705,0.0083,0.0068,303.123942,1.0757,8
556,550069300,50,36.741110934916,127.121389175920,51.700470139273,0.0083,0.0068,305.037820,1.0757,8
557,550069350,50,36.741113121178,127.121385361681,51.700064952485,0.0084,0.0068,305.458312,1.0757,8
558,550069400,50,36.741115316677,127.121381578792,51.705350984819,0.0084,0.0068,305.796584,1.0757,8
559,550069450,50,36.741117463391,127.121377743648,51.697237126529,0.0084,0.0068,304.818646,1.0757,8
560,550069500,50,36.741119561020,127.121373888622,51.705860200338,0.0084,0.0068,304.062378,1.0757,8
561,550069550,50,36.741121612138,127.121370007714,51.703171680681,0.0084,0.0068,303.292642,1.0757,8
562,550069600,50,36.741123660035,127.121366079982,51.700444106944,0.0082,0.0068,303.292593,1.0757,8
563,550069650,50,36.741125599202,127.121362162404,51.702070943080,0.0082,0.0068,301.593106,1.0757,8
564,550069700,50,36.741127550540,127.121358208754,51.696455508471,0.0082,0.0068,301.518790,1.0757,8
565,550069750,50,36.741129441109,127.121354222747,51.694450622424,0.0082,0.0068,300.512168,1.0757,8
566,550069800,50,36.741131325721,127.121350240203,51.695253350772,0.0082,0.0068,300.454894,1.0757,8
567,550069850,50,36.741133090003,127.121346267288,51.704036151990,0.0083,0.0068,298.888903,1.0757,8
568,550069900,50,36.741134765173,127.121342144735,51.707335689105,0.0083,0.0068,296.788802,1.0757,8
569,550069950,50,36.741136384244,127.121338038295,51.698375598527,0.0083,0.0068,296.100127,1.0757,8
570,550070000,50,36.741137982349,127.121333900044,51.696361785755,0.0083,0.0068,295.633417,1.0757,8
571,550070050,50,36.741139661765,127.121329807527,51.693175012246,0.0083,0.0068,297.016381,1.0757,8
572,550070100,50,36.741141331109,127.121325755974,51.699772159569,0.0083,0.0068,297.110285,1.0757,8
573,550070150,50,36.741143048441,127.121321743911,51.695682317950,0.0083,0.0068,298.006425,1.0757,8
574,550070200,50,36.741144850230,127.121317722613,51.693844674155,0.0083,0.0068,299.105909,1.0757,8
575,550070250,50,36.741146653532,127.121313764068,51.684697561897,0.0083,0.0068,299.511088,1.0757,8
576,550070300,50,36.741148498889,127.121309883405,51.691495994106,0.0083,0.0068,300.576862,1.0757,8
577,550070350,50,36.741150339485,127.121306012433,51.696674128063,0.0083,0.0068,300.574788,1.0757,8
578,550070400,50,36.741152208277,127.121302121441,51.689735088497,0.0084,0.0068,300.827443,1.0757,8
579,550070450,50,36.741154190004,127.121298353590,51.698919535615,0.0084,0.0068,303.165210,1.0757,8
580,550070500,50,36.741156209570,127.121294574064,51.689629297704,0.0084,0.0068,303.581616,1.0757,8
581,550070550,50,36.741158313414,127.121290913947,51.691103055142,0.0084,0.0068,305.534698,1.0757,8
582,550070600,50,36.741160462686,127.121287282902,51.688910336234,0.0084,0.0069,306.333392,1.0757,8
583,550070650,50,36.741162595793,127.121283619380,51.690012471750,0.0084,0.0069,305.884536,1.0757,8
584,550070700,50,36.741164676339,127.121279975960,51.695887768641,0.0084,0.0069,305.357029,1.0757,8
585,550070750,50,36.741166705657,127.121276274424,51.698090692051,0.0083,0.0068,305.356982,1.0757,8
586,550070800,50,36.741168740771,127.121272533532,51.696741926484,0.0083,0.0068,304.056968,1.0757,8
587,550070850,50,36.741170712315,127.121268770324,51.695331032388,0.0083,0.0068,303.062470,1.0757,8
588,550070900,50,36.741172655886,127.121265002670,51.690925792791,0.0083,0.0068,302.658449,1.0757,8
589,550070950,50,36.741174578749,127.121261244401,51.697382572107,0.0083,0.0068,302.444928,1.0757,8
590,550071000,50,36.741176491051,127.121257451336,51.693893375807,0.0083,0.0068,302.064208,1.0757,8
591,550071050,50,36.741178349914,127.121253636871,51.688280205242,0.0083,0.0068,301.195179,1.0757,8
592,550071100,50,36.741180118722,127.121249760948,51.689525165595,0.0083,0.0068,299.554814,1.0757,8
593,550071150,50,36.741181809613,127.121245855403,51.688092614524,0.0083,0.0068,298.277898,1.0757,8
594,550071200,50,36.741183422124,127.121241859359,51.687132121064,0.0083,0.0068,296.628843,1.0757,8
595,550071250,50,36.741185060003,127.121237946260,51.684456672519,0.0083,0.0068,297.477852,1.0757,8
596,550071300,50,36.741186700911,127.121233997607,51.683535366319,0.0084,0.0068,297.309396,1.0757,8
597,550071350,50,36.741188385611,127.121230054905,51.684195258655,0.0094,0.0077,297.965007,1.0757,8
598,550071400,50,36.741190121802,127.121226180717,51.679689663462,0.0084,0.0068,299.110362,1.0757,8
599,550071450,50,36.741191878062,127.121222295345,51.677129874937,0.0084,0.0068,299.320526,1.0757,8
600,550071500,50,36.741193661066,127.121218474572,51.685982790776,0.0098,0.0080,300.106805,1.0757,8
601,550071550,50,36.741195504433,127.121214703862,51.684170079418,0.0095,0.0077,301.275644,1.0757,8
602,550071600,50,36.741197354024,127.121210925599,51.675664031878,0.0084,0.0069,301.310476,1.0757,8
603,550071650,50,36.741199277996,127.121207186521,51.678263013251,0.0084,0.0069,302.592905,1.0757,8
604,550071700,50,36.741201236121,127.121203516668,51.681380341761,0.0084,0.0069,303.543400,1.0757,8
605,550071750,50,36.741203241501,127.121199878006,51.675066021271,0.0106,0.0086,304.403170,1.0757,8
606,550071800,50,36.741205347988,127.121196343082,51.683126783930,0.0104,0.0085,306.517396,1.0757,8
607,550071850,50,36.741207505087,127.121192810043,51.673986231908,0.0112,0.0091,307.184892,1.0757,8
608,550071900,50,36.741209638449,127.121189286346,51.677658284083,0.0108,0.0088,306.952942,1.0757,8
609,550071950,50,36.741211768608,127.121185725372,51.678702770732,0.0119,0.0097,306.622485,1.0757,8
610,550072000,50,36.741213838310,127.121182116965,51.672074834816,0.0121,0.0099,305.476955,1.0757,8
611,550072050,50,36.741215872348,127.121178531152,51.674490616657,0.0113,0.0092,305.176906,1.0757,8
612,550072100,50,36.741217863929,127.121174923656,51.686643699184,0.0083,0.0068,305.176861,1.0757,8
613,550072150,50,36.741219818550,127.121171239738,51.687881330028,0.0098,0.0080,303.395349,1.0757,8
614,550072200,50,36.741221764011,127.121167588905,51.687452762388,0.0103,0.0084,303.509308,1.0757,8
615,550072250,50,36.741223705903,127.121163896264,51.679089496844,0.0099,0.0081,303.161475,1.0757,8
616,550072300,50,36.741225600715,127.121160160137,51.684099817649,0.0097,0.0079,302.217454,1.0757,8
617,550072350,50,36.741227407321,127.121156395960,51.681695299223,0.0098,0.0080,300.809626,1.0757,8
618,550072400,50,36.741229149198,127.121152583699,51.686987648718,0.0095,0.0077,299.584808,1.0757,8
619,550072450,50,36.741230803799,127.121148689756,51.681791291572,0.0105,0.0086,297.832739,1.0757,8
620,550072500,50,36.741232444371,127.121144815108,51.683479344472,0.0106,0.0086,297.748891,1.0757,8
621,550072550,50,36.741234133376,127.121140938484,51.677934560925,0.0110,0.0090,298.429185,1.0757,8
622,550072600,50,36.741235807381,127.121137116728,51.701188585721,0.0083,0.0068,298.429140,1.0757,8
623,550072650,50,36.741237559145,127.121133279067,51.699145708233,0.0083,0.0068,299.560665,1.0757,8
624,550072700,50,36.741239386601,127.121129530043,51.690408095717,0.0084,0.0068,301.201915,1.0757,8
625,550072750,50,36.741241225025,127.121125770238,51.696277909912,0.0084,0.0068,301.280986,1.0757,8
626,550072800,50,36.741243061267,127.121122032096,51.697879901156,0.0084,0.0068,301.397850,1.0757,8
627,550072850,50,36.741244979504,127.121118329489,51.699943408370,0.0084,0.0069,302.770378,1.0757,8
628,550072900,50,36.741246946867,127.121114638992,51.692750738002,0.0084,0.0069,303.519569,1.0757,8
629,550072950,50,36.741248942342,127.121110979963,51.696951223537,0.0084,0.0069,304.122338,1.0757,8
630,550073000,50,36.741251004937,127.121107403218,51.696147183888,0.0084,0.0069,305.622566,1.0757,8
631,550073050,50,36.741253105694,127.121103902037,51.696260646917,0.0084,0.0069,306.705738,1.0757,8
632,550073100,50,36.741255332301,127.121100395761,51.693773409352,0.0084,0.0069,308.275123,1.0757,8
633,550073150,50,36.741257526289,127.121096926969,51.693531063385,0.0084,0.0069,308.163444,1.0757,8
634,550073200,50,36.741259709469,127.121093382316,51.687755679712,0.0097,0.0079,307.426181,1.0757,8
635,550073250,50,36.741261860320,127.121089815369,51.689725648612,0.0113,0.0092,306.841934,1.0757,8
636,550073300,50,36.741263972088,127.121086213142,51.687307443470,0.0104,0.0085,306.070283,1.0757,8
637,550073350,50,36.741266058892,127.121082551683,51.688129565679,0.0097,0.0079,305.304731,1.0757,8
638,550073400,50,36.741268122911,127.121078894465,51.694644022733,0.0085,0.0069,305.039804,1.0757,8
639,550073450,50,36.741270124462,127.121075164866,51.681637435220,0.0106,0.0086,303.696265,1.0757,8
640,550073500,50,36.741272148107,127.121071449255,51.687019533478,0.0120,0.0097,304.087068,1.0757,8
641,550073550,50,36.741274110520,127.121067679268,51.688751257025,0.0107,0.0087,302.893997,1.0757,8
642,550073600,50,36.741276023468,127.121063921728,51.697700197808,0.0098,0.0080,302.893952,1.0757,8
643,550073650,50,36.741277837160,127.121060054309,51.707767254673,0.0084,0.0069,300.229513,1.0757,8
644,550073700,50,36.741279613298,127.121056096711,51.700647327118,0.0084,0.0069,299.145606,1.0757,8
645,550073750,50,36.741281408195,127.121052149267,51.698243921623,0.0084,0.0069,299.465364,1.0757,8
646,550073800,50,36.741283126911,127.121048169505,51.699729670770,0.0085,0.0069,298.218122,1.0757,8
647,550073850,50,36.741284950288,127.121044235606,51.697699308395,0.0085,0.0069,299.938307,1.0757,8
648,550073900,50,36.741286843601,127.121040336141,51.694311077707,0.0085,0.0069,301.101989,1.0757,8
649,550073950,50,36.741288710395,127.121036369149,51.696210608818,0.0104,0.0084,300.315282,1.0757,8
650,550074000,50,36.741290668311,127.121032518258,51.694396080449,0.0096,0.0078,302.282264,1.0757,8
651,550074050,50,36.741292670246,127.121028670107,51.698760861531,0.0085,0.0069,302.878763,1.0757,8
652,550074100,50,36.741294665008,127.121024872499,51.701657718047,0.0085,0.0069,303.130872,1.0757,8
653,550074150,50,36.741296722544,127.121021100682,51.697541392408,0.0086,0.0069,304.129498,1.0757,8
654,550074200,50,36.741298848166,127.121017287680,51.695725116879,0.0086,0.0069,304.709097,1.0757,8
655,550074250,50,36.741301002739,127.121013592021,51.705711360089,0.0086,0.0070,305.919382,1.0757,8
656,550074300,50,36.741303297104,127.121009924643,51.705747975968,0.0086,0.0070,307.859480,1.0757,8
657,550074350,50,36.741305641475,127.121006356880,51.699446258135,0.0086,0.0070,309.230365,1.0757,8
658,550074400,50,36.741308016354,127.121002768329,51.703789778985,0.0086,0.0070,309.430338,1.0757,8
659,550074450,50,36.741310328636,127.120999104013,51.702435360290,0.0102,0.0083,308.098881,1.0757,8
660,550074500,50,36.741312669022,127.120995468210,51.715213551186,0.0087,0.0070,308.653606,1.0757,8
661,550074550,50,36.741314946745,127.120991786961,51.697844444774,0.0098,0.0080,307.552992,1.0757,8
662,550074600,50,36.741317178051,127.120988073696,51.724168565124,0.0085,0.0069,307.552947,1.0757,8
663,550074650,50,36.741319376832,127.120984240532,51.730869204737,0.0085,0.0069,305.478933,1.0757,8
664,550074700,50,36.741321535254,127.120980421765,51.721992277540,0.0085,0.0070,305.080148,1.0757,8
665,550074750,50,36.741323704071,127.120976575088,51.731992270797,0.0085,0.0070,305.013393,1.0757,8
666,550074800,50,36.741325801368,127.120972736610,51.726925062016,0.0086,0.0070,304.172654,1.0757,8
667,550074850,50,36.741327801927,127.120968811085,51.722818527371,0.0086,0.0070,302.343102,1.0757,8
668,550074900,50,36.741329779754,127.120964818693,51.727289404720,0.0086,0.0070,301.614246,1.0757,8
669,550074950,50,36.741331724694,127.120960776206,51.726255930029,0.0086,0.0070,300.871434,1.0757,8
670,550075000,50,36.741333576034,127.120956701514,51.721512367949,0.0086,0.0070,299.446620,1.0757,8
671,550075050,50,36.741335453260,127.120952614409,51.718317252584,0.0086,0.0070,299.713354,1.0757,8
672,550075100,50,36.741337322731,127.120948519351,51.721056701615,0.0086,0.0070,299.563532,1.0757,8
673,550075150,50,36.741339301029,127.120944475712,51.726046434604,0.0087,0.0070,301.295033,1.0757,8
674,550075200,50,36.741341332796,127.120940479252,51.727930682711,0.0087,0.0071,302.280237,1.0757,8
675,550075250,50,36.741343407496,127.120936490008,51.726336263120,0.0087,0.0071,302.870800,1.0757,8
676,550075300,50,36.741345523662,127.120932534466,51.725212116726,0.0087,0.0071,303.613468,1.0757,8
677,550075350,50,36.741347609815,127.120928620442,51.736039744690,0.0087,0.0071,303.514953,1.0757,8
678,550075400,50,36.741349731141,127.120924653065,51.732902406715,0.0087,0.0071,303.598895,1.0757,8
679,550075450,50,36.741351948673,127.120920853770,51.737439934164,0.0088,0.0071,305.950601,1.0757,8
680,550075500,50,36.741354217276,127.120917078004,51.737476204522,0.0088,0.0071,306.743248,1.0757,8
681,550075550,50,36.741356552519,127.120913371744,51.731399380602,0.0088,0.0071,308.057165,1.0757,8
682,550075600,50,36.741358942410,127.120909664660,51.732606569305,0.0088,0.0071,308.696011,1.0757,8
683,550075650,50,36.741361399216,127.120906019551,51.738800428808,0.0088,0.0071,309.945019,1.0757,8
684,550075700,50,36.741363859515,127.120902388298,51.740662350319,0.0088,0.0071,310.092570,1.0757,8
685,550075750,50,36.741366268814,127.120898680074,51.755217648111,0.0086,0.0070,310.092525,1.0757,8
686,550075800,50,36.741368634929,127.120894899550,51.743975298479,0.0086,0.0070,307.870796,1.0757,8
687,550075850,50,36.741370913788,127.120891089165,51.754917051643,0.0087,0.0071,306.616515,1.0757,8
688,550075900,50,36.741373150263,127.120887259076,51.762272327207,0.0087,0.0071,305.962394,1.0757,8
689,550075950,50,36.741375497505,127.120883450728,51.755991961807,0.0087,0.0071,307.445668,1.0757,8
690,550076000,50,36.741377717340,127.120879597402,51.762314186431,0.0087,0.0071,305.595059,1.0757,8
691,550076050,50,36.741379850030,127.120875633149,51.763876562007,0.0087,0.0071,303.760987,1.0757,8
692,550076100,50,36.741382017466,127.120871701743,51.754334547557,0.0087,0.0071,304.412009,1.0757,8
693,550076150,50,36.741384064045,127.120867657969,51.759529145434,0.0087,0.0071,302.163809,1.0757,8
694,550076200,50,36.741385990265,127.120863574758,51.760888217017,0.0088,0.0071,300.376806,1.0757,8
695,550076250,50,36.741387975906,127.120859553832,51.770191119984,0.0088,0.0071,301.533040,1.0757,8
696,550076300,50,36.741389906829,127.120855465991,51.761541630141,0.0088,0.0071,300.409451,1.0757,8
697,550076350,50,36.741391859221,127.120851345676,51.777025031857,0.0089,0.0072,300.488164,1.0757,8
698,550076400,50,36.741393928449,127.120847317870,51.768413035199,0.0089,0.0072,302.551393,1.0757,8
699,550076450,50,36.741395990312,127.120843268815,51.770969875157,0.0089,0.0072,302.322448,1.0757,8
700,550076500,50,36.741398091869,127.120839307229,51.774714466184,0.0089,0.0072,303.390545,1.0757,8
