0,546672300,50,36.742071082993,127.119198027293,51.789245950058,0.0089,0.0071,229.080321,0.9572,8
1,546672350,50,36.742071078773,127.119198024381,51.791828065179,0.0089,0.0071,209.041182,0.9572,8
2,546672400,50,36.742071071523,127.119198030264,51.797213857993,0.0089,0.0071,146.854701,0.9572,8
3,546672450,50,36.742071064921,127.119198011936,51.799463045783,0.0089,0.0071,245.886065,0.9572,8
4,546672500,50,36.742071075699,127.119198024582,51.799645678140,0.0089,0.0071,43.359782,0.9572,8
5,546672550,50,36.742071061539,127.119198021623,51.800511537120,0.0089,0.0071,189.549253,0.9572,8
6,546672600,50,36.742071094580,127.119198026857,51.789873773232,0.0088,0.0070,189.549253,0.9572,8
7,546672650,50,36.742071096630,127.119198011819,51.794698837213,0.0088,0.0070,279.615292,0.9572,8
8,546672700,50,36.742071096647,127.119198020364,51.793896088377,0.0088,0.0070,89.857743,0.9572,8
9,546672750,50,36.742071095587,127.119198006790,51.792141850106,0.0088,0.0070,264.455436,0.9572,8
10,546672800,50,36.742071113601,127.119198040083,51.792794584297,0.0088,0.0070,56.087929,0.9572,8
11,546672850,50,36.742071093414,127.119198015311,51.793051234446,0.0088,0.0070,224.642295,0.9572,8
12,546672900,50,36.742071104130,127.119198023825,51.792337854393,0.0088,0.0070,32.591839,0.9572,8
13,546672950,50,36.742071076894,127.119198014499,51.794605407864,0.0088,0.0070,195.406692,0.9572,8
14,546673000,50,36.742071097689,127.119198022536,51.792490455322,0.0088,0.0070,17.279513,0.9572,8
15,546673050,50,36.742071103336,127.119198021268,51.798047580756,0.0088,0.0071,349.752272,0.9572,8
16,546673100,50,36.742071105751,127.119198036574,51.794231249951,0.0088,0.0071,78.908304,0.9572,8
17,546673150,50,36.742071112182,127.119198040019,51.791454812512,0.0088,0.0071,23.316611,0.9572,8
18,546673200,50,36.742071104758,127.119198029576,51.789438988082,0.0088,0.0071,228.543073,0.9572,8
19,546673250,50,36.742071083427,127.119198042682,51.795037818141,0.0088,0.0071,153.687666,0.9572,8
20,546673300,50,36.742071108735,127.119198011834,51.793365499005,0.0089,0.0071,315.550407,0.9572,8
21,546673350,50,36.742071110472,127.119198037901,51.796385292895,0.0089,0.0071,85.267444,0.9572,8
22,546673400,50,36.742071114217,127.119198038681,51.792195380665,0.0089,0.0071,9.513005,0.9572,8
23,546673450,50,36.742071115794,127.119198047329,51.789670788683,0.0089,0.0071,77.241569,0.9572,8
24,546673500,50,36.742071094906,127.119198034905,51.791440667585,0.0089,0.0071,205.581352,0.9572,8
25,546673550,50,36.742071129438,127.119198050604,51.790971308947,0.0089,0.0071,20.097708,0.9572,8
26,546673600,50,36.742071110717,127.119198033528,51.792202996090,0.0084,0.0070,20.097708,0.9572,8
27,546673650,50,36.742071101700,127.119198018087,51.790723389015,0.0084,0.0070,234.036035,0.9572,8
28,546673700,50,36.742071090819,127.119198010224,51.792125817388,0.0084,0.0070,210.179973,0.9572,8
29,546673750,50,36.742071119075,127.119198038544,51.795313092880,0.0084,0.0070,38.889986,0.9572,8
30,546673800,50,36.742071093679,127.119198034678,51.790398975834,0.0084,0.0070,186.984358,0.9572,8
31,546673850,50,36.742071102610,127.119198009691,51.797066191211,0.0084,0.0070,293.946644,0.9572,8
32,546673900,50,36.742071118272,127.119198016580,51.793461311609,0.0084,0.0070,19.495627,0.9572,8
33,546673950,50,36.742071113469,127.119198037367,51.793415399268,0.0084,0.0070,106.018548,0.9572,8
34,546674000,50,36.742071121298,127.119198035722,51.786754638888,0.0084,0.0070,350.403951,0.9572,8
35,546674050,50,36.742071120796,127.119198040040,51.788534072228,0.0084,0.0070,98.221293,0.9572,8
36,546674100,50,36.742071106126,127.119198025214,51.796453360468,0.0088,0.0071,219.124151,0.9572,8
37,546674150,50,36.742071112852,127.119198019357,51.794702759013,0.0088,0.0071,324.976969,0.9572,8
38,546674200,50,36.742071110822,127.119198033835,51.791678555310,0.0088,0.0071,99.885374,0.9572,8
39,546674250,50,36.742071138228,127.119198028103,51.790351646952,0.0089,0.0071,350.444327,0.9572,8
40,546674300,50,36.742071114749,127.119198025389,51.793824879453,0.0089,0.0071,185.314947,0.9572,8
41,546674350,50,36.742071115457,127.119198036659,51.788601190783,0.0089,0.0071,85.534443,0.9572,8
42,546674400,50,36.742071120120,127.119198033696,51.791251740418,0.0089,0.0071,332.917881,0.9572,8
43,546674450,50,36.742071119089,127.119198030735,51.797972105443,0.0089,0.0071,246.614682,0.9572,8
44,546674500,50,36.742071126154,127.119198034076,51.793982174248,0.0089,0.0071,20.840794,0.9572,8
45,546674550,50,36.742071136342,127.119198049069,51.795509710908,0.0089,0.0071,49.823724,0.9572,8
46,546674600,50,36.742071059989,127.119197988868,51.800301106647,0.0078,0.0069,49.823724,0.9572,8
47,546674650,50,36.742071063314,127.119197985042,51.800845377147,0.0078,0.0069,317.199926,0.9572,8
48,546674700,50,36.742071060834,127.119198002745,51.804754476063,0.0078,0.0069,99.871786,0.9572,8
49,546674750,50,36.742071072106,127.119198004592,51.798859244213,0.0078,0.0069,7.512321,0.9572,8
50,546674800,50,36.742071052353,127.119198011190,51.799368232489,0.0078,0.0069,164.952755,0.9572,8
51,546674850,50,36.742071077882,127.119198004607,51.798874418251,0.0078,0.0069,348.275879,0.9572,8
52,546674900,50,36.742071054482,127.119197990056,51.801057419740,0.0078,0.0069,206.585835,0.9572,8
53,546674950,50,36.742071065356,127.119198003477,51.800971094519,0.0078,0.0069,44.807085,0.9572,8
54,546675000,50,36.742071062660,127.119198008171,51.799791128375,0.0078,0.0069,125.518683,0.9572,8
55,546675050,50,36.742071072829,127.119197998452,51.801321710460,0.0078,0.0069,322.431202,0.9572,8
56,546675100,50,36.742071063297,127.119197996056,51.805047029629,0.0078,0.0069,191.436433,0.9572,8
57,546675150,50,36.742071059241,127.119197990339,51.805442009121,0.0078,0.0069,228.597350,0.9572,8
58,546675200,50,36.742071073841,127.119198011694,51.802540239878,0.0078,0.0069,49.650913,0.9572,8
59,546675250,50,36.742071059680,127.119197984640,51.800668920390,0.0078,0.0069,236.959635,0.9572,8
60,546675300,50,36.742071059730,127.119197992515,51.803113481961,0.0078,0.0069,89.544167,0.9572,8
61,546675350,50,36.742071045819,127.119197986455,51.808550816029,0.0079,0.0069,199.319103,0.9572,8
62,546675400,50,36.742071066751,127.119197997406,51.802340391092,0.0079,0.0069,22.832859,0.9572,8
63,546675450,50,36.742071065331,127.119197994966,51.804650197737,0.0079,0.0069,234.127471,0.9572,8
64,546675500,50,36.742071064287,127.119197990282,51.797765469179,0.0079,0.0069,254.518558,0.9572,8
65,546675550,50,36.742071049767,127.119198009177,51.807267204858,0.0079,0.0069,133.677673,0.9572,8
66,546675600,50,36.742071060492,127.119198016435,51.805891503580,0.0079,0.0069,28.571225,0.9572,8
67,546675650,50,36.742071052898,127.119198000629,51.803494604304,0.0079,0.0069,239.160220,0.9572,8
68,546675700,50,36.742071065911,127.119198009737,51.801325620152,0.0079,0.0069,29.389362,0.9572,8
69,546675750,50,36.742071064215,127.119198006952,51.803786435165,0.0079,0.0069,232.867942,0.9572,8
70,546675800,50,36.742071073738,127.119198004752,51.797009156086,0.0079,0.0069,349.466077,0.9572,8
71,546675850,50,36.742071087297,127.119198011808,51.798796072602,0.0078,0.0069,349.466074,0.9572,8
72,546675900,50,36.742071075137,127.119198003374,51.799615453929,0.0078,0.0069,209.169080,0.9572,8
73,546675950,50,36.742071082501,127.119198019357,51.799670283683,0.0078,0.0069,60.209928,0.9572,8
74,546676000,50,36.742071068418,127.119198005013,51.802582091652,0.0078,0.0069,219.342590,0.9572,8
75,546676050,50,36.742071066694,127.119197998363,51.802247006446,0.0078,0.0069,252.146618,0.9572,8
76,546676100,50,36.742071079126,127.119197991333,51.799506481737,0.0078,0.0069,335.528616,0.9572,8
77,546676150,50,36.742071079056,127.119198010807,51.800741626881,0.0078,0.0069,90.254419,0.9572,8
78,546676200,50,36.742071069109,127.119198009376,51.796172822826,0.0088,0.0078,186.605004,0.9572,8
79,546676250,50,36.742071078278,127.119197991671,51.803393223323,0.0078,0.0069,302.760828,0.9572,8
80,546676300,50,36.742071078679,127.119198004832,51.799358679913,0.0078,0.0069,87.826972,0.9572,8
81,546676350,50,36.742071088346,127.119198014308,51.800127673894,0.0078,0.0069,38.270456,0.9572,8
82,546676400,50,36.742071065862,127.119197999587,51.802964595146,0.0078,0.0069,207.785567,0.9572,8
83,546676450,50,36.742071098270,127.119198021329,51.800758037716,0.0078,0.0069,28.365908,0.9572,8
84,546676500,50,36.742071074342,127.119197997607,51.800933903083,0.0079,0.0069,218.585365,0.9572,8
85,546676550,50,36.742071080558,127.119198001117,51.800349361263,0.0079,0.0069,24.439499,0.9572,8
86,546676600,50,36.742071079106,127.119198007827,51.798094395548,0.0079,0.0069,105.046792,0.9572,8
87,546676650,50,36.742071066096,127.119197999125,51.801369512454,0.0079,0.0069,208.292265,0.9572,8
88,546676700,50,36.742071070678,127.119197988997,51.799281533808,0.0088,0.0078,299.345224,0.9572,8
89,546676750,50,36.742071095595,127.119197999746,51.799652050249,0.0079,0.0069,19.145959,0.9572,8
90,546676800,50,36.742071071904,127.119198008131,51.801586220041,0.0079,0.0069,164.100531,0.9572,8
91,546676850,50,36.742071077026,127.119198006172,51.801561305299,0.0079,0.0069,342.890062,0.9572,8
92,546676900,50,36.742071076810,127.119198006268,51.797807564028,0.0089,0.0078,160.388721,0.9572,8
93,546676950,50,36.742071082951,127.119198020202,51.803638683632,0.0079,0.0069,61.295823,0.9572,8
94,546677000,50,36.742071074557,127.119198006653,51.800000922754,0.0090,0.0079,232.409956,0.9572,8
95,546677050,50,36.742071078976,127.119198012324,51.796267271042,0.0089,0.0078,45.923601,0.9572,8
96,546677100,50,36.742071070314,127.119198002315,51.800697715022,0.0088,0.0077,45.923602,0.9572,8
97,546677150,50,36.742071064903,127.119197984978,51.801466822624,0.0078,0.0069,248.804665,0.9572,8
98,546677200,50,36.742071086318,127.119198018308,51.802624473348,0.0090,0.0079,51.397871,0.9572,8
99,546677250,50,36.742071073451,127.119198006459,51.801621846855,0.0091,0.0080,216.543436,0.9572,8
100,546677300,50,36.742071060947,127.119197985834,51.801050867885,0.0078,0.0069,233.007632,0.9572,8
101,546677350,50,36.742071081651,127.119198016040,51.803327176720,0.0078,0.0069,49.578541,0.9572,8
102,546677400,50,36.742071069351,127.119198009314,51.803597762249,0.0089,0.0078,203.753578,0.9572,8
103,546677450,50,36.742071070989,127.119197995787,51.801844245754,0.0078,0.0069,278.558318,0.9572,8
104,546677500,50,36.742071077865,127.119198009617,51.801997938193,0.0078,0.0069,58.296359,0.9572,8
105,546677550,50,36.742071072294,127.119198010368,51.801812081598,0.0091,0.0080,173.807580,0.9572,8
106,546677600,50,36.742071064528,127.119198009805,51.801569486968,0.0093,0.0082,183.342494,0.9572,8
107,546677650,50,36.742071075534,127.119198010153,51.801547094248,0.0091,0.0080,1.461362,0.9572,8
108,546677700,50,36.742071095681,127.119197992959,51.795774946921,0.0080,0.0069,1.461362,0.9572,8
109,546677750,50,36.742071091278,127.119197983326,51.798291491345,0.0080,0.0069,240.404254,0.9572,8
110,546677800,50,36.742071087913,127.119198008193,51.795208356343,0.0080,0.0069,99.543526,0.9572,8
111,546677850,50,36.742071098906,127.119198022618,51.795479912311,0.0080,0.0069,46.562204,0.9572,8
112,546677900,50,36.742071086018,127.119198007661,51.799068393186,0.0080,0.0069,223.045735,0.9572,8
113,546677950,50,36.742071098111,127.119198005313,51.796627501026,0.0080,0.0069,351.118286,0.9572,8
114,546678000,50,36.742071112057,127.119198014457,51.795719021000,0.0081,0.0069,27.820606,0.9572,8
115,546678050,50,36.742071089238,127.119197992690,51.799707684666,0.0081,0.0069,217.513109,0.9572,8
116,546678100,50,36.742071085012,127.119197995313,51.793385338970,0.0081,0.0069,153.454437,0.9572,8
117,546678150,50,36.742071100320,127.119197999408,51.797863444313,0.0081,0.0069,12.148282,0.9572,8
118,546678200,50,36.742071099784,127.119198018916,51.794004234485,0.0081,0.0069,91.952639,0.9572,8
119,546678250,50,36.742071100339,127.119198009891,51.797905491665,0.0081,0.0069,274.366975,0.9572,8
120,546678300,50,36.742071086267,127.119198007437,51.795080383308,0.0081,0.0069,187.991478,0.9572,8
121,546678350,50,36.742071106456,127.119198020571,51.793041724712,0.0081,0.0069,27.635374,0.9572,8
122,546678400,50,36.742071094144,127.119198003964,51.793374336325,0.0081,0.0069,227.348610,0.9572,8
123,546678450,50,36.742071088933,127.119197998693,51.798274791799,0.0081,0.0069,219.150289,0.9572,8
124,546678500,50,36.742071092062,127.119198007017,51.794344844297,0.0081,0.0069,64.962102,0.9572,8
125,546678550,50,36.742071105501,127.119198003532,51.790571265854,0.0081,0.0069,348.212411,0.9572,8
126,546678600,50,36.742071098476,127.119197999934,51.793752684258,0.0081,0.0069,202.402454,0.9572,8
127,546678650,50,36.742071097004,127.119198005589,51.792030990124,0.0081,0.0069,107.926844,0.9572,8
128,546678700,50,36.742071015635,127.119197974167,51.808352436870,0.0102,0.0092,107.926843,0.9572,8
129,546678750,50,36.742071029643,127.119197956156,51.806952177547,0.0108,0.0097,314.019677,1.0714,7
130,546678800,50,36.742071019069,127.119197962886,51.807405728847,0.0106,0.0096,152.876868,1.0714,7
131,546678850,50,36.742071010414,127.119197967194,51.808664849028,0.0111,0.0100,158.168723,0.9587,8
132,546678900,50,36.742071038340,127.119197972523,51.809499748982,0.0103,0.0093,8.730974,0.9587,8
133,546678950,50,36.742071030105,127.119197975683,51.807868588716,0.0113,0.0102,162.839085,0.9587,8
134,546679000,50,36.742071042422,127.119197979899,51.807724977843,0.0105,0.0095,15.398971,0.9587,8
135,546679050,50,36.742071035358,127.119197978411,51.809697150253,0.0107,0.0096,189.617093,0.9587,8
136,546679100,50,36.742071030058,127.119197978080,51.809010143392,0.0098,0.0089,182.876975,0.9587,8
137,546679150,50,36.742071041267,127.119198002394,51.810157428496,0.0107,0.0097,60.196204,0.9587,8
138,546679200,50,36.742071032242,127.119197988466,51.809378760867,0.0111,0.0101,231.162265,0.9587,8
139,546679250,50,36.742071034537,127.119197975126,51.813605391420,0.0113,0.0102,282.067259,0.9587,8
140,546679300,50,36.742071033322,127.119197984439,51.810905150138,0.0103,0.0093,99.211753,0.9587,8
141,546679350,50,36.742071039896,127.119197983829,51.809065538459,0.0107,0.0097,355.729994,0.9587,8
142,546679400,50,36.742071037539,127.119197969703,51.812621177174,0.0109,0.0099,258.288364,0.9587,8
143,546679450,50,36.742071039055,127.119197994392,51.812089870684,0.0106,0.0096,85.637654,0.9587,8
144,546679500,50,36.742071034897,127.119197973073,51.811900360510,0.0101,0.0092,256.378424,0.9587,8
145,546679550,50,36.742071026399,127.119197979519,51.811759493314,0.0103,0.0093,148.594267,0.9587,8
146,546679600,50,36.742071038241,127.119197979634,51.818075016141,0.0111,0.0100,0.448738,0.9587,8
147,546679650,50,36.742071040221,127.119197991530,51.814463458955,0.0110,0.0099,78.311625,0.9587,8
148,546679700,50,36.742071041314,127.119197973898,51.806728008203,0.0092,0.0084,78.311624,0.9587,8
149,546679750,50,36.742071025503,127.119197976757,51.805471300147,0.0108,0.0098,171.721785,0.9587,8
150,546679800,50,36.742071028045,127.119197990051,51.806457916275,0.0110,0.0100,76.633731,0.9587,8
151,546679850,50,36.742071029456,127.119197972974,51.806704217568,0.0110,0.0100,275.862037,0.9587,8
152,546679900,50,36.742071039514,127.119197973444,51.804833010770,0.0100,0.0091,2.157120,0.9587,8
153,546679950,50,36.742071025092,127.119197970898,51.806131126359,0.0110,0.0100,188.086694,0.9587,8
154,546680000,50,36.742071040596,127.119197983380,51.806962476112,0.0103,0.0094,32.941104,0.9587,8
155,546680050,50,36.742071031417,127.119197969935,51.807105462998,0.0108,0.0098,229.692967,0.9587,8
156,546680100,50,36.742071027151,127.119197966779,51.807391945273,0.0095,0.0086,210.769363,0.9587,8
157,546680150,50,36.742071054858,127.119197980930,51.801707639359,0.0100,0.0091,22.344997,0.9587,8
158,546680200,50,36.742071034757,127.119197972542,51.811587983742,0.0108,0.0098,198.565533,0.9587,8
159,546680250,50,36.742071027968,127.119197968540,51.806213628501,0.0104,0.0094,205.379223,0.9587,8
160,546680300,50,36.742071030644,127.119197974416,51.805427582934,0.0107,0.0097,60.497431,0.9587,8
161,546680350,50,36.742071042819,127.119197973514,51.807086968794,0.0100,0.0090,356.588671,0.9587,8
162,546680400,50,36.742071062392,127.119197976946,51.803799306042,0.0100,0.0090,8.032012,0.9587,8
163,546680450,50,36.742071046844,127.119197977828,51.808173348196,0.0108,0.0098,177.383914,0.9587,8
164,546680500,50,36.742071034104,127.119197972542,51.803540180437,0.0104,0.0094,198.465224,0.9587,8
165,546680550,50,36.742071056964,127.119197973043,51.803019055165,0.0101,0.0092,1.010398,0.9587,8
166,546680600,50,36.742071053795,127.119197977804,51.806380457245,0.0109,0.0099,129.586639,0.9587,8
167,546680650,50,36.742071051124,127.119197983937,51.806140935048,0.0099,0.0089,118.428523,0.9587,8
168,546680700,50,36.742071047936,127.119197978034,51.803402468562,0.0103,0.0093,236.133229,0.9587,8
169,546680750,50,36.742071054881,127.119197963613,51.805787798949,0.0102,0.0092,300.896216,0.9587,8
170,546680800,50,36.742071057283,127.119197975115,51.802426993847,0.0107,0.0097,75.453558,0.9587,8
171,546680850,50,36.742071075735,127.119197979836,51.805664844811,0.0100,0.0091,11.635777,0.9587,8
172,546680900,50,36.742071060675,127.119197976654,51.800560683943,0.0097,0.0088,189.650635,0.9587,8
173,546680950,50,36.742071058928,127.119197969823,51.802630526945,0.0090,0.0081,252.374688,0.9587,8
174,546681000,50,36.742071051756,127.119197976534,51.804592677392,0.0097,0.0088,252.374688,0.9587,8
175,546681050,50,36.742071059732,127.119197984536,51.803778490052,0.0091,0.0082,38.920774,0.9587,8
176,546681100,50,36.742071045601,127.119197965972,51.804885036312,0.0094,0.0085,226.595026,0.9587,8
177,546681150,50,36.742071041896,127.119197963325,51.799772232771,0.0101,0.0092,209.903933,0.9587,8
178,546681200,50,36.742071032449,127.119197965607,51.807631062344,0.0102,0.0092,168.998548,0.9587,8
179,546681250,50,36.742071051688,127.119197956443,51.806190520525,0.0098,0.0088,339.026681,0.9587,8
180,546681300,50,36.742071038327,127.119197967905,51.802220908925,0.0088,0.0079,145.377314,0.9587,8
181,546681350,50,36.742071033760,127.119197969722,51.805684263818,0.0107,0.0097,162.254696,0.9587,8
182,546681400,50,36.742071027858,127.119197961065,51.805074575357,0.0106,0.0096,229.730642,0.9587,8
183,546681450,50,36.742071042343,127.119197966376,51.808656306006,0.0112,0.0102,16.441286,0.9587,8
184,546681500,50,36.742071035862,127.119197959673,51.804354623891,0.0103,0.0093,219.772604,0.9587,8
185,546681550,50,36.742071030278,127.119197948534,51.805265412666,0.0106,0.0096,238.082221,0.9587,8
186,546681600,50,36.742071024481,127.119197969484,51.802643380128,0.0113,0.0102,108.972203,0.9587,8
187,546681650,50,36.742071019034,127.119197951736,51.807312431745,0.0117,0.0106,249.123342,0.9587,8
188,546681700,50,36.742071040554,127.119197964734,51.807484125718,0.0109,0.0098,25.922686,0.9587,8
189,546681750,50,36.742071026180,127.119197960583,51.802995916456,0.0107,0.0097,193.083240,0.9587,8
190,546681800,50,36.742071025352,127.119197958489,51.808505401947,0.0107,0.0097,243.836462,0.9587,8
191,546681850,50,36.742071028983,127.119197953594,51.809023356996,0.0102,0.0093,312.663976,0.9587,8
192,546681900,50,36.742071036948,127.119197964615,51.804079966620,0.0113,0.0102,48.076197,0.9587,8
193,546681950,50,36.742071031320,127.119197964557,51.806754498743,0.0110,0.0100,180.480544,0.9587,8
194,546682000,50,36.742071031432,127.119197944891,51.807281325571,0.0101,0.0091,270.407361,0.9587,8
195,546682050,50,36.742071030319,127.119197956660,51.804395053536,0.0102,0.0092,96.701656,0.9587,8
196,546682100,50,36.742071048142,127.119197972207,51.807238202542,0.0101,0.0091,35.070336,0.9587,8
197,546682150,50,36.742071039643,127.119197941564,51.807263394818,0.0099,0.0089,250.983666,0.9587,8
198,546682200,50,36.742071026694,127.119197983522,51.803425066173,0.0096,0.0087,250.983666,0.9587,8
199,546682250,50,36.742071019658,127.119197980129,51.806359872222,0.0096,0.0087,201.209456,0.9587,8
200,546682300,50,36.742071027899,127.119197987463,51.807527167723,0.0107,0.0097,35.608051,0.9587,8
201,546682350,50,36.742071029009,127.119197976935,51.806505286135,0.0096,0.0087,277.458519,0.9587,8
202,546682400,50,36.742071028854,127.119198003990,51.803013800643,0.0109,0.0098,90.406373,0.9587,8
203,546682450,50,36.742071028517,127.119197961962,51.809377143160,0.0103,0.0093,269.428730,0.9587,8
204,546682500,50,36.742071026494,127.119197986280,51.805901448242,0.0105,0.0095,95.900691,0.9587,8
205,546682550,50,36.742071024560,127.119197981192,51.808495935984,0.0108,0.0098,244.718109,0.9587,8
206,546682600,50,36.742071021272,127.119197965085,51.809924295172,0.0096,0.0087,255.767451,0.9587,8
207,546682650,50,36.742071019412,127.119197984621,51.805748089217,0.0114,0.0103,96.747257,0.9587,8
208,546682700,50,36.742071004395,127.119197966252,51.802407852374,0.0111,0.0100,96.747258,0.9587,8
209,546682750,50,36.742071025114,127.119197969881,51.807116479613,0.0111,0.0101,8.023576,0.9587,8
210,546682800,50,36.742071017804,127.119197949056,51.807646419853,0.0105,0.0095,246.434874,0.9587,8
211,546682850,50,36.742071002207,127.119197953109,51.806444337592,0.0118,0.0107,168.188317,0.9587,8
212,546682900,50,36.742071037050,127.119197979531,51.798159147613,0.0092,0.0081,31.396208,0.9587,8
213,546682950,50,36.742071049487,127.119197978038,51.797097070143,0.0078,0.0069,354.482559,0.9587,8
214,546683000,50,36.742071049838,127.119197988269,51.796149060130,0.0091,0.0080,87.561663,0.9587,8
215,546683050,50,36.742071042464,127.119197971712,51.800601387396,0.0090,0.0079,241.041077,0.9587,8
216,546683100,50,36.742071050378,127.119197978846,51.798627283424,0.0078,0.0069,35.960557,0.9587,8
217,546683150,50,36.742071062210,127.119197984741,51.794574053027,0.0078,0.0069,21.849785,0.9587,8
218,546683200,50,36.742071032455,127.119197974267,51.800707261078,0.0095,0.0084,195.817426,0.9587,8
219,546683250,50,36.742071051924,127.119197969527,51.800232647918,0.0092,0.0081,348.912358,0.9587,8
220,546683300,50,36.742071061678,127.119197993557,51.796657702886,0.0090,0.0080,63.234056,0.9587,8
221,546683350,50,36.742071052306,127.119197974896,51.798832106404,0.0089,0.0079,238.032423,0.9587,8
222,546683400,50,36.742071063219,127.119197984134,51.792574958876,0.0089,0.0079,34.264951,0.9587,8
223,546683450,50,36.742071046412,127.119197981470,51.798837049864,0.0093,0.0082,187.269136,0.9587,8
224,546683500,50,36.742071054345,127.119197973282,51.797831174918,0.0087,0.0077,320.285143,0.9587,8
225,546683550,50,36.742071057117,127.119197984654,51.799671814777,0.0078,0.0069,73.152755,0.9587,8
226,546683600,50,36.742071054719,127.119197986623,51.794725101441,0.0094,0.0083,146.536138,0.9587,8
227,546683650,50,36.742071045638,127.119197972847,51.798011217266,0.0103,0.0091,230.680005,0.9587,8
228,546683700,50,36.742071059569,127.119197980228,51.801811993122,0.0092,0.0082,230.680004,0.9587,8
229,546683750,50,36.742071053265,127.119197985322,51.794680808671,0.0095,0.0084,146.962767,0.9587,8
230,546683800,50,36.742071061456,127.119197981238,51.794723609462,0.0091,0.0081,338.135824,0.9587,8
231,546683850,50,36.742071067315,127.119197989129,51.800412788056,0.0095,0.0084,47.309102,0.9587,8
232,546683900,50,36.742071059976,127.119198004655,51.802188228816,0.0078,0.0069,120.428232,0.9587,8
233,546683950,50,36.742071062486,127.119197977327,51.803604261018,0.0078,0.0069,276.510406,0.9587,8
234,546684000,50,36.742071066251,127.119197983017,51.794074326754,0.0092,0.0081,50.566718,0.9587,8
235,546684050,50,36.742071073469,127.119197994057,51.796755674295,0.0090,0.0080,50.910580,0.9587,8
236,546684100,50,36.742071079330,127.119197979688,51.802717746235,0.0089,0.0079,296.875100,0.9587,8
237,546684150,50,36.742071043922,127.119197995019,51.804432030767,0.0078,0.0069,160.787334,0.9587,8
238,546684200,50,36.742071068932,127.119197974295,51.800290761515,0.0078,0.0069,326.300387,0.9587,8
239,546684250,50,36.742071071908,127.119197993694,51.804100230336,0.0090,0.0079,79.206160,0.9587,8
240,546684300,50,36.742071056412,127.119197992188,51.799091808498,0.0078,0.0069,184.470499,0.9587,8
241,546684350,50,36.742071065819,127.119197991495,51.799026423134,0.0078,0.0069,356.605165,0.9587,8
242,546684400,50,36.742071057528,127.119197988301,51.799269281328,0.0078,0.0069,197.223353,0.9587,8
243,546684450,50,36.742071057873,127.119197982187,51.803946123458,0.0089,0.0079,274.018856,0.9587,8
244,546684500,50,36.742071052598,127.119197995143,51.806734230369,0.0104,0.0091,116.836740,0.9587,8
245,546684550,50,36.742071084782,127.119197986524,51.797445944510,0.0078,0.0069,347.837991,0.9587,8
246,546684600,50,36.742071064415,127.119197997569,51.802159694955,0.0078,0.0069,156.421884,0.9587,8
247,546684650,50,36.742071060786,127.119197978994,51.800973895937,0.0089,0.0078,256.355776,0.9587,8
248,546684700,50,36.742071073075,127.119198001764,51.798611160368,0.0092,0.0081,256.355776,0.9587,8
249,546684750,50,36.742071061229,127.119198007899,51.801872277632,0.0078,0.0069,157.374179,0.9587,8
250,546684800,50,36.742071066192,127.119198006285,51.799987400882,0.0092,0.0081,345.330283,0.9587,8
251,546684850,50,36.742071065399,127.119198006225,51.799731144682,0.0095,0.0084,183.447255,0.9587,8
252,546684900,50,36.742071072554,127.119197998618,51.800170403905,0.0097,0.0086,319.446041,0.9587,8
253,546684950,50,36.742071074256,127.119198006431,51.800205349922,0.0091,0.0081,74.851198,0.9587,8
254,546685000,50,36.742071051267,127.119198016865,51.798253769986,0.0096,0.0085,159.933601,0.9587,8
255,546685050,50,36.742071075506,127.119198006629,51.798336775042,0.0078,0.0069,341.227379,0.9587,8
256,546685100,50,36.742071068637,127.119198003482,51.800641941838,0.0092,0.0081,200.235960,0.9587,8
257,546685150,50,36.742071081595,127.119198022821,51.794719574042,0.0096,0.0084,50.219895,0.9587,8
258,546685200,50,36.742071060264,127.119198008447,51.802415898070,0.0089,0.0079,208.471713,0.9587,8
259,546685250,50,36.742071089410,127.119198026067,51.800212018192,0.0096,0.0084,25.944903,0.9587,8
260,546685300,50,36.742071074864,127.119198006760,51.802189840004,0.0090,0.0080,226.888958,0.9587,8
261,546685350,50,36.742071073459,127.119198003308,51.799000184983,0.0078,0.0069,243.179348,0.9587,8
262,546685400,50,36.742071076936,127.119197996242,51.800782931037,0.0090,0.0080,301.441419,0.9587,8
263,546685450,50,36.742071075411,127.119198016130,51.801773139276,0.0097,0.0086,95.442684,0.9587,8
264,546685500,50,36.742071091923,127.119198010909,51.801310610957,0.0095,0.0084,345.721224,0.9587,8
265,546685550,50,36.742071062407,127.119198007148,51.799575104378,0.0096,0.0085,185.854685,0.9587,8
266,546685600,50,36.742071059415,127.119198014132,51.799256420694,0.0078,0.0069,118.024427,0.9587,8
267,546685650,50,36.742071091322,127.119198014323,51.799563472159,0.0096,0.0085,0.275251,0.9587,8
268,546685700,50,36.742071070900,127.119198011155,51.803528348915,0.0088,0.0077,187.115629,0.9587,8
269,546685750,50,36.742071068552,127.119198010967,51.799455421977,0.0078,0.0069,183.685856,0.9587,8
270,546685800,50,36.742071069100,127.119198032780,51.798053715378,0.0090,0.0079,88.209538,0.9587,8
271,546685850,50,36.742071072827,127.119197986457,51.801386881620,0.0078,0.0069,88.209538,0.9587,8
272,546685900,50,36.742071061201,127.119197987586,51.801181422547,0.0078,0.0069,175.530345,0.9587,8
273,546685950,50,36.742071075390,127.119198009671,51.803185780533,0.0078,0.0069,51.400322,0.9587,8
274,546686000,50,36.742071063050,127.119197995978,51.801049803384,0.0078,0.0069,221.766889,0.9587,8
275,546686050,50,36.742071070525,127.119197987072,51.798688467592,0.0078,0.0069,316.201767,0.9587,8
276,546686100,50,36.742071072208,127.119197985659,51.804256744683,0.0087,0.0077,325.947415,0.9587,8
277,546686150,50,36.742071073615,127.119198010789,51.804102513939,0.0088,0.0078,86.018630,0.9587,8
278,546686200,50,36.742071077736,127.119198003027,51.794708075002,0.0088,0.0077,303.407502,0.9587,8
279,546686250,50,36.742071066265,127.119197978049,51.802354645915,0.0093,0.0082,240.291389,0.9587,8
280,546686300,50,36.742071074099,127.119198006422,51.802371023223,0.0089,0.0079,71.064985,0.9587,8
281,546686350,50,36.742071084528,127.119198019370,51.798832847737,0.0088,0.0077,44.975810,0.9587,8
282,546686400,50,36.742071059726,127.119197992533,51.800556735136,0.0078,0.0069,221.050597,0.9587,8
283,546686450,50,36.742071078486,127.119198017039,51.799606323242,0.0090,0.0080,46.433170,0.9587,8
284,546686500,50,36.742071082204,127.119197996746,51.806701330468,0.0093,0.0082,282.823128,0.9587,8
285,546686550,50,36.742071054917,127.119197982942,51.805107543245,0.0090,0.0079,202.153356,0.9587,8
286,546686600,50,36.742071081590,127.119198010815,51.800808991306,0.0078,0.0069,40.063786,0.9587,8
287,546686650,50,36.742071076697,127.119198004093,51.803289113566,0.0078,0.0069,227.870100,0.9587,8
288,546686700,50,36.742071076450,127.119198023061,51.797484571114,0.0093,0.0082,90.927610,0.9587,8
289,546686750,50,36.742071068611,127.119197983314,51.804370981641,0.0096,0.0084,256.232172,0.9587,8
290,546686800,50,36.742071073314,127.119198006219,51.800770448521,0.0078,0.0069,75.687513,0.9587,8
291,546686850,50,36.742071077752,127.119197994980,51.809165503830,0.0078,0.0069,296.133742,0.9587,8
292,546686900,50,36.742071071468,127.119198015926,51.795740418136,0.0094,0.0083,110.443576,0.9587,8
293,546686950,50,36.742071067680,127.119197982962,51.802665957250,0.0098,0.0087,261.873713,0.9587,8
294,546687000,50,36.742071068117,127.119198004667,51.804552673362,0.0093,0.0083,88.569023,1.0724,7
295,546687050,50,36.742071078711,127.119197994084,51.805063129403,0.0079,0.0071,321.203365,1.0724,7
296,546687100,50,36.742071061791,127.119197998342,51.800982923247,0.0098,0.0088,321.203365,0.9598,8
297,546687150,50,36.742071062389,127.119198000490,51.802853091620,0.0096,0.0086,70.897736,0.9598,8
298,546687200,50,36.742071070004,127.119198010676,51.795954442583,0.0096,0.0086,47.110245,0.9598,8
299,546687250,50,36.742071062915,127.119197995997,51.805490008555,0.0098,0.0088,239.034998,0.9598,8
300,546687300,50,36.742071053737,127.119198010651,51.800759321079,0.0101,0.0091,127.892064,0.9598,8
301,546687350,50,36.742071060677,127.119197986520,51.803763596341,0.0091,0.0082,289.664910,0.9598,8
302,546687400,50,36.742071059395,127.119198001935,51.802769657224,0.0096,0.0087,95.899318,1.0724,7
303,546687450,50,36.742071080488,127.119197997403,51.808323185891,0.0095,0.0086,350.191484,1.0724,7
304,546687500,50,36.742071050357,127.119197983805,51.805454426445,0.0094,0.0085,199.962163,1.0724,7
305,546687550,50,36.742071057090,127.119198009588,51.804215252399,0.0104,0.0094,72.022573,1.0724,7
306,546687600,50,36.742071055172,127.119198006536,51.808992829174,0.0088,0.0080,232.006612,1.0724,7
307,546687650,50,36.742071067210,127.119197995868,51.802244209684,0.0089,0.0081,324.502610,1.0724,7
308,546687700,50,36.742071059351,127.119197998944,51.803163402714,0.0101,0.0091,324.502613,1.0724,7
309,546687750,50,36.742071059951,127.119197993561,51.805045148358,0.0098,0.0089,277.879434,1.0724,7
310,546687800,50,36.742071042978,127.119197988802,51.800746954046,0.0100,0.0091,192.714437,1.0724,7
311,546687850,50,36.742071050794,127.119198001814,51.799628767185,0.0092,0.0083,53.263566,1.0724,7
312,546687900,50,36.742071054911,127.119197989626,51.804035033099,0.0089,0.0080,292.770654,1.0724,7
313,546687950,50,36.742071050736,127.119197994380,51.802382421680,0.0092,0.0083,137.503686,1.0724,7
314,546688000,50,36.742071051550,127.119198013580,51.799638900906,0.0105,0.0094,86.982120,1.0724,7
315,546688050,50,36.742071050379,127.119198014969,51.799234626815,0.0095,0.0086,136.333942,1.0724,7
316,546688100,50,36.742071064033,127.119198000431,51.803889433853,0.0089,0.0080,319.407288,1.0724,7
317,546688150,50,36.742071058147,127.119197995111,51.802936333232,0.0095,0.0085,216.027959,1.0724,7
318,546688200,50,36.742071044075,127.119198005065,51.800730128773,0.0101,0.0091,150.348938,1.0724,7
319,546688250,50,36.742071063428,127.119197988004,51.803078168072,0.0094,0.0084,324.644000,1.0724,7
320,546688300,50,36.742071056894,127.119197988109,51.806439746171,0.0100,0.0090,179.259617,1.0724,7
321,546688350,50,36.742071077728,127.119198015165,51.795963879675,0.0094,0.0085,46.264593,1.0724,7
322,546688400,50,36.742071059756,127.119198000547,51.803376490250,0.0098,0.0088,213.207062,1.0724,7
323,546688450,50,36.742071057758,127.119197988994,51.803123528138,0.0097,0.0088,257.875553,1.0724,7
324,546688500,50,36.742071061637,127.119197980925,51.808553821407,0.0092,0.0083,300.850754,1.0724,7
325,546688550,50,36.742071060318,127.119198003710,51.804204391316,0.0092,0.0083,94.115030,1.0724,7
326,546688600,50,36.742071051681,127.119198017519,51.797608855180,0.0106,0.0095,127.851734,1.0724,7
327,546688650,50,36.742071054081,127.119197990404,51.800703190267,0.0079,0.0071,276.273648,1.0724,7
328,546688700,50,36.742071041272,127.119197998062,51.796702134423,0.0091,0.0082,276.273648,1.0724,7
329,546688750,50,36.742071045627,127.119197986526,51.804428796284,0.0090,0.0082,295.132848,1.0724,7
330,546688800,50,36.742071042890,127.119197996927,51.803794064559,0.0089,0.0081,108.109898,1.0724,7
331,546688850,50,36.742071034083,127.119197986710,51.800847247243,0.0096,0.0087,223.033238,1.0724,7
332,546688900,50,36.742071044890,127.119197988189,51.799585378729,0.0092,0.0083,6.285883,1.0724,7
333,546688950,50,36.742071043404,127.119198004729,51.795177309774,0.0090,0.0081,96.370007,1.0724,7
334,546689000,50,36.742071061670,127.119198003885,51.797690205276,0.0091,0.0082,357.868681,1.0724,7
335,546689050,50,36.742071027532,127.119197997668,51.798549680971,0.0094,0.0085,188.338479,1.0724,7
336,546689100,50,36.742071039367,127.119198002072,51.800398430787,0.0090,0.0081,16.672904,1.0724,7
337,546689150,50,36.742071035589,127.119198001579,51.803102293052,0.0095,0.0086,185.990993,1.0724,7
338,546689200,50,36.742071040477,127.119198008325,51.800639033318,0.0089,0.0081,47.998791,1.0724,7
339,546689250,50,36.742071031177,127.119198008701,51.799651549198,0.0094,0.0085,178.136900,1.0724,7
340,546689300,50,36.742071033455,127.119198009738,51.800703780726,0.0097,0.0087,20.113351,1.0724,7
341,546689350,50,36.742071023533,127.119198004311,51.803558043204,0.0091,0.0082,203.757714,1.0724,7
342,546689400,50,36.742071023485,127.119197994769,51.796412863769,0.0091,0.0081,269.647505,1.0724,7
343,546689450,50,36.742071039564,127.119198008384,51.799347150140,0.0078,0.0070,34.272221,1.0724,7
344,546689500,50,36.742071046020,127.119198005162,51.799826380797,0.0078,0.0070,338.119161,1.0724,7
345,546689550,50,36.742071023517,127.119198002384,51.800474001095,0.0097,0.0087,185.674235,1.0724,7
346,546689600,50,36.742071044108,127.119198014488,51.797834296711,0.0093,0.0083,25.318069,1.0724,7
347,546689650,50,36.742071038709,127.119198016652,51.799861910753,0.0091,0.0082,162.119816,1.0724,7
348,546689700,50,36.742071030002,127.119197983532,51.799806860276,0.0101,0.0091,162.119815,1.0724,7
349,546689750,50,36.742071045591,127.119198012743,51.792387722060,0.0090,0.0081,56.452509,1.0724,7
350,546689800,50,36.742071055202,127.119198015834,51.791471048258,0.0097,0.0087,14.512698,1.0724,7
351,546689850,50,36.742071042461,127.119198017822,51.790623712353,0.0098,0.0088,172.844746,1.0724,7
352,546689900,50,36.742071043341,127.119198000671,51.796164309606,0.0089,0.0079,273.646684,1.0724,7
353,546689950,50,36.742071026189,127.119197996840,51.798043168150,0.0100,0.0089,190.189490,1.0724,7
354,546690000,50,36.742071035550,127.119197996652,51.799448379315,0.0114,0.0101,359.071480,1.0724,7
355,546690050,50,36.742071025758,127.119198009089,51.794289038517,0.0097,0.0086,134.370810,1.0724,7
356,546690100,50,36.742071036491,127.119197991812,51.796883280389,0.0099,0.0088,307.664213,1.0724,7
357,546690150,50,36.742071038816,127.119198005663,51.796444381587,0.0101,0.0090,78.218934,1.0724,7
358,546690200,50,36.742071030476,127.119198011041,51.799864752218,0.0104,0.0093,152.574521,1.0724,7
359,546690250,50,36.742071036891,127.119198007712,51.794925979339,0.0095,0.0085,337.336518,1.0724,7
360,546690300,50,36.742071027845,127.119198014339,51.794539990835,0.0102,0.0091,149.476863,1.0724,7
361,546690350,50,36.742071017513,127.119198010571,51.795598587021,0.0110,0.0098,196.360430,1.0724,7
362,546690400,50,36.742071026051,127.119198009406,51.797756806016,0.0099,0.0088,353.735753,1.0724,7
363,546690450,50,36.742071022505,127.119198022455,51.794793698005,0.0106,0.0094,108.660141,1.0724,7
364,546690500,50,36.742071027992,127.119198012811,51.790577400476,0.0102,0.0091,305.258997,1.0724,7
365,546690550,50,36.742071034973,127.119198015041,51.794341942295,0.0099,0.0088,14.415241,1.0724,7
366,546690600,50,36.742071018706,127.119198030508,51.797022433951,0.0102,0.0091,142.575385,1.0724,7
367,546690650,50,36.742071023211,127.119198027211,51.794162704609,0.0104,0.0093,329.501436,1.0724,7
368,546690700,50,36.742071021207,127.119198007499,51.794826081023,0.0101,0.0091,262.797833,1.0724,7
369,546690750,50,36.742071000890,127.119198002560,51.798959906213,0.0107,0.0096,191.069771,1.0724,7
370,546690800,50,36.742071023256,127.119198037767,51.795757489279,0.0111,0.0099,51.713968,1.0724,7
371,546690850,50,36.742071017050,127.119198030786,51.794819043949,0.0102,0.0092,222.155069,1.0724,7
372,546690900,50,36.742071013396,127.119197990348,51.800222071819,0.0108,0.0097,222.155069,1.0724,7
373,546690950,50,36.742071028765,127.119198024111,51.796205536462,0.0104,0.0093,60.506499,1.0724,7
374,546691000,50,36.742071036437,127.119197990408,51.798190245405,0.0095,0.0086,285.792695,1.0724,7
375,546691050,50,36.742071040787,127.119198033405,51.798633913510,0.0096,0.0087,82.835053,1.0724,7
376,546691100,50,36.742071030563,127.119198008489,51.795729828998,0.0105,0.0095,242.983556,1.0724,7
377,546691150,50,36.742071035078,127.119198025032,51.798579639755,0.0095,0.0085,71.264746,1.0724,7
378,546691200,50,36.742071034246,127.119198034754,51.799928694963,0.0098,0.0088,96.075864,1.0724,7
379,546691250,50,36.742071032979,127.119198032355,51.797731149010,0.0101,0.0091,236.722445,1.0724,7
380,546691300,50,36.742071021257,127.119198015036,51.797378379852,0.0103,0.0093,229.938625,1.0724,7
381,546691350,50,36.742071019392,127.119198022371,51.800223632716,0.0098,0.0088,107.533198,1.0724,7
382,546691400,50,36.742071023943,127.119198019348,51.798609935679,0.0096,0.0086,331.869962,1.0724,7
383,546691450,50,36.742071023972,127.119198036075,51.799579825252,0.0103,0.0092,89.876920,1.0724,7
384,546691500,50,36.742071011309,127.119198033443,51.800253845751,0.0102,0.0091,189.494821,1.0724,7
385,546691550,50,36.742071003182,127.119198070550,51.796789086424,0.0097,0.0087,105.222580,1.0724,7
386,546691600,50,36.742070987678,127.119198104737,51.801420822740,0.0119,0.0107,119.400389,1.0724,7
387,546691650,50,36.742070975889,127.119198134092,51.799814223312,0.0097,0.0087,116.520801,1.0724,7
388,546691700,50,36.742070948118,127.119198190317,51.800159896724,0.0110,0.0098,121.538107,1.0724,7
389,546691750,50,36.742070926293,127.119198258879,51.802372996695,0.0107,0.0096,111.580547,1.0724,7
390,546691800,50,36.742070906550,127.119198318897,51.806033743545,0.0112,0.0100,112.231313,1.0724,7
391,546691850,50,36.742070865969,127.119198415255,51.800134901889,0.0112,0.0100,117.622808,1.0724,7
392,546691900,50,36.742070831375,127.119198489287,51.805529133417,0.0112,0.0100,120.140122,1.0724,7
393,546691950,50,36.742070783810,127.119198585039,51.804788666777,0.0117,0.0104,121.684554,1.0724,7
394,546692000,50,36.742070746587,127.119198709900,51.806991861202,0.0121,0.0108,110.325331,1.0724,7
395,546692050,50,36.742070712962,127.119198842288,51.807005696930,0.0103,0.0092,107.515340,1.0724,7
396,546692100,50,36.742070735834,127.119199024822,51.782425782643,0.0090,0.0073,81.150422,1.0724,7
397,546692150,50,36.742070660834,127.119199189118,51.783581933007,0.0090,0.0073,119.562185,1.0724,7
398,546692200,50,36.742070610693,127.119199377598,51.781561268494,0.0089,0.0072,119.562185,1.0724,7
399,546692250,50,36.742070489228,127.119199544991,51.781763050705,0.0089,0.0072,132.038478,1.0724,7
400,546692300,50,36.742070382356,127.119199781343,51.786979082040,0.0089,0.0072,119.328933,1.0724,7
401,546692350,50,36.742070292529,127.119200029900,51.783430603333,0.0089,0.0072,114.182499,1.0724,7
402,546692400,50,36.742070199326,127.119200331991,51.785033791326,0.0108,0.0087,110.974505,1.0724,7
403,546692450,50,36.742070112952,127.119200641231,51.776967616752,0.0089,0.0072,109.139507,1.0724,7
404,546692500,50,36.742069958388,127.119200947520,51.779474488460,0.0089,0.0072,122.088780,1.0724,7
405,546692550,50,36.742069803942,127.119201286524,51.788858140819,0.0089,0.0072,119.513681,1.0724,7
406,546692600,50,36.742069652038,127.119201686976,51.788202077150,0.0089,0.0072,115.236039,1.0724,7
407,546692650,50,36.742069497098,127.119202130334,51.787303529680,0.0117,0.0094,113.471784,1.0724,7
408,546692700,50,36.742069277322,127.119202469608,51.801034531556,0.0105,0.0094,113.471784,1.0724,7
409,546692750,50,36.742069113733,127.119202951650,51.789481996559,0.0116,0.0103,112.863928,1.0724,7
410,546692800,50,36.742068900789,127.119203442126,51.799753896892,0.0134,0.0119,118.344997,1.0724,7
411,546692850,50,36.742068778404,127.119204008124,51.775220889598,0.0088,0.0071,105.038687,1.0724,7
412,546692900,50,36.742068536098,127.119204547442,51.787517250516,0.0088,0.0071,119.172410,1.0724,7
413,546692950,50,36.742068352305,127.119205150065,51.779448796995,0.0088,0.0071,110.754695,1.0724,7
414,546693000,50,36.742068102616,127.119205721650,51.784593395889,0.0088,0.0071,118.492479,1.0724,7
415,546693050,50,36.742067844039,127.119206406505,51.780629036948,0.0088,0.0071,115.133008,1.0724,7
416,546693100,50,36.742067544357,127.119207059053,51.783251639456,0.0088,0.0071,119.710522,1.0724,7
417,546693150,50,36.742067275947,127.119207760380,51.778614531271,0.0089,0.0071,115.433026,1.0724,7
418,546693200,50,36.742066996592,127.119208519863,51.785978177562,0.0089,0.0071,114.561974,1.0724,7
419,546693250,50,36.742066679528,127.119209299568,51.786933488213,0.0089,0.0071,116.806218,1.0724,7
420,546693300,50,36.742066359667,127.119210107668,51.782975041308,0.0089,0.0071,116.188892,1.0724,7
421,546693350,50,36.742066038709,127.119210944624,51.780591049232,0.0089,0.0071,115.477402,1.0724,7
422,546693400,50,36.742065674470,127.119211816054,51.786432421766,0.0089,0.0071,117.445238,1.0724,7
423,546693450,50,36.742065347485,127.119212762225,51.776990945451,0.0089,0.0071,113.238984,1.0724,7
424,546693500,50,36.742064939330,127.119213699566,51.780952635221,0.0089,0.0071,118.415550,1.0724,7
425,546693550,50,36.742064585666,127.119214694992,51.775397163816,0.0089,0.0071,113.819527,1.0724,7
426,546693600,50,36.742064182300,127.119215706578,51.784327738918,0.0108,0.0086,116.356463,1.0724,7
427,546693650,50,36.742063775583,127.119216751236,51.777875341475,0.0089,0.0072,115.815707,1.0724,7
428,546693700,50,36.742063349583,127.119217799709,51.777463352308,0.0088,0.0071,115.815711,1.0724,7
429,546693750,50,36.742062901989,127.119218899250,51.775117160752,0.0088,0.0071,116.830435,1.0724,7
430,546693800,50,36.742062450019,127.119220064475,51.777534269728,0.0099,0.0079,115.732119,1.0724,7
431,546693850,50,36.742061975072,127.119221250427,51.775808742270,0.0088,0.0071,116.455322,1.0724,7
432,546693900,50,36.742061481852,127.119222422359,51.785094695166,0.0088,0.0071,117.606614,0.9607,8
433,546693950,50,36.742061003480,127.119223677554,51.779344554059,0.0088,0.0071,115.339841,1.0732,7
434,546694000,50,36.742060503492,127.119224962114,51.776522889733,0.0088,0.0071,115.809861,1.0732,7
435,546694050,50,36.742059991304,127.119226240275,51.776264612563,0.0088,0.0071,116.469299,1.0732,7
436,546694100,50,36.742059487590,127.119227574413,51.777508816682,0.0088,0.0071,115.132649,1.0732,7
437,546694150,50,36.742058965802,127.119228915317,51.784086973406,0.0089,0.0071,115.804203,1.0732,7
438,546694200,50,36.742058385719,127.119230302264,51.785775729455,0.0089,0.0071,117.460228,1.0732,7
439,546694250,50,36.742057846314,127.119231727960,51.783221831545,0.0089,0.0071,115.178558,1.0732,7
440,546694300,50,36.742057258378,127.119233135677,51.778812704608,0.0105,0.0084,117.426945,1.0732,7
441,546694350,50,36.742056673014,127.119234627861,51.783781955950,0.0103,0.0083,115.986055,1.0732,7
442,546694400,50,36.742056096724,127.119236118584,51.784706481732,0.0089,0.0071,115.657035,1.0732,7
443,546694450,50,36.742055475389,127.119237619102,51.779035936110,0.0110,0.0088,117.226283,1.0732,7
444,546694500,50,36.742054893504,127.119239168944,51.786185850389,0.0089,0.0071,115.009418,1.0732,7
445,546694550,50,36.742054271169,127.119240713562,51.776857004501,0.0089,0.0072,116.593674,1.0732,7
446,546694600,50,36.742053625011,127.119242291595,51.777523672208,0.0089,0.0072,116.966170,1.0732,7
447,546694650,50,36.742052999966,127.119243926133,51.775795875117,0.0089,0.0072,115.414449,1.0732,7
448,546694700,50,36.742052370739,127.119245544574,51.770910225809,0.0091,0.0074,115.414460,1.0732,7
449,546694750,50,36.742051709463,127.119247198713,51.772283636965,0.0091,0.0074,116.414954,1.0732,7
450,546694800,50,36.742051056552,127.119248865169,51.777261202224,0.0091,0.0074,115.957797,1.0732,7
451,546694850,50,36.742050353670,127.119250517135,51.771762270480,0.0091,0.0074,117.864374,1.0732,7
452,546694900,50,36.742049708967,127.119252286695,51.780337153003,0.0091,0.0074,114.355929,1.0732,7
453,546694950,50,36.742048997554,127.119254039614,51.768888727762,0.0091,0.0074,116.760751,1.0732,7
454,546695000,50,36.742048319007,127.119255773591,51.778716709465,0.0091,0.0074,115.930604,1.0732,7
455,546695050,50,36.742047573351,127.119257525510,51.780099410564,0.0091,0.0074,117.872219,1.0732,7
456,546695100,50,36.742046900730,127.119259368493,51.768863389269,0.0091,0.0074,114.393335,1.0732,7
457,546695150,50,36.742046171238,127.119261144427,51.770902608521,0.0092,0.0074,117.039310,0.9608,8
458,546695200,50,36.742045423593,127.119262955880,51.762944339775,0.0092,0.0074,117.150353,0.9608,8
459,546695250,50,36.742044694841,127.119264822506,51.774719802663,0.0092,0.0075,115.878031,0.9608,8
460,546695300,50,36.742043930422,127.119266718982,51.773389162496,0.0092,0.0075,116.603215,0.9608,8
461,546695350,50,36.742043193774,127.119268590146,51.775419676676,0.0092,0.0075,116.066344,0.9608,8
462,546695400,50,36.742042429312,127.119270497678,51.776523980312,0.0092,0.0075,116.471385,0.9608,8
463,546695450,50,36.742041651114,127.119272414370,51.775324989110,0.0092,0.0075,116.770185,0.9608,8
464,546695500,50,36.742040899928,127.119274319682,51.772832334973,0.0092,0.0075,116.099328,0.9608,8
465,546695550,50,36.742040112108,127.119276243113,51.776975044981,0.0092,0.0075,116.973001,0.9608,8
466,546695600,50,36.742039355599,127.119278219179,51.769504707307,0.0092,0.0075,115.439811,0.9608,8
467,546695650,50,36.742038581047,127.119280196423,51.781746287830,0.0092,0.0075,115.954150,0.9608,8
468,546695700,50,36.742037818828,127.119282213432,51.779954872094,0.0092,0.0075,115.152353,0.9608,8
469,546695750,50,36.742037003548,127.119284171023,51.775672427379,0.0093,0.0075,117.360668,0.9608,8
470,546695800,50,36.742036213186,127.119286155640,51.772088869475,0.0093,0.0075,116.327663,0.9608,8
471,546695850,50,36.742035375721,127.119288127232,51.784973319620,0.0075,0.0069,116.327681,0.9608,8
472,546695900,50,36.742034545306,127.119290165924,51.783120766282,0.0075,0.0071,116.844831,0.9608,8
473,546695950,50,36.742033724630,127.119292183741,51.788380655460,0.0075,0.0071,116.810095,0.9608,8
474,546696000,50,36.742032924132,127.119294231204,51.787302386016,0.0075,0.0071,115.910274,0.9608,8
475,546696050,50,36.742032099919,127.119296289612,51.784280998632,0.0075,0.0071,116.451603,0.9608,8
476,546696100,50,36.742031241057,127.119298381110,51.783522284590,0.0075,0.0071,117.032494,0.9608,8
477,546696150,50,36.742030426320,127.119300447196,51.786861660890,0.0075,0.0071,116.103905,0.9608,8
478,546696200,50,36.742029567388,127.119302543661,51.787743190303,0.0075,0.0071,116.979412,0.9608,8
479,546696250,50,36.742028712075,127.119304675279,51.790603370406,0.0075,0.0071,116.499379,0.9608,8
480,546696300,50,36.742027855038,127.119306803522,51.799732934684,0.0078,0.0071,116.581787,0.9608,8
481,546696350,50,36.742026963929,127.119308976543,51.792741097510,0.0078,0.0071,117.000521,0.9608,8
482,546696400,50,36.742026063413,127.119311112756,51.799857179634,0.0093,0.0085,117.645016,0.9608,8
483,546696450,50,36.742025195045,127.119313339463,51.806738546118,0.0109,0.0098,115.853056,0.9608,8
484,546696500,50,36.742024314480,127.119315568348,51.797538137995,0.0122,0.0109,116.145881,0.9608,8
485,546696550,50,36.742023395307,127.119317761842,51.794151902199,0.0110,0.0096,117.505018,0.9608,8
486,546696600,50,36.742022491456,127.119320073593,51.790900814347,0.0081,0.0072,115.910818,0.9608,8
487,546696650,50,36.742021611734,127.119322407393,51.790184364654,0.0091,0.0074,115.097050,0.9608,8
488,546696700,50,36.742020670722,127.119324725234,51.780459540896,0.0092,0.0074,116.768774,1.0766,7
489,546696750,50,36.742019736673,127.119327108242,51.781247212552,0.0092,0.0074,115.967293,1.0766,7
490,546696800,50,36.742018763605,127.119329492218,51.783309552819,0.0092,0.0074,116.892577,0.9610,8
491,546696850,50,36.742017808283,127.119331918893,51.786142339930,0.0092,0.0074,116.065780,0.9610,8
492,546696900,50,36.742016822535,127.119334401664,51.781851947308,0.0093,0.0076,116.258528,1.0767,7
493,546696950,50,36.742015836451,127.119336843613,51.778613155708,0.0094,0.0077,116.645123,1.0767,7
494,546697000,50,36.742014794944,127.119339324182,51.784024888650,0.0114,0.0093,117.550959,0.9611,8
495,546697050,50,36.742013828284,127.119341898830,51.776867412031,0.0094,0.0077,115.009686,0.9611,8
496,546697100,50,36.742012752318,127.119344389403,51.792181546800,0.0141,0.0116,115.009709,0.9611,8
497,546697150,50,36.742011712438,127.119346980669,51.780129801482,0.0093,0.0076,116.502302,0.9611,8
498,546697200,50,36.742010680375,127.119349595889,51.780726693571,0.0094,0.0077,116.121048,0.9611,8
499,546697250,50,36.742009599797,127.119352186716,51.776284271851,0.0115,0.0094,117.394738,0.9611,8
500,546697300,50,36.742008563037,127.119354913287,51.779341334477,0.0093,0.0076,115.289106,0.9611,8
501,546697350,50,36.742007484955,127.119357612108,51.774207063019,0.0093,0.0076,116.397422,0.9611,8
502,546697400,50,36.742006380037,127.119360291232,51.780282511376,0.0093,0.0076,117.132564,0.9611,8
503,546697450,50,36.742005291350,127.119363038283,51.765557160601,0.0099,0.0083,116.217021,0.9611,8
504,546697500,50,36.742004198343,127.119365842804,51.768957399763,0.0099,0.0083,115.838746,0.9611,8
505,546697550,50,36.742003082114,127.119368612720,51.758122394793,0.0099,0.0083,116.598042,0.9611,8
506,546697600,50,36.742001920420,127.119371431761,51.764618107118,0.0099,0.0083,117.113995,0.9611,8
507,546697650,50,36.742000773616,127.119374274038,51.759261618368,0.0099,0.0083,116.626363,0.9611,8
508,546697700,50,36.741999566915,127.119377094721,51.776347049512,0.0091,0.0076,116.626390,0.9611,8
509,546697750,50,36.741998396948,127.119379962017,51.778551845811,0.0091,0.0076,116.885099,0.9611,8
510,546697800,50,36.741997193429,127.119382871831,51.781122380868,0.0091,0.0076,117.199590,0.9611,8
511,546697850,50,36.741995981974,127.119385797881,51.776054233313,0.0092,0.0077,117.223061,0.9611,8
512,546697900,50,36.741994827889,127.119388801389,51.776941345073,0.0092,0.0077,115.521616,0.9611,8
513,546697950,50,36.741993590879,127.119391760074,51.773867515847,0.0093,0.0077,117.451747,0.9611,8
514,546698000,50,36.741992360898,127.119394806742,51.770799150690,0.0093,0.0077,116.639619,0.9611,8
515,546698050,50,36.741991161052,127.119397838035,51.772173908539,0.0093,0.0078,116.188870,0.9611,8
516,546698100,50,36.741989917205,127.119400926599,51.779593640938,0.0093,0.0078,116.583465,0.9611,8
517,546698150,50,36.741988644883,127.119403959464,51.778557705693,0.0093,0.0078,117.531118,0.9611,8
518,546698200,50,36.741987373489,127.119407106030,51.774312565103,0.0092,0.0077,116.659199,0.9611,8
519,546698250,50,36.741986110218,127.119410222541,51.785125399008,0.0092,0.0077,116.732484,0.9611,8
520,546698300,50,36.741984814448,127.119413387351,51.787031564862,0.0092,0.0077,116.963879,0.9611,8
521,546698350,50,36.741983556179,127.119416614774,51.772554920055,0.0092,0.0077,115.846660,0.9611,8
522,546698400,50,36.741982228006,127.119419782055,51.785510357469,0.0091,0.0076,117.521600,0.9611,8
523,546698450,50,36.741980915309,127.119423020543,51.787746467628,0.0091,0.0076,116.732187,0.9611,8
524,546698500,50,36.741979589239,127.119426310379,51.783238421194,0.0091,0.0076,116.603611,0.9611,8
525,546698550,50,36.741978258650,127.119429605646,51.765086445026,0.0091,0.0076,116.643839,0.9611,8
526,546698600,50,36.741976903719,127.119432894106,51.776642184705,0.0091,0.0076,117.110443,0.9611,8
527,546698650,50,36.741975518450,127.119436173250,51.791230500676,0.0092,0.0076,117.695264,0.9611,8
528,546698700,50,36.741974150915,127.119439593791,51.776814368553,0.0087,0.0083,117.695297,0.9611,8
529,546698750,50,36.741972789242,127.119442978237,51.775084663182,0.0087,0.0083,116.561026,0.9611,8
530,546698800,50,36.741971389080,127.119446386131,51.771114403382,0.0087,0.0083,117.044572,0.9611,8
531,546698850,50,36.741970002743,127.119449844461,51.772009409033,0.0087,0.0083,116.477593,0.9611,8
532,546698900,50,36.741968569656,127.119453276150,51.767651483417,0.0087,0.0083,117.424216,0.9611,8
533,546698950,50,36.741967171146,127.119456754808,51.776287314482,0.0087,0.0083,116.543538,0.9611,8
534,546699000,50,36.741965770612,127.119460298271,51.772556647658,0.0087,0.0083,116.155864,0.9611,8
535,546699050,50,36.741964329593,127.119463774703,51.780992283486,0.0087,0.0083,117.250459,0.9611,8
536,546699100,50,36.741962848733,127.119467269135,51.782700184733,0.0087,0.0083,117.769363,0.9611,8
537,546699150,50,36.741961381935,127.119470873650,51.777498302050,0.0087,0.0083,116.822465,0.9611,8
538,546699200,50,36.741959909463,127.119474502883,51.781127533875,0.0087,0.0083,116.753920,0.9611,8
539,546699250,50,36.741958412489,127.119478122746,51.776726380922,0.0087,0.0083,117.196033,0.9611,8
540,546699300,50,36.741956939347,127.119481785932,51.775141902268,0.0087,0.0083,116.550479,0.9611,8
541,546699350,50,36.741955413507,127.119485490540,51.785167113878,0.0087,0.0083,117.101984,0.9611,8
542,546699400,50,36.741953906458,127.119489170724,51.784946979955,0.0087,0.0083,116.967985,0.9611,8
543,546699450,50,36.741952349913,127.119492865971,51.780706498772,0.0087,0.0083,117.627149,0.9611,8
544,546699500,50,36.741950804159,127.119496683251,51.775597435422,0.0087,0.0083,116.709072,0.9611,8
545,546699550,50,36.741949246126,127.119500451903,51.783307667822,0.0087,0.0083,117.188975,0.9611,8
546,546699600,50,36.741947683486,127.119504256173,51.770501234569,0.0087,0.0083,117.038939,0.9611,8
547,546699650,50,36.741946073093,127.119508047971,51.769096662290,0.0103,0.0098,117.820997,0.9611,8
548,546699700,50,36.741944449875,127.119511916430,51.771628017537,0.0087,0.0073,117.821036,0.9611,8
549,546699750,50,36.741942870839,127.119515789819,51.773683491163,0.0087,0.0073,116.863792,0.9611,8
550,546699800,50,36.741941297860,127.119519718588,51.771069485694,0.0087,0.0073,116.449380,0.9611,8
551,546699850,50,36.741939653959,127.119523637680,51.772910636850,0.0087,0.0073,117.528191,0.9611,8
552,546699900,50,36.741938051479,127.119527547931,51.769302747212,0.0087,0.0073,116.985609,0.9611,8
553,546699950,50,36.741936423333,127.119531492908,51.759624420665,0.0087,0.0073,117.149236,1.0770,7
554,546700000,50,36.741934754749,127.119535426384,51.774509465322,0.0087,0.0073,117.792983,0.9614,8
555,546700050,50,36.741933178935,127.119539460685,51.749674551189,0.0088,0.0075,115.889066,0.9614,8
556,546700100,50,36.741931511707,127.119543386457,51.754700671881,0.0088,0.0075,117.820110,0.9614,8
557,546700150,50,36.741929849776,127.119547368560,51.755686596036,0.0088,0.0075,117.409943,0.9614,8
558,546700200,50,36.741928196757,127.119551337037,51.750527733937,0.0088,0.0075,117.364338,0.9614,8
559,546700250,50,36.741926545690,127.119555387197,51.749717230909,0.0088,0.0075,116.863322,0.9614,8
560,546700300,50,36.741924899061,127.119559418304,51.738893465139,0.0088,0.0075,116.910083,0.9614,8
561,546700350,50,36.741923224027,127.119563440742,51.745568893850,0.0088,0.0075,117.357875,0.9614,8
562,546700400,50,36.741921542589,127.119567545337,51.753790606745,0.0089,0.0075,116.976118,0.9614,8
563,546700450,50,36.741919867040,127.119571589517,51.744925569743,0.0089,0.0075,117.239164,1.0771,7
564,546700500,50,36.741918170188,127.119575676747,51.741737182252,0.0089,0.0075,117.286900,1.0771,7
565,546700550,50,36.741916457442,127.119579785861,51.737341559492,0.0089,0.0075,117.379966,0.9615,8
566,546700600,50,36.741914761851,127.119583907348,51.735812717117,0.0089,0.0076,117.075241,0.9615,8
567,546700650,50,36.741913038327,127.119588037931,51.737666605972,0.0089,0.0076,117.404828,0.9615,8
568,546700700,50,36.741911326577,127.119592185905,51.738143212162,0.0089,0.0076,117.146797,0.9615,8
569,546700750,50,36.741909602940,127.119596352871,51.730200362392,0.0089,0.0076,117.201547,1.0771,7
570,546700800,50,36.741907858669,127.119600508701,51.732194217853,0.0089,0.0076,117.542531,0.9615,8
571,546700850,50,36.741906129118,127.119604674321,51.738732504658,0.0089,0.0076,117.288955,0.9615,8
572,546700900,50,36.741904348286,127.119608867656,51.754874704406,0.0081,0.0074,117.289000,0.9615,8
573,546700950,50,36.741902600489,127.119613040372,51.755258048885,0.0081,0.0074,117.494777,0.9615,8
574,546701000,50,36.741900843844,127.119617162813,51.754631564021,0.0081,0.0074,117.899656,0.9615,8
575,546701050,50,36.741899090715,127.119621346983,51.756119497120,0.0081,0.0074,117.501920,0.9615,8
576,546701100,50,36.741897342787,127.119625568248,51.748473859392,0.0081,0.0074,117.225998,0.9615,8
577,546701150,50,36.741895612252,127.119629749629,51.756146616302,0.0081,0.0074,117.214163,0.9615,8
578,546701200,50,36.741893817985,127.119633929022,51.756511894986,0.0081,0.0074,118.077009,0.9615,8
579,546701250,50,36.741892092724,127.119638139410,51.762351066805,0.0081,0.0074,116.982624,1.0771,7
580,546701300,50,36.741890332885,127.119642328631,51.761182927527,0.0081,0.0074,117.563290,1.0771,7
581,546701350,50,36.741888541135,127.119646540952,51.759179228917,0.0081,0.0074,117.857442,1.0771,7
582,546701400,50,36.741886791028,127.119650767298,51.762122460641,0.0081,0.0074,117.226985,0.9616,8
583,546701450,50,36.741885030469,127.119654978948,51.761423012242,0.0081,0.0074,117.447558,0.9616,8
584,546701500,50,36.741883272861,127.119659186069,51.756962891668,0.0084,0.0074,117.433444,0.9616,8
585,546701550,50,36.741881463389,127.119663409308,51.750147953629,0.0085,0.0074,118.029482,0.9616,8
586,546701600,50,36.741879704883,127.119667630692,51.767437522300,0.0085,0.0074,117.366182,1.0772,7
587,546701650,50,36.741877940467,127.119671886650,51.762215777300,0.0085,0.0074,117.254028,0.9617,8
588,546701700,50,36.741876156924,127.119676092147,51.763380968012,0.0085,0.0074,117.787200,1.0772,7
589,546701750,50,36.741874375325,127.119680344284,51.747869667597,0.0092,0.0075,117.501768,1.0772,7
590,546701800,50,36.741872563986,127.119684568888,51.756253671832,0.0092,0.0075,118.046311,1.0741,7
591,546701850,50,36.741870770947,127.119688796518,51.752218399197,0.0092,0.0075,117.788619,0.9617,8
592,546701900,50,36.741868991820,127.119693050400,51.746074850671,0.0092,0.0074,117.459582,0.9617,8
593,546701950,50,36.741867191588,127.119697296711,51.762816645205,0.0092,0.0075,117.779035,0.9617,8
594,546702000,50,36.741865363166,127.119701504713,51.754386113025,0.0092,0.0075,118.364279,0.9617,8
595,546702050,50,36.741863588621,127.119705752390,51.755721011199,0.0092,0.0074,117.433341,0.9617,8
596,546702100,50,36.741861784527,127.119710036823,51.748597390018,0.0092,0.0074,117.618809,1.0772,7
597,546702150,50,36.741859945175,127.119714259491,51.752006159164,0.0093,0.0074,118.423713,1.0772,7
598,546702200,50,36.741858136401,127.119718508233,51.741635809653,0.0091,0.0074,118.423762,1.0772,7
599,546702250,50,36.741856312390,127.119722764786,51.752464589663,0.0091,0.0074,118.032951,0.9617,8
600,546702300,50,36.741854520561,127.119727026908,51.743393254466,0.0091,0.0074,117.581200,0.9617,8
601,546702350,50,36.741852690527,127.119731260722,51.746374448761,0.0091,0.0074,118.239109,0.9617,8
602,546702400,50,36.741850877388,127.119735541984,51.745737238787,0.0091,0.0074,117.754177,0.9617,8
603,546702450,50,36.741849059098,127.119739794527,51.737596955150,0.0091,0.0074,117.980705,0.9617,8
604,546702500,50,36.741847237619,127.119744069761,51.748158252798,0.0091,0.0074,117.896050,0.9617,8
605,546702550,50,36.741845407109,127.119748318700,51.737843893468,0.0092,0.0074,118.160213,0.9617,8
606,546702600,50,36.741843584968,127.119752571010,51.735825270414,0.0092,0.0074,118.032246,0.9617,8
607,546702650,50,36.741841746813,127.119756814418,51.739582000300,0.0092,0.0074,118.290820,0.9617,8
608,546702700,50,36.741839940007,127.119761100201,51.738095667213,0.0091,0.0073,118.290871,0.9617,8
609,546702750,50,36.741838101654,127.119765352914,51.744753533974,0.0091,0.0073,118.241085,0.9617,8
610,546702800,50,36.741836298002,127.119769590329,51.736646279693,0.0091,0.0073,117.873579,0.9617,8
611,546702850,50,36.741834479617,127.119773832634,51.734679410234,0.0091,0.0073,118.039239,0.9617,8
612,546702900,50,36.741832646541,127.119778082924,51.736169159412,0.0091,0.0073,118.186060,0.9617,8
613,546702950,50,36.741830821007,127.119782354531,51.731996876188,0.0091,0.0073,117.968926,0.9617,8
614,546703000,50,36.741829004675,127.119786601353,51.732564819977,0.0091,0.0073,117.987099,1.0773,7
615,546703050,50,36.741827167258,127.119790851511,51.735759400763,0.0091,0.0073,118.243253,0.9618,8
616,546703100,50,36.741825338106,127.119795118723,51.743212625384,0.0091,0.0073,118.040409,0.9618,8
617,546703150,50,36.741823514281,127.119799349198,51.736681009643,0.0091,0.0073,118.176820,0.9618,8
618,546703200,50,36.741821654915,127.119803566952,51.733912934549,0.0091,0.0073,118.712198,0.9618,8
619,546703250,50,36.741819801569,127.119807791239,51.729519322515,0.0091,0.0073,118.596680,0.9618,8
620,546703300,50,36.741818008741,127.119812026030,51.740642150864,0.0091,0.0073,117.745875,0.9618,8
621,546703350,50,36.741816192492,127.119816245458,51.732522624545,0.0091,0.0073,118.139927,0.9618,8
622,546703400,50,36.741814359235,127.119820489182,51.730046563782,0.0091,0.0073,118.225277,0.9618,8
623,546703450,50,36.741812496238,127.119824712578,51.738631719723,0.0091,0.0073,118.727001,0.9618,8
624,546703500,50,36.741810657627,127.119828935316,51.728844230063,0.0091,0.0073,118.413674,0.9618,8
625,546703550,50,36.741808814360,127.119833165043,51.731699591503,0.0091,0.0073,118.434664,0.9618,8
626,546703600,50,36.741806985728,127.119837390093,51.729818141088,0.0090,0.0072,118.434715,0.9618,8
627,546703650,50,36.741805167443,127.119841622153,51.740562910214,0.0090,0.0072,118.095437,0.9618,8
628,546703700,50,36.741803331500,127.119845836266,51.735955479555,0.0090,0.0072,118.427932,0.9618,8
629,546703750,50,36.741801478483,127.119850017179,51.733470333740,0.0090,0.0073,118.841605,0.9618,8
630,546703800,50,36.741799631846,127.119854223681,51.731256962754,0.0090,0.0073,118.610963,0.9618,8
631,546703850,50,36.741797825211,127.119858403941,51.732200263999,0.0090,0.0073,118.235811,0.9618,8
632,546703900,50,36.741796002011,127.119862613519,51.720481771976,0.0090,0.0073,118.286893,0.9618,8
633,546703950,50,36.741794173070,127.119866793084,51.733871733770,0.0090,0.0072,118.533827,0.9618,8
634,546704000,50,36.741792343851,127.119871004237,51.725514896214,0.0090,0.0072,118.356815,0.9618,8
635,546704050,50,36.741790505380,127.119875177692,51.713120137341,0.0090,0.0073,118.694256,0.9618,8
636,546704100,50,36.741788686410,127.119879373268,51.716774243861,0.0090,0.0073,118.311017,0.9618,8
637,546704150,50,36.741786838814,127.119883571183,51.728662824258,0.0090,0.0073,118.672707,0.9618,8
638,546704200,50,36.741785008245,127.119887750785,51.730200530030,0.0090,0.0073,118.555009,0.9618,8
639,546704250,50,36.741783174272,127.119891913369,51.729824005626,0.0090,0.0073,118.698069,0.9618,8
640,546704300,50,36.741781366967,127.119896094072,51.722994935699,0.0090,0.0073,118.242101,0.9618,8
641,546704350,50,36.741779538121,127.119900266101,51.722413738258,0.0090,0.0073,118.575968,0.9618,8
642,546704400,50,36.741777681889,127.119904423576,51.714126355946,0.0090,0.0073,119.019997,0.9618,8
643,546704450,50,36.741775864116,127.119908563387,51.715617506765,0.0090,0.0073,118.616406,0.9618,8
644,546704500,50,36.741774031394,127.119912716367,51.716894870624,0.0090,0.0073,118.737348,0.9618,8
645,546704550,50,36.741772206141,127.119916868179,51.718804571778,0.0090,0.0073,118.645603,0.9618,8
646,546704600,50,36.741770422712,127.119921056027,51.708548092283,0.0088,0.0072,118.645655,0.9618,8
647,546704650,50,36.741768682141,127.119925276217,51.710900233127,0.0088,0.0072,117.133704,0.9618,8
648,546704700,50,36.741766904984,127.119929454352,51.707384790294,0.0088,0.0072,117.856752,0.9618,8
649,546704750,50,36.741765165959,127.119933615385,51.713350117207,0.0088,0.0072,117.442501,0.9618,8
650,546704800,50,36.741763438527,127.119937842568,51.715275841765,0.0088,0.0072,116.919562,0.9618,8
651,546704850,50,36.741761733046,127.119942086260,51.713095233776,0.0088,0.0072,116.535515,0.9618,8
652,546704900,50,36.741760038519,127.119946281345,51.705032397062,0.0088,0.0072,116.651948,0.9618,8
653,546704950,50,36.741758330875,127.119950476474,51.711303723045,0.0088,0.0072,116.829220,0.9618,8
654,546705000,50,36.741756658786,127.119954731807,51.706189742312,0.0088,0.0072,116.023449,0.9618,8
655,546705050,50,36.741754993026,127.119958900109,51.708808470517,0.0088,0.0072,116.406545,0.9618,8
656,546705100,50,36.741753357827,127.119963160278,51.708748703822,0.0088,0.0072,115.497662,0.9618,8
657,546705150,50,36.741751714431,127.119967391250,51.706273917109,0.0088,0.0072,115.763063,0.9618,8
658,546705200,50,36.741750083070,127.119971620332,51.707295831293,0.0088,0.0072,115.608571,0.9618,8
659,546705250,50,36.741748473710,127.119975850767,51.696646444499,0.0088,0.0072,115.299540,0.9618,8
660,546705300,50,36.741746792827,127.119980046538,51.700472106226,0.0088,0.0072,116.462936,0.9618,8
661,546705350,50,36.741745177409,127.119984296497,51.700316630304,0.0088,0.0072,115.280786,0.9618,8
662,546705400,50,36.741743511578,127.119988515278,51.701003877446,0.0088,0.0072,116.133752,0.9618,8
663,546705450,50,36.741741880053,127.119992710913,51.699439066462,0.0088,0.0072,115.788564,0.9618,8
664,546705500,50,36.741740202970,127.119996848316,51.702983438037,0.0088,0.0072,116.732337,0.9618,8
665,546705550,50,36.741738528166,127.120001034833,51.698038832285,0.0089,0.0072,116.430585,0.9618,8
666,546705600,50,36.741736843955,127.120005192040,51.694407193922,0.0089,0.0072,116.720032,0.9618,8
667,546705650,50,36.741735108351,127.120009333501,51.696795644239,0.0089,0.0072,117.506838,0.9618,8
668,546705700,50,36.741733404782,127.120013438393,51.688863612711,0.0089,0.0073,117.278390,0.9618,8
669,546705750,50,36.741731660683,127.120017575208,51.692190901376,0.0089,0.0073,117.648020,0.9618,8
670,546705800,50,36.741729871983,127.120021693295,51.705981180072,0.0080,0.0071,117.648070,0.9618,8
671,546705850,50,36.741728080147,127.120025790022,51.705625882372,0.0080,0.0071,118.522338,0.9618,8
672,546705900,50,36.741726295234,127.120029833139,51.704000191763,0.0080,0.0071,118.746487,0.9618,8
673,546705950,50,36.741724476894,127.120033885410,51.703490997665,0.0080,0.0071,119.141821,0.9618,8
674,546706000,50,36.741722670762,127.120037906193,51.706080795266,0.0080,0.0071,119.167785,0.9618,8
675,546706050,50,36.741720774421,127.120041927393,51.708471449092,0.0080,0.0071,120.368566,0.9618,8
676,546706100,50,36.741718964280,127.120045905703,51.712840814143,0.0080,0.0071,119.481810,0.9618,8
677,546706150,50,36.741717072768,127.120049899210,51.704787285998,0.0080,0.0071,120.477664,0.9618,8
678,546706200,50,36.741715192620,127.120053905235,51.702490365133,0.0080,0.0071,120.248867,0.9618,8
679,546706250,50,36.741713305916,127.120057893432,51.710218177177,0.0081,0.0071,120.447253,0.9618,8
680,546706300,50,36.741711446545,127.120061928472,51.708731639199,0.0081,0.0071,119.793935,0.9618,8
681,546706350,50,36.741709564529,127.120065859986,51.703849289566,0.0081,0.0071,120.744124,0.9618,8
682,546706400,50,36.741707688450,127.120069851679,51.703314899467,0.0081,0.0072,120.284199,0.9618,8
683,546706450,50,36.741705786420,127.120073791836,51.699927743524,0.0081,0.0072,120.955546,0.9618,8
684,546706500,50,36.741703936375,127.120077770213,51.695037135854,0.0081,0.0072,120.019617,0.9618,8
685,546706550,50,36.741702116250,127.120081742249,51.702405218966,0.0081,0.0072,119.655865,0.9618,8
686,546706600,50,36.741700236178,127.120085704764,51.692905281670,0.0081,0.0072,120.520845,0.9618,8
687,546706650,50,36.741698424138,127.120089644501,51.696887942031,0.0081,0.0072,119.747412,0.9618,8
688,546706700,50,36.741696559122,127.120093626171,51.689034258015,0.0081,0.0072,120.199425,1.0777,7
689,546706750,50,36.741694757414,127.120097600073,51.694420577027,0.0081,0.0072,119.394449,1.0777,7
690,546706800,50,36.741692991039,127.120101619302,51.696790788323,0.0081,0.0072,118.637509,1.0777,7
691,546706850,50,36.741691227840,127.120105624523,51.699096870609,0.0081,0.0072,118.678281,0.9623,8
692,546706900,50,36.741689450464,127.120109639829,51.696518914774,0.0081,0.0072,118.811009,0.9623,8
693,546706950,50,36.741687703610,127.120113670637,51.692819506861,0.0081,0.0072,118.301604,0.9623,8
694,546707000,50,36.741685962543,127.120117680468,51.689853101037,0.0081,0.0072,118.347064,0.9623,8
695,546707050,50,36.741684236575,127.120121708420,51.683952409774,0.0081,0.0072,118.031716,0.9623,8
696,546707100,50,36.741682546769,127.120125764332,51.683935263194,0.0081,0.0071,118.031766,0.9623,8
697,546707150,50,36.741680894520,127.120129810504,51.694318505004,0.0081,0.0071,116.902543,0.9623,8
698,546707200,50,36.741679177105,127.120133844698,51.694281090051,0.0081,0.0071,117.877158,0.9623,8
699,546707250,50,36.741677503304,127.120137881284,51.693958835676,0.0081,0.0071,117.258600,0.9623,8
700,546707300,50,36.741675822258,127.120141881657,51.692735753022,0.0081,0.0072,117.570772,0.9623,8
701,546707350,50,36.741674173108,127.120145936543,51.697880390100,0.0081,0.0072,116.809509,0.9623,8
702,546707400,50,36.741672498709,127.120149922355,51.692691806704,0.0081,0.0072,117.563360,0.9623,8
703,546707450,50,36.741670825694,127.120153950345,51.697426933795,0.0081,0.0072,117.297374,0.9623,8
704,546707500,50,36.741669090248,127.120157927651,51.690359643660,0.0081,0.0072,118.464807,0.9623,8
705,546707550,50,36.741667414043,127.120161930766,51.696727527305,0.0081,0.0072,117.486955,0.9623,8
706,546707600,50,36.741665705577,127.120165932002,51.693575712852,0.0081,0.0072,117.947734,0.9623,8
707,546707650,50,36.741663996564,127.120169875052,51.695219348185,0.0081,0.0072,118.304293,0.9623,8
708,546707700,50,36.741662278280,127.120173822546,51.700005170889,0.0080,0.0071,118.304341,0.9623,8
709,546707750,50,36.741660538996,127.120177778759,51.697194619104,0.0080,0.0071,118.645897,0.9623,8
710,546707800,50,36.741658768089,127.120181683822,51.693222896196,0.0080,0.0071,119.400159,0.9623,8
711,546707850,50,36.741657010549,127.120185614347,51.688594994135,0.0080,0.0071,119.056494,0.9623,8
712,546707900,50,36.741655220499,127.120189496699,51.685918565840,0.0080,0.0071,119.808268,0.9623,8
713,546707950,50,36.741653399210,127.120193354845,51.689855650067,0.0080,0.0071,120.393858,0.9623,8
714,546708000,50,36.741651582050,127.120197214317,51.691725017503,0.0080,0.0071,120.328541,0.9623,8
715,546708050,50,36.741649722244,127.120201079360,51.692907205783,0.0080,0.0071,120.874685,0.9623,8
716,546708100,50,36.741647877745,127.120204898055,51.697007545270,0.0080,0.0071,120.970652,0.9623,8
717,546708150,50,36.741646026822,127.120208707550,51.701263227500,0.0080,0.0072,121.119730,0.9623,8
718,546708200,50,36.741644143789,127.120212496893,51.691973855719,0.0081,0.0072,121.693166,0.9623,8
719,546708250,50,36.741642244909,127.120216276973,51.686843210831,0.0081,0.0072,121.971170,0.9623,8
720,546708300,50,36.741640383721,127.120220088372,51.691118152812,0.0081,0.0072,121.247401,0.9623,8
721,546708350,50,36.741638458242,127.120223876742,51.691538335755,0.0081,0.0072,122.273547,0.9623,8
722,546708400,50,36.741636561456,127.120227620642,51.690626405180,0.0081,0.0072,122.190679,0.9623,8
723,546708450,50,36.741634649337,127.120231402721,51.696346585639,0.0081,0.0072,122.136585,0.9623,8
724,546708500,50,36.741632752624,127.120235175173,51.690315860324,0.0081,0.0072,121.993754,0.9623,8
725,546708550,50,36.741630894362,127.120238915429,51.689635050483,0.0081,0.0072,121.687929,0.9623,8
726,546708600,50,36.741628967404,127.120242647166,51.693661480211,0.0081,0.0072,122.684390,0.9623,8
727,546708650,50,36.741627105232,127.120246425458,51.693778854795,0.0081,0.0072,121.483009,0.9623,8
728,546708700,50,36.741625238541,127.120250251547,51.689929847606,0.0080,0.0071,121.483056,0.9623,8
729,546708750,50,36.741623397201,127.120254047080,51.693517395295,0.0080,0.0071,121.081255,0.9623,8
730,546708800,50,36.741621540809,127.120257844947,51.693442668766,0.0080,0.0071,121.272245,0.9623,8
731,546708850,50,36.741619712907,127.120261599401,51.690796590410,0.0080,0.0071,121.171431,0.9623,8
732,546708900,50,36.741617933026,127.120265409833,51.694296270609,0.0080,0.0071,120.130628,0.9623,8
733,546708950,50,36.741616102823,127.120269174203,51.693314835429,0.0080,0.0071,121.136439,0.9623,8
734,546709000,50,36.741614343535,127.120272985892,51.695027320646,0.0080,0.0071,119.833834,0.9623,8
735,546709050,50,36.741612585775,127.120276841045,51.701714272611,0.0080,0.0071,119.532911,0.9623,8
736,546709100,50,36.741610806548,127.120280634010,51.697320408188,0.0081,0.0072,120.235880,0.9623,8
737,546709150,50,36.741609056037,127.120284481283,51.692411432043,0.0081,0.0072,119.481680,0.9623,8
738,546709200,50,36.741607350238,127.120288347260,51.696099940687,0.0081,0.0072,118.733529,0.9623,8
739,546709250,50,36.741605656149,127.120292198346,51.697640619241,0.0081,0.0072,118.660417,0.9623,8
740,546709300,50,36.741603930218,127.120296053944,51.700020972639,0.0081,0.0072,119.083185,0.9623,8
741,546709350,50,36.741602181417,127.120299840347,51.698032009415,0.0081,0.0072,119.850553,0.9623,8
742,546709400,50,36.741600460184,127.120303698804,51.702923576348,0.0081,0.0072,118.998878,0.9623,8
743,546709450,50,36.741598781557,127.120307509309,51.704243991524,0.0081,0.0072,118.694778,0.9623,8
744,546709500,50,36.741597049265,127.120311305684,51.703324309550,0.0081,0.0072,119.551804,0.9623,8
745,546709550,50,36.741595327787,127.120315125727,51.701394081116,0.0081,0.0072,119.246049,0.9623,8
746,546709600,50,36.741593626392,127.120318953165,51.706463814713,0.0081,0.0072,118.913407,0.9623,8
747,546709650,50,36.741591912298,127.120322764197,51.699933343567,0.0081,0.0072,119.198781,0.9623,8
748,546709700,50,36.741590154468,127.120326552300,51.692062256858,0.0081,0.0072,119.966945,0.9623,8
749,546709750,50,36.741588386021,127.120330357815,51.699311369099,0.0079,0.0071,119.966990,0.9623,8
750,546709800,50,36.741586610595,127.120334147743,51.699506429024,0.0079,0.0071,120.202555,0.9623,8
751,546709850,50,36.741584829216,127.120337930884,51.703640611842,0.0079,0.0071,120.330744,0.9623,8
752,546709900,50,36.741583028477,127.120341701607,51.705279050395,0.0079,0.0071,120.684008,0.9623,8
753,546709950,50,36.741581214182,127.120345462201,51.699166268110,0.0079,0.0071,120.940845,0.9623,8
754,546710000,50,36.741579402234,127.120349180814,51.697311002761,0.0080,0.0071,121.192366,0.9623,8
755,546710050,50,36.741577581509,127.120352907737,51.698019522242,0.0081,0.0071,121.258415,0.9623,8
756,546710100,50,36.741575690635,127.120356589732,51.702168062329,0.0081,0.0071,122.541745,0.9623,8
757,546710150,50,36.741573802615,127.120360319164,51.697892589495,0.0081,0.0072,122.171033,0.9623,8
758,546710200,50,36.741571923264,127.120364022740,51.707388144918,0.0081,0.0072,122.231869,0.9623,8
759,546710250,50,36.741569992438,127.120367700728,51.700123320334,0.0081,0.0072,123.115883,0.9623,8
760,546710300,50,36.741568089132,127.120371356454,51.697022147477,0.0081,0.0072,122.899039,0.9623,8
761,546710350,50,36.741566138841,127.120374979563,51.691572906449,0.0081,0.0072,123.776279,0.9623,8
762,546710400,50,36.741564212518,127.120378671674,51.697825754061,0.0081,0.0072,122.954380,0.9623,8
763,546710450,50,36.741562260186,127.120382333061,51.698012311943,0.0081,0.0072,123.526161,0.9623,8
764,546710500,50,36.741560299961,127.120385988016,51.701453745365,0.0081,0.0072,123.679153,0.9623,8
765,546710550,50,36.741558362585,127.120389647669,51.698735527694,0.0081,0.0072,123.336055,0.9623,8
766,546710600,50,36.741556404285,127.120393297205,51.695126831532,0.0081,0.0072,123.692405,0.9623,8
767,546710650,50,36.741554463338,127.120396943088,51.691398558207,0.0081,0.0072,123.483807,1.0782,7
768,546710700,50,36.741552524783,127.120400635245,51.694576825947,0.0081,0.0072,123.119800,1.0782,7
769,546710750,50,36.741550524674,127.120404312477,51.696693627164,0.0081,0.0072,124.052041,1.0782,7
770,546710800,50,36.741548593088,127.120408012973,51.699117811397,0.0082,0.0072,122.966384,1.0782,7
771,546710850,50,36.741546673036,127.120411691503,51.698822923005,0.0082,0.0072,122.965450,1.0782,7
772,546710900,50,36.741544753132,127.120415422886,51.696540550329,0.0081,0.0071,122.965495,1.0782,7
773,546710950,50,36.741542818136,127.120419166980,51.695343017578,0.0081,0.0071,122.706709,1.0782,7
774,546711000,50,36.741540905846,127.120422899957,51.696503481828,0.0081,0.0071,122.477114,1.0782,7
775,546711050,50,36.741539022239,127.120426680045,51.698653124273,0.0081,0.0071,121.763613,1.0782,7
776,546711100,50,36.741537122840,127.120430426079,51.700461440720,0.0081,0.0072,122.211504,1.0782,7
777,546711150,50,36.741535256114,127.120434231377,51.696093297563,0.0081,0.0072,121.363705,1.0782,7
778,546711200,50,36.741533414821,127.120438033270,51.701022647321,0.0081,0.0072,121.038158,1.0782,7
779,546711250,50,36.741531540655,127.120441897577,51.700425470248,0.0081,0.0072,121.073921,1.0782,7
780,546711300,50,36.741529681053,127.120445741087,51.699383239262,0.0081,0.0072,121.013036,1.0782,7
781,546711350,50,36.741527827826,127.120449599471,51.701499540359,0.0081,0.0072,120.828739,1.0782,7
782,546711400,50,36.741525986481,127.120453488007,51.697647640482,0.0081,0.0072,120.471511,1.0782,7
783,546711450,50,36.741524147007,127.120457355088,51.702452311292,0.0081,0.0072,120.584711,1.0782,7
784,546711500,50,36.741522291684,127.120461274006,51.696617733687,0.0081,0.0072,120.465987,1.0782,7
785,546711550,50,36.741520434290,127.120465160394,51.698284815997,0.0081,0.0072,120.703171,1.0782,7
786,546711600,50,36.741518549925,127.120469059023,51.699509769678,0.0081,0.0072,120.987454,1.0782,7
787,546711650,50,36.741516695301,127.120472963418,51.697364381514,0.0081,0.0072,120.549574,1.0782,7
788,546711700,50,36.741514782475,127.120476875562,51.694360116497,0.0081,0.0072,121.279815,1.0782,7
789,546711750,50,36.741512905051,127.120480800803,51.699431427754,0.0081,0.0072,120.722750,1.0782,7
790,546711800,50,36.741510980183,127.120484708863,51.694833139889,0.0081,0.0072,121.466244,0.9630,8
791,546711850,50,36.741509066900,127.120488599347,51.700050885789,0.0081,0.0072,121.427241,0.9630,8
792,546711900,50,36.741507106903,127.120492503430,51.701505049132,0.0081,0.0072,121.955674,0.9630,8
793,546711950,50,36.741505132424,127.120496412500,51.701383011416,0.0081,0.0072,122.112432,0.9630,8
794,546712000,50,36.741503170429,127.120500280387,51.701643168926,0.0081,0.0072,122.222148,0.9630,8
795,546712050,50,36.741501169561,127.120504188874,51.697737184353,0.0081,0.0072,122.459797,0.9630,8
796,546712100,50,36.741499134869,127.120508084810,51.702722071670,0.0082,0.0072,122.980372,0.9630,8
797,546712150,50,36.741497077664,127.120511960133,51.699836734682,0.0082,0.0072,123.408465,0.9630,8
798,546712200,50,36.741494977036,127.120515823975,51.702781065367,0.0081,0.0072,123.408510,0.9630,8
799,546712250,50,36.741492913021,127.120519676795,51.702056132257,0.0081,0.0072,123.649337,0.9630,8
800,546712300,50,36.741490792462,127.120523569774,51.703397311270,0.0081,0.0072,124.090955,0.9630,8
801,546712350,50,36.741488654584,127.120527426778,51.700813783333,0.0081,0.0072,124.555680,0.9630,8
802,546712400,50,36.741486515498,127.120531263726,51.697014612146,0.0081,0.0072,124.710484,0.9630,8
803,546712450,50,36.741484354142,127.120535109455,51.695847410709,0.0081,0.0072,124.927274,0.9630,8
804,546712500,50,36.741482176243,127.120538955336,51.693338122219,0.0081,0.0072,125.131531,0.9630,8
805,546712550,50,36.741480009882,127.120542797732,51.700995551422,0.0081,0.0072,125.012832,0.9630,8
806,546712600,50,36.741477813288,127.120546634251,51.699782123789,0.0081,0.0072,125.428275,0.9630,8
807,546712650,50,36.741475635701,127.120550458991,51.693373843096,0.0081,0.0072,125.276433,0.9630,8
808,546712700,50,36.741473430399,127.120554344862,51.693860089406,0.0080,0.0071,125.276479,0.9630,8
809,546712750,50,36.741471243271,127.120558197418,51.693820072338,0.0080,0.0071,125.198858,0.9630,8
810,546712800,50,36.741469044043,127.120562039075,51.698242325336,0.0080,0.0071,125.424520,0.9630,8
811,546712850,50,36.741466860861,127.120565934512,51.690755959600,0.0080,0.0071,124.852144,0.9630,8
812,546712900,50,36.741464713194,127.120569853143,51.688291441649,0.0080,0.0071,124.254315,0.9630,8
813,546712950,50,36.741462530145,127.120573744587,51.695518986322,0.0080,0.0071,124.878064,0.9630,8
814,546713000,50,36.741460363293,127.120577673150,51.696493261494,0.0080,0.0071,124.424077,0.9630,8
815,546713050,50,36.741458199799,127.120581620979,51.692217365839,0.0080,0.0071,124.252142,0.9630,8
816,546713100,50,36.741456072596,127.120585548946,51.693331420422,0.0081,0.0071,123.936357,0.9630,8
817,546713150,50,36.741453929390,127.120589557998,51.697282969952,0.0081,0.0071,123.593840,0.9630,8
818,546713200,50,36.741451822944,127.120593550368,51.699544033036,0.0081,0.0072,123.247999,0.9630,8
819,546713250,50,36.741449705109,127.120597549797,51.693983268924,0.0081,0.0072,123.343288,0.9630,8
820,546713300,50,36.741447654878,127.120601545456,51.690780344419,0.0081,0.0072,122.519866,0.9630,8
821,546713350,50,36.741445558821,127.120605587191,51.685923545621,0.0081,0.0072,122.796817,0.9630,8
822,546713400,50,36.741443467006,127.120609615473,51.693432948552,0.0081,0.0072,122.830940,0.9630,8
823,546713450,50,36.741441429564,127.120613636876,51.697499079630,0.0081,0.0072,122.191418,0.9630,8
824,546713500,50,36.741439375693,127.120617707743,51.697183531709,0.0081,0.0072,122.083168,0.9630,8
825,546713550,50,36.741437327959,127.120621766293,51.687176195905,0.0081,0.0072,122.084147,0.9630,8
826,546713600,50,36.741435286244,127.120625817883,51.695102923550,0.0081,0.0072,122.052505,0.9630,8
827,546713650,50,36.741433225904,127.120629916732,51.694516655989,0.0081,0.0072,121.987684,0.9630,8
828,546713700,50,36.741431167726,127.120633938659,51.697312524542,0.0080,0.0071,121.987731,0.9630,8
829,546713750,50,36.741429115413,127.120638002904,51.695272272453,0.0080,0.0071,122.105611,0.9630,8
830,546713800,50,36.741427035358,127.120642039502,51.690821158700,0.0080,0.0071,122.630301,0.9630,8
831,546713850,50,36.741424935612,127.120646064695,51.698426890187,0.0080,0.0071,122.949883,0.9630,8
832,546713900,50,36.741422824676,127.120650129315,51.696583624929,0.0080,0.0071,122.834069,0.9630,8
833,546713950,50,36.741420736727,127.120654114477,51.693858651444,0.0080,0.0071,123.064019,0.9630,8
834,546714000,50,36.741418626632,127.120658145050,51.695271199569,0.0080,0.0071,123.043580,0.9630,8
835,546714050,50,36.741416511164,127.120662163885,51.696996217594,0.0081,0.0071,123.186706,0.9630,8
836,546714100,50,36.741414323659,127.120666143201,51.694265359081,0.0081,0.0072,124.334606,0.9630,8
837,546714150,50,36.741412098256,127.120670074287,51.692389040254,0.0081,0.0072,125.122479,0.9630,8
838,546714200,50,36.741409904905,127.120674027566,51.691726956517,0.0081,0.0072,124.581409,0.9630,8
839,546714250,50,36.741407697231,127.120677965143,51.694432320073,0.0081,0.0072,124.862755,0.9630,8
840,546714300,50,36.741405506494,127.120681914896,51.698607091792,0.0081,0.0072,124.573375,0.9630,8
841,546714350,50,36.741403234094,127.120685779752,51.695122659206,0.0081,0.0072,126.150398,0.9630,8
842,546714400,50,36.741400968617,127.120689698692,51.699318024330,0.0081,0.0072,125.689042,0.9630,8
843,546714450,50,36.741398731691,127.120693543965,51.687709810212,0.0082,0.0072,125.860093,0.9630,8
844,546714500,50,36.741396456591,127.120697402786,51.693378235213,0.0082,0.0072,126.225473,0.9630,8
845,546714550,50,36.741394073271,127.120701211326,51.693230339326,0.0104,0.0091,127.866865,0.9630,8
846,546714600,50,36.741391784265,127.120705036260,51.691892015748,0.0082,0.0072,126.633741,0.9630,8
847,546714650,50,36.741389517734,127.120708914492,51.692615089007,0.0082,0.0072,125.985650,0.9630,8
848,546714700,50,36.741387246816,127.120712764205,51.696052305400,0.0081,0.0072,125.985698,0.9630,8
849,546714750,50,36.741384960575,127.120716596879,51.691841213964,0.0081,0.0072,126.545200,0.9630,8
850,546714800,50,36.741382565298,127.120720352303,51.679929559119,0.0082,0.0072,128.396992,0.9630,8
851,546714850,50,36.741380253666,127.120724134603,51.675679931417,0.0082,0.0072,127.212853,0.9630,8
852,546714900,50,36.741378007737,127.120727966007,51.679823721759,0.0082,0.0072,126.067918,0.9630,8
853,546714950,50,36.741375705726,127.120731814913,51.682030872442,0.0082,0.0072,126.617786,0.9630,8
854,546715000,50,36.741373448441,127.120735643745,51.687546782196,0.0082,0.0072,126.223865,0.9630,8
855,546715050,50,36.741371158877,127.120739507418,51.680007023737,0.0082,0.0072,126.364373,0.9630,8
856,546715100,50,36.741368851357,127.120743306189,51.680637666956,0.0082,0.0072,127.043942,0.9630,8
857,546715150,50,36.741366659444,127.120747167573,51.681200594641,0.0082,0.0072,125.196005,0.9630,8
858,546715200,50,36.741364460014,127.120751022031,51.680293808691,0.0082,0.0072,125.336979,0.9630,8
859,546715250,50,36.741362226653,127.120754902367,51.684673217125,0.0082,0.0072,125.570268,0.9630,8
860,546715300,50,36.741360045752,127.120758759993,51.682528650388,0.0082,0.0072,125.086434,0.9630,8
861,546715350,50,36.741357851763,127.120762663996,51.676509140059,0.0083,0.0072,124.925774,0.9630,8
862,546715400,50,36.741355694399,127.120766535744,51.678783556446,0.0083,0.0072,124.696495,0.9630,8
863,546715450,50,36.741353551487,127.120770451427,51.678948309273,0.0083,0.0073,124.215227,0.9630,8
864,546715500,50,36.741351444344,127.120774329434,51.679236114025,0.0083,0.0073,124.024616,0.9630,8
865,546715550,50,36.741349297430,127.120778257603,51.682366517372,0.0083,0.0073,124.180123,0.9630,8
866,546715600,50,36.741347209644,127.120782190885,51.680355189368,0.0083,0.0073,123.406091,0.9630,8
867,546715650,50,36.741345082062,127.120786111513,51.683806955814,0.0083,0.0073,123.990664,0.9630,8
868,546715700,50,36.741342956544,127.120790049511,51.680106682703,0.0083,0.0073,123.847630,0.9630,8
869,546715750,50,36.741340828349,127.120793913636,51.686770100147,0.0083,0.0073,124.384937,0.9630,8
870,546715800,50,36.741338761435,127.120797865841,51.679640973918,0.0083,0.0073,123.016250,0.9630,8
871,546715850,50,36.741336693384,127.120801751062,51.678458664566,0.0083,0.0073,123.479761,0.9630,8
872,546715900,50,36.741334558380,127.120805644837,51.682737668976,0.0080,0.0071,123.479807,0.9630,8
873,546715950,50,36.741332446948,127.120809535855,51.686500423588,0.0080,0.0071,123.989675,0.9630,8
874,546716000,50,36.741330297186,127.120813406564,51.674918227829,0.0080,0.0071,124.609088,0.9630,8
875,546716050,50,36.741328162052,127.120817223568,51.679235071875,0.0080,0.0071,124.800678,0.9630,8
876,546716100,50,36.741325993602,127.120821098562,51.673567711376,0.0081,0.0071,124.811555,0.9630,8
877,546716150,50,36.741323808255,127.120824881494,51.675945645198,0.0081,0.0071,125.670341,0.9630,8
878,546716200,50,36.741321611755,127.120828681116,51.677686368115,0.0081,0.0071,125.689019,0.9630,8
879,546716250,50,36.741319393199,127.120832458771,51.676301045343,0.0081,0.0071,126.118738,0.9630,8
880,546716300,50,36.741317202932,127.120836171716,51.678508724086,0.0080,0.0071,126.240098,0.9630,8
881,546716350,50,36.741314926479,127.120839914648,51.672849296592,0.0081,0.0071,127.078448,0.9630,8
882,546716400,50,36.741312696131,127.120843651959,51.672940027900,0.0081,0.0071,126.557341,0.9630,8
883,546716450,50,36.741310377145,127.120847314068,51.675458443351,0.0081,0.0072,128.196103,0.9630,8
884,546716500,50,36.741308119470,127.120850993182,51.677205828018,0.0081,0.0072,127.324403,0.9630,8
885,546716550,50,36.741305807297,127.120854645050,51.679397280328,0.0081,0.0072,128.192149,0.9630,8
886,546716600,50,36.741303450046,127.120858243017,51.667463659309,0.0081,0.0072,129.147420,0.9630,8
887,546716650,50,36.741301182845,127.120861917212,51.672398728319,0.0081,0.0072,127.477790,0.9630,8
888,546716700,50,36.741298897795,127.120865540801,51.675112626515,0.0081,0.0072,128.080103,0.9630,8
889,546716750,50,36.741296541050,127.120869150085,51.669483531266,0.0081,0.0072,129.053316,0.9630,8
890,546716800,50,36.741294175116,127.120872744774,51.665858715773,0.0081,0.0072,129.276177,0.9630,8
891,546716850,50,36.741291879022,127.120876371226,51.664832183160,0.0081,0.0072,128.192293,0.9630,8
892,546716900,50,36.741289551050,127.120879987208,51.661574433558,0.0081,0.0072,128.657574,0.9630,8
893,546716950,50,36.741287254073,127.120883594090,51.670824687928,0.0081,0.0072,128.353751,0.9630,8
894,546717000,50,36.741284917986,127.120887190073,51.671988829970,0.0073,0.0067,128.353797,0.9630,8
895,546717050,50,36.741282680810,127.120890833141,51.677474774420,0.0073,0.0067,127.344434,0.9630,8
896,546717100,50,36.741280328807,127.120894415061,51.670848079957,0.0073,0.0067,129.210332,0.9630,8
897,546717150,50,36.741278039931,127.120898062997,51.668387326412,0.0074,0.0067,127.940459,0.9630,8
898,546717200,50,36.741275784462,127.120901734547,51.660397985019,0.0074,0.0067,127.354261,0.9630,8
899,546717250,50,36.741273528425,127.120905392767,51.657476983964,0.0074,0.0068,127.461780,0.9630,8
900,546717300,50,36.741271299421,127.120909069293,51.659706519917,0.0074,0.0068,126.991319,0.9630,8
901,546717350,50,36.741269119870,127.120912774821,51.666333798319,0.0074,0.0068,126.160739,0.9630,8
902,546717400,50,36.741266954739,127.120916465034,51.666219550185,0.0074,0.0068,126.092626,0.9630,8
903,546717450,50,36.741264719837,127.120920125691,51.661315166391,0.0074,0.0068,127.183360,0.9630,8
904,546717500,50,36.741262526106,127.120923844293,51.654734458774,0.0074,0.0068,126.241658,0.9630,8
905,546717550,50,36.741260413389,127.120927535425,51.659515357576,0.0074,0.0068,125.420052,0.9630,8
906,546717600,50,36.741258251704,127.120931255486,51.659105541185,0.0074,0.0068,125.829837,0.9630,8
907,546717650,50,36.741256068708,127.120934963815,51.652299309149,0.0075,0.0068,126.183217,0.9630,8
908,546717700,50,36.741253981168,127.120938716694,51.650350095704,0.0074,0.0067,126.183261,0.9630,8
909,546717750,50,36.741251811056,127.120942430871,51.648584878072,0.0074,0.0067,125.978852,0.9630,8
910,546717800,50,36.741249740134,127.120946189065,51.657017073594,0.0074,0.0067,124.398742,0.9630,8
911,546717850,50,36.741247609179,127.120949875672,51.648193173110,0.0074,0.0068,125.686297,0.9630,8
912,546717900,50,36.741245506254,127.120953570053,51.655851132236,0.0074,0.0068,125.270702,0.9630,8
913,546717950,50,36.741243285548,127.120957234316,51.643649601378,0.0074,0.0068,126.980606,0.9630,8
914,546718000,50,36.741241173892,127.120960926763,51.648218981922,0.0074,0.0068,125.396844,0.9630,8
915,546718050,50,36.741239039678,127.120964643554,51.647992228158,0.0074,0.0068,125.506611,0.9630,8
916,546718100,50,36.741236890523,127.120968284563,51.647881782614,0.0074,0.0068,126.256901,0.9630,8
917,546718150,50,36.741234685731,127.120971904829,51.649002037011,0.0074,0.0068,127.115258,0.9630,8
918,546718200,50,36.741232526231,127.120975572561,51.659160564654,0.0074,0.0068,126.188321,0.9630,8
919,546718250,50,36.741230294775,127.120979195312,51.654638197273,0.0074,0.0068,127.428235,0.9630,8
920,546718300,50,36.741228095263,127.120982797730,51.649781058542,0.0075,0.0068,127.185430,0.9630,8
921,546718350,50,36.741225873499,127.120986373257,51.646763714962,0.0075,0.0068,127.670977,0.9630,8
922,546718400,50,36.741223643101,127.120989917545,51.651151653379,0.0075,0.0068,128.022235,0.9630,8
923,546718450,50,36.741221360220,127.120993445783,51.646111175418,0.0075,0.0068,128.797545,0.9630,8
924,546718500,50,36.741219110142,127.120996959681,51.649062996730,0.0075,0.0068,128.506877,0.9630,8
925,546718550,50,36.741216835056,127.121000471946,51.649378874339,0.0075,0.0068,128.828806,0.9630,8
926,546718600,50,36.741214515333,127.121003948496,51.648487934843,0.0075,0.0068,129.661110,0.9630,8
927,546718650,50,36.741212232307,127.121007431190,51.643005426042,0.0075,0.0068,129.163342,0.9630,8
928,546718700,50,36.741209861991,127.121010902086,51.653344725259,0.0075,0.0068,130.315663,0.9630,8
929,546718750,50,36.741207542196,127.121014306938,51.658465224318,0.0074,0.0068,130.315707,0.9630,8
930,546718800,50,36.741205227746,127.121017775753,51.654655770399,0.0074,0.0067,129.659793,0.9630,8
931,546718850,50,36.741202895746,127.121021205104,51.651926960796,0.0074,0.0068,130.195470,0.9630,8
932,546718900,50,36.741200584656,127.121024683176,51.652451492846,0.0074,0.0068,129.543900,0.9630,8
933,546718950,50,36.741198224601,127.121028098035,51.652202967554,0.0074,0.0068,130.653464,0.9630,8
934,546719000,50,36.741195879548,127.121031523029,51.642683420330,0.0074,0.0068,130.389134,0.9630,8
935,546719050,50,36.741193575941,127.121034988737,51.639106548391,0.0074,0.0068,129.552840,0.9630,8
936,546719100,50,36.741191286539,127.121038432655,51.647252488881,0.0074,0.0068,129.556250,0.9630,8
937,546719150,50,36.741188952425,127.121041859468,51.646094458178,0.0074,0.0068,130.241971,0.9630,8
938,546719200,50,36.741186622388,127.121045294632,51.647507783957,0.0074,0.0068,130.123837,0.9630,8
939,546719250,50,36.741184299200,127.121048694586,51.637037858367,0.0074,0.0068,130.331735,0.9630,8
940,546719300,50,36.741182055809,127.121052147504,51.637075918727,0.0074,0.0068,128.913134,0.9630,8
941,546719350,50,36.741179783839,127.121055633617,51.637927801348,0.0074,0.0068,128.999703,0.9630,8
942,546719400,50,36.741177560315,127.121059116826,51.640590003692,0.0074,0.0068,128.420380,0.9630,8
943,546719450,50,36.741175300977,127.121062575683,51.632531197742,0.0074,0.0068,129.063428,0.9630,8
944,546719500,50,36.741173093556,127.121066089445,51.639864297584,0.0074,0.0068,127.974823,0.9630,8
945,546719550,50,36.741170905667,127.121069613460,51.632579058409,0.0074,0.0068,127.647318,0.9630,8
946,546719600,50,36.741168723385,127.121073111723,51.630444488488,0.0074,0.0068,127.779525,0.9630,8
947,546719650,50,36.741166533948,127.121076630687,51.626159775071,0.0074,0.0068,127.706675,0.9630,8
948,546719700,50,36.741164368193,127.121080138634,51.628994295374,0.0074,0.0068,127.492297,0.9630,8
949,546719750,50,36.741162184934,127.121083686057,51.630520651117,0.0073,0.0067,127.492339,0.9630,8
950,546719800,50,36.741160033112,127.121087217999,51.629898064770,0.0073,0.0067,127.125777,0.9630,8
951,546719850,50,36.741157852633,127.121090734962,51.627597645856,0.0073,0.0067,127.608848,0.9630,8
952,546719900,50,36.741155753866,127.121094279971,51.629769550636,0.0073,0.0067,126.338769,0.9630,8
953,546719950,50,36.741153628426,127.121097839734,51.631692140363,0.0073,0.0067,126.570840,0.9630,8
954,546720000,50,36.741151470315,127.121101358737,51.628586991690,0.0073,0.0067,127.307582,0.9630,8
955,546720050,50,36.741149357706,127.121104884744,51.626251464710,0.0073,0.0067,126.666100,0.9630,8
956,546720100,50,36.741147178408,127.121108376912,51.629393213429,0.0073,0.0068,127.789952,0.9630,8
957,546720150,50,36.741144991618,127.121111887081,51.621907592751,0.0073,0.0068,127.742533,0.9630,8
958,546720200,50,36.741142811884,127.121115376768,51.624461099505,0.0073,0.0068,127.815216,0.9630,8
959,546720250,50,36.741140622203,127.121118833369,51.630677037872,0.0073,0.0068,128.206621,0.9630,8
960,546720300,50,36.741138417917,127.121122294151,51.621202625334,0.0073,0.0068,128.358164,0.9630,8
961,546720350,50,36.741136207712,127.121125753827,51.627692633308,0.0074,0.0068,128.441851,0.9630,8
962,546720400,50,36.741133971018,127.121129182828,51.625962244347,0.0074,0.0068,129.024084,0.9630,8
963,546720450,50,36.741131713937,127.121132572262,51.625720954500,0.0074,0.0068,129.604860,0.9630,8
964,546720500,50,36.741129442463,127.121135966259,51.615359473042,0.0074,0.0068,129.745943,0.9630,8
965,546720550,50,36.741127155406,127.121139317616,51.617656439543,0.0074,0.0068,130.295570,0.9630,8
966,546720600,50,36.741124868652,127.121142637016,51.623663577251,0.0074,0.0068,130.562840,0.9630,8
967,546720650,50,36.741122563268,127.121145986820,51.615068408661,0.0074,0.0068,130.534403,0.9630,8
968,546720700,50,36.741120240725,127.121149284237,51.620895367116,0.0074,0.0068,131.191475,0.9630,8
969,546720750,50,36.741117900527,127.121152591065,51.613094017841,0.0074,0.0068,131.325628,0.9630,8
970,546720800,50,36.741115558918,127.121155896787,51.616558992304,0.0074,0.0068,131.352248,0.9630,8
971,546720850,50,36.741113227773,127.121159189695,51.613301810808,0.0074,0.0068,131.335346,0.9630,8
972,546720900,50,36.741110812653,127.121162455024,51.617735077627,0.0073,0.0067,131.335388,0.9630,8
973,546720950,50,36.741108479151,127.121165760487,51.608025010675,0.0073,0.0067,131.255977,0.9630,8
974,546721000,50,36.741106127833,127.121169046278,51.614286504686,0.0073,0.0067,131.641896,0.9630,8
975,546721050,50,36.741103756597,127.121172350826,51.602206098847,0.0073,0.0068,131.719934,0.9630,8
976,546721100,50,36.741101396835,127.121175649079,51.607516990043,0.0073,0.0068,131.636159,0.9630,8
977,546721150,50,36.741099036450,127.121178941947,51.604040528648,0.0073,0.0068,131.690184,0.9630,8
978,546721200,50,36.741096678165,127.121182234966,51.612925292924,0.0073,0.0068,131.663534,0.9630,8
979,546721250,50,36.741094317874,127.121185518411,51.604007012211,0.0073,0.0068,131.770600,0.9630,8
980,546721300,50,36.741091995382,127.121188857648,51.606179617345,0.0073,0.0068,130.833304,0.9630,8
