0,550300850,50,36.741963242025,127.119372265639,51.750670770183,0.0082,0.0067,254.686810,1.0872,8
1,550300900,50,36.741963240584,127.119372296935,51.750576905906,0.0082,0.0067,93.274153,1.0872,8
2,550300950,50,36.741963253213,127.119372291900,51.749198449776,0.0082,0.0067,342.211464,1.0872,8
3,550301000,50,36.741963253233,127.119372288627,51.749556709081,0.0083,0.0068,270.432508,1.0872,8
4,550301050,50,36.741963257599,127.119372305645,51.749517442659,0.0083,0.0068,72.319924,1.0872,8
5,550301100,50,36.741963232715,127.119372303371,51.753165295348,0.0083,0.0068,184.207078,1.0872,8
6,550301150,50,36.741963240343,127.119372274255,51.753112564795,0.0083,0.0068,288.031866,1.0872,8
7,550301200,50,36.741963243597,127.119372276080,51.747897318564,0.0083,0.0068,24.299881,1.0872,8
8,550301250,50,36.741963226080,127.119372290753,51.756087820977,0.0083,0.0068,146.015244,1.0872,8
9,550301300,50,36.741963234317,127.119372304971,51.750329263508,0.0083,0.0068,54.252556,1.0872,8
10,550301350,50,36.741963221112,127.119372328517,51.750810671598,0.0083,0.0068,124.868957,1.0872,8
11,550301400,50,36.741963218856,127.119372354363,51.756110959686,0.0084,0.0068,96.190259,1.0872,8
12,550301450,50,36.741963203138,127.119372372828,51.755252963863,0.0084,0.0068,136.607300,1.0872,8
13,550301500,50,36.741963180822,127.119372438990,51.755397167057,0.0084,0.0068,112.738523,1.0872,8
14,550301550,50,36.741963166371,127.119372483481,51.752746092156,0.0084,0.0069,111.977237,1.0872,8
15,550301600,50,36.741963135865,127.119372543551,51.753772036172,0.0084,0.0069,122.252298,1.0872,8
16,550301650,50,36.741963120896,127.119372594868,51.749961988069,0.0084,0.0069,109.923559,1.0872,8
17,550301700,50,36.741963080315,127.119372683319,51.756915455684,0.0084,0.0069,119.685946,1.0872,8
18,550301750,50,36.741963055062,127.119372768008,51.756090003997,0.0084,0.0069,110.329744,1.0872,8
19,550301800,50,36.741962997614,127.119372844658,51.759618218988,0.0085,0.0069,132.961801,1.0872,8
20,550301850,50,36.741962970311,127.119372962371,51.756961064413,0.0085,0.0069,106.076881,1.0872,8
21,550301900,50,36.741962937097,127.119373050650,51.760706565343,0.0085,0.0069,115.055748,1.0872,8
22,550301950,50,36.741962869489,127.119373165280,51.764816203155,0.0085,0.0069,126.235582,1.0872,8
23,550302000,50,36.741962841187,127.119373270594,51.761745121330,0.0085,0.0069,108.465166,1.0872,8
24,550302050,50,36.741962796148,127.119373393626,51.760785013437,0.0085,0.0070,114.458674,1.0872,8
25,550302100,50,36.741962748542,127.119373485074,51.767252350226,0.0083,0.0068,114.458674,1.0872,8
26,550302150,50,36.741962719301,127.119373591469,51.761299226433,0.0083,0.0068,108.854704,1.0872,8
27,550302200,50,36.741962668978,127.119373703070,51.764995375648,0.0083,0.0068,119.261463,1.0872,8
28,550302250,50,36.741962647695,127.119373794836,51.761809723452,0.0083,0.0068,106.075430,1.0872,8
29,550302300,50,36.741962565065,127.119373894896,51.762204698287,0.0083,0.0068,135.738026,1.0872,8
30,550302350,50,36.741962518565,127.119374021942,51.765799657442,0.0083,0.0068,114.454857,1.0872,8
31,550302400,50,36.741962499058,127.119374105320,51.760693495162,0.0083,0.0068,106.209652,1.0872,8
32,550302450,50,36.741962448260,127.119374228622,51.769835868850,0.0084,0.0069,117.107731,1.0872,8
33,550302500,50,36.741962405331,127.119374324395,51.768781933933,0.0084,0.0069,119.115703,1.0872,8
34,550302550,50,36.741962335451,127.119374455448,51.771936642937,0.0084,0.0069,123.526323,1.0872,8
35,550302600,50,36.741962320361,127.119374535196,51.761168490164,0.0082,0.0067,123.526324,1.0872,8
36,550302650,50,36.741962293239,127.119374626968,51.768528854474,0.0082,0.0067,110.164364,1.0872,8
37,550302700,50,36.741962275238,127.119374680434,51.765480495989,0.0082,0.0067,112.701537,1.0872,8
38,550302750,50,36.741962288549,127.119374678116,51.763235518709,0.0082,0.0067,352.021364,1.0872,8
39,550302800,50,36.741962297436,127.119374643644,51.766698350199,0.0082,0.0067,287.760922,1.0872,8
40,550302850,50,36.741962321249,127.119374589298,51.765298596583,0.0082,0.0067,298.566244,1.0872,8
41,550302900,50,36.741962310093,127.119374533962,51.762123780325,0.0082,0.0067,255.937514,1.0872,8
42,550302950,50,36.741962323042,127.119374525846,51.756770982407,0.0083,0.0068,333.231312,1.0872,8
43,550303000,50,36.741962309574,127.119374552225,51.768385313451,0.0083,0.0068,122.388697,1.0872,8
44,550303050,50,36.741962286388,127.119374550346,51.764694344252,0.0083,0.0068,183.732927,1.0872,8
45,550303100,50,36.741962294707,127.119374593334,51.764271530323,0.0083,0.0068,76.479414,1.0872,8
46,550303150,50,36.741962293629,127.119374585195,51.763768244535,0.0083,0.0068,260.653546,1.0872,8
47,550303200,50,36.741962304363,127.119374588042,51.765693129972,0.0083,0.0068,12.049857,1.0872,8
48,550303250,50,36.741962297474,127.119374557184,51.765299507417,0.0083,0.0068,254.495940,1.0872,8
49,550303300,50,36.741962325271,127.119374569117,51.760900282301,0.0083,0.0068,19.058667,1.0872,8
50,550303350,50,36.741962298615,127.119374566192,51.765355171636,0.0083,0.0068,185.047267,1.0872,8
51,550303400,50,36.741962301140,127.119374577901,51.765079136007,0.0084,0.0068,75.004170,1.0872,8
52,550303450,50,36.741962290844,127.119374584334,51.762968425639,0.0084,0.0068,153.304117,1.0872,8
53,550303500,50,36.741962298958,127.119374581871,51.765599565580,0.0084,0.0069,346.273341,1.0872,8
54,550303550,50,36.741962313297,127.119374555957,51.768054634333,0.0084,0.0069,304.508930,1.0872,8
55,550303600,50,36.741962301100,127.119374583287,51.768244051374,0.0082,0.0067,304.508930,1.0872,8
56,550303650,50,36.741962314155,127.119374590202,51.763573952951,0.0082,0.0067,23.090995,1.0872,8
57,550303700,50,36.741962302405,127.119374612052,51.768574190326,0.0082,0.0067,123.749495,1.0872,8
58,550303750,50,36.741962306451,127.119374576646,51.768270389177,0.0082,0.0067,278.080479,1.0872,8
59,550303800,50,36.741962317869,127.119374578481,51.759949173778,0.0082,0.0067,7.372279,1.0872,8
60,550303850,50,36.741962303318,127.119374600091,51.764735095203,0.0082,0.0067,129.918540,1.0872,8
61,550303900,50,36.741962302291,127.119374580567,51.765148991719,0.0082,0.0068,266.259755,1.0872,8
62,550303950,50,36.741962296134,127.119374593478,51.764465169981,0.0082,0.0068,120.647764,1.0872,8
63,550304000,50,36.741962307550,127.119374584924,51.771137215197,0.0083,0.0068,328.909865,1.0872,8
64,550304050,50,36.741962308283,127.119374589281,51.766884424724,0.0083,0.0068,78.181679,1.0872,8
65,550304100,50,36.741962317347,127.119374588709,51.765278714709,0.0083,0.0068,357.094335,1.0872,8
66,550304150,50,36.741962310159,127.119374613003,51.768926592544,0.0083,0.0068,110.186038,1.0872,8
67,550304200,50,36.741962295927,127.119374592946,51.770034079440,0.0083,0.0068,228.598606,1.0872,8
68,550304250,50,36.741962298978,127.119374613422,51.767935147509,0.0083,0.0068,79.511778,1.0872,8
69,550304300,50,36.741962307401,127.119374598470,51.770844578743,0.0083,0.0068,304.991725,1.0872,8
70,550304350,50,36.741962300174,127.119374602431,51.769707576372,0.0083,0.0068,156.201051,1.0872,8
71,550304400,50,36.741962310069,127.119374579303,51.768926812336,0.0084,0.0068,297.995317,1.0872,8
72,550304450,50,36.741962314472,127.119374595784,51.768350961618,0.0084,0.0068,71.634416,1.0872,8
73,550304500,50,36.741962291421,127.119374594193,51.765444156714,0.0084,0.0069,183.179580,1.0872,8
74,550304550,50,36.741962289657,127.119374599361,51.764379049651,0.0084,0.0069,112.983658,1.0872,8
75,550304600,50,36.741962325020,127.119374587415,51.754858488217,0.0082,0.0067,112.983657,1.0872,8
76,550304650,50,36.741962333496,127.119374596814,51.755410705693,0.0082,0.0067,41.747751,1.0872,8
77,550304700,50,36.741962317485,127.119374597970,51.760240502656,0.0082,0.0067,176.673932,1.0872,8
78,550304750,50,36.741962336906,127.119374593462,51.755744817667,0.0082,0.0067,349.419597,1.0872,8
79,550304800,50,36.741962321603,127.119374573509,51.754990187474,0.0082,0.0067,226.380065,1.0872,8
80,550304850,50,36.741962322761,127.119374585094,51.760338620283,0.0082,0.0067,82.917566,1.0872,8
81,550304900,50,36.741962317044,127.119374587056,51.758178448305,0.0082,0.0067,164.561794,1.0872,8
82,550304950,50,36.741962330072,127.119374586227,51.755676761270,0.0082,0.0067,357.071236,1.0872,8
83,550305000,50,36.741962325764,127.119374598419,51.757076079026,0.0082,0.0068,113.701596,1.0872,8
84,550305050,50,36.741962312422,127.119374584160,51.758947543800,0.0082,0.0068,220.699322,1.0872,8
85,550305100,50,36.741962332404,127.119374566403,51.754150867462,0.0082,0.0068,324.427630,1.0872,8
86,550305150,50,36.741962338067,127.119374585400,51.757779790089,0.0083,0.0068,69.675318,1.0872,8
87,550305200,50,36.741962327310,127.119374581635,51.762814359739,0.0083,0.0068,195.730067,1.0872,8
88,550305250,50,36.741962324086,127.119374593299,51.758968418464,0.0083,0.0068,108.956763,1.0872,8
89,550305300,50,36.741962305673,127.119374604342,51.758277174085,0.0083,0.0068,154.236037,1.0872,8
90,550305350,50,36.741962331620,127.119374566892,51.754143908620,0.0083,0.0068,310.725127,1.0872,8
91,550305400,50,36.741962319077,127.119374587475,51.759282927029,0.0083,0.0068,127.132077,1.0872,8
92,550305450,50,36.741962316445,127.119374577393,51.761213360354,0.0083,0.0068,252.026858,1.0872,8
93,550305500,50,36.741962332019,127.119374593111,51.757172375917,0.0083,0.0068,39.084348,1.0872,8
94,550305550,50,36.741962313281,127.119374599178,51.762305934913,0.0083,0.0068,165.394075,1.0872,8
95,550305600,50,36.741962323213,127.119374578359,51.757868847810,0.0084,0.0069,300.657599,1.0872,8
96,550305650,50,36.741962314201,127.119374577621,51.757599097677,0.0084,0.0069,183.767697,1.0872,8
97,550305700,50,36.741962331885,127.119374597899,51.761885559186,0.0084,0.0069,42.702130,1.0872,8
98,550305750,50,36.741962317481,127.119374575939,51.761739295907,0.0082,0.0067,42.702130,1.0872,8
99,550305800,50,36.741962313887,127.119374557716,51.762248470448,0.0082,0.0067,256.230979,1.0872,8
100,550305850,50,36.741962314676,127.119374583295,51.761918501928,0.0082,0.0067,87.806073,1.0872,8
101,550305900,50,36.741962311128,127.119374586051,51.763349441811,0.0082,0.0067,147.984519,1.0872,8
102,550305950,50,36.741962299760,127.119374579097,51.764611919411,0.0082,0.0067,206.212533,1.0872,8
103,550306000,50,36.741962313686,127.119374589850,51.763599139638,0.0082,0.0067,31.857534,1.0872,8
104,550306050,50,36.741962314427,127.119374555693,51.763679980300,0.0082,0.0067,271.545468,1.0872,8
105,550306100,50,36.741962332914,127.119374554014,51.759878795594,0.0082,0.0068,355.820357,1.0872,8
106,550306150,50,36.741962312565,127.119374592444,51.765221955255,0.0082,0.0068,123.341887,1.0872,8
107,550306200,50,36.741962291163,127.119374562551,51.762840222567,0.0082,0.0068,228.343606,1.0872,8
108,550306250,50,36.741962331778,127.119374568875,51.760780345649,0.0083,0.0068,7.142423,1.0872,8
109,550306300,50,36.741962316812,127.119374554792,51.764785710722,0.0083,0.0068,217.134943,1.0872,8
110,550306350,50,36.741962310407,127.119374579465,51.762783772312,0.0083,0.0068,107.877033,1.0872,8
111,550306400,50,36.741962287705,127.119374571644,51.766967504285,0.0083,0.0068,195.496444,1.0872,8
112,550306450,50,36.741962313605,127.119374566616,51.761934136041,0.0083,0.0068,351.118526,1.0872,8
113,550306500,50,36.741962306299,127.119374598622,51.763272943906,0.0083,0.0068,105.834358,1.0872,8
114,550306550,50,36.741962313005,127.119374574911,51.765637810342,0.0083,0.0069,289.361687,1.0872,8
115,550306600,50,36.741962303793,127.119374560292,51.766121089458,0.0084,0.0069,231.939815,1.0872,8
116,550306650,50,36.741962313560,127.119374573489,51.766774818301,0.0084,0.0069,47.397331,1.0872,8
117,550306700,50,36.741962323774,127.119374582543,51.771266260184,0.0084,0.0069,35.506411,1.0872,8
118,550306750,50,36.741962313298,127.119374597665,51.767269480973,0.0084,0.0069,130.721141,1.0872,8
119,550306800,50,36.741962322181,127.119374578199,51.769401612692,0.0084,0.0069,299.554271,1.0872,8
120,550306850,50,36.741962296756,127.119374587364,51.765977149829,0.0084,0.0069,163.822504,1.0872,8
121,550306900,50,36.741962314134,127.119374584595,51.768378262408,0.0084,0.0069,352.691867,1.0872,8
122,550306950,50,36.741962310140,127.119374585579,51.770337728783,0.0085,0.0069,168.781914,1.0872,8
123,550307000,50,36.741962317493,127.119374578584,51.764256168157,0.0082,0.0068,168.781912,1.0872,8
124,550307050,50,36.741962312562,127.119374591235,51.768442774191,0.0082,0.0068,115.841915,1.0872,8
125,550307100,50,36.741962308742,127.119374592942,51.764170101844,0.0082,0.0068,160.225780,1.0872,8
126,550307150,50,36.741962331472,127.119374595696,51.765064337291,0.0082,0.0068,5.570574,1.0872,8
127,550307200,50,36.741962343918,127.119374592813,51.762666355819,0.0083,0.0068,349.439707,1.0872,8
128,550307250,50,36.741962317904,127.119374588031,51.770989313722,0.0083,0.0068,188.414963,1.0872,8
129,550307300,50,36.741962324812,127.119374580587,51.766108357348,0.0083,0.0068,319.060541,1.0872,8
130,550307350,50,36.741962340580,127.119374586265,51.763089356944,0.0083,0.0068,16.163145,1.0872,8
131,550307400,50,36.741962331009,127.119374573772,51.762172300369,0.0083,0.0068,226.410536,1.0872,8
132,550307450,50,36.741962332590,127.119374574096,51.761027553119,0.0083,0.0068,9.362245,1.0872,8
133,550307500,50,36.741962321258,127.119374574887,51.764059500769,0.0083,0.0068,176.784418,1.0872,8
134,550307550,50,36.741962319839,127.119374576142,51.766166592948,0.0083,0.0068,144.550218,1.0872,8
135,550307600,50,36.741962361732,127.119374575954,51.748504409567,0.0081,0.0067,144.550217,1.0872,8
136,550307650,50,36.741962331334,127.119374554798,51.752344385721,0.0081,0.0067,209.253026,1.0872,8
137,550307700,50,36.741962343963,127.119374574949,51.755092948675,0.0081,0.0067,52.090056,1.0872,8
138,550307750,50,36.741962342392,127.119374571691,51.756607678719,0.0082,0.0067,239.071257,1.0872,8
139,550307800,50,36.741962342042,127.119374569256,51.751009164378,0.0082,0.0067,259.868540,1.0872,8
140,550307850,50,36.741962340536,127.119374548400,51.748150690459,0.0082,0.0067,264.873408,1.0872,8
141,550307900,50,36.741962362530,127.119374542021,51.743381235749,0.0082,0.0067,346.860667,1.0872,8
142,550307950,50,36.741962342939,127.119374555861,51.748084403574,0.0082,0.0067,150.378642,1.0872,8
143,550308000,50,36.741962347390,127.119374558634,51.750033448450,0.0082,0.0068,26.632249,1.0872,8
144,550308050,50,36.741962348004,127.119374549195,51.745187247172,0.0082,0.0068,274.617713,1.0872,8
145,550308100,50,36.741962349885,127.119374550210,51.743850577623,0.0082,0.0068,23.480119,1.0872,8
146,550308150,50,36.741962341204,127.119374547254,51.750889130868,0.0082,0.0068,195.325461,1.0872,8
147,550308200,50,36.741962351152,127.119374540364,51.744275708683,0.0083,0.0068,330.862672,1.0872,8
148,550308250,50,36.741962337648,127.119374545375,51.744638153352,0.0083,0.0068,163.371189,1.0872,8
149,550308300,50,36.741962342545,127.119374565902,51.746960264631,0.0083,0.0068,73.490023,1.0872,8
150,550308350,50,36.741962320267,127.119374600458,51.744134186767,0.0083,0.0068,128.696984,1.0872,8
151,550308400,50,36.741962315848,127.119374613248,51.742594016716,0.0083,0.0068,113.232440,1.0872,8
152,550308450,50,36.741962280064,127.119374656413,51.747256199829,0.0083,0.0068,135.848156,1.0872,8
153,550308500,50,36.741962285790,127.119374717662,51.746375162154,0.0083,0.0068,83.374573,1.0872,8
154,550308550,50,36.741962267616,127.119374780741,51.745002117939,0.0083,0.0069,109.697654,1.0872,8
155,550308600,50,36.741962234890,127.119374891642,51.745081934147,0.0084,0.0069,110.135593,1.0872,8
156,550308650,50,36.741962187890,127.119374954313,51.741927713156,0.0084,0.0069,132.979103,1.0872,8
157,550308700,50,36.741962152819,127.119375093210,51.748412202112,0.0081,0.0067,132.979102,1.0872,8
158,550308750,50,36.741962107451,127.119375197963,51.751266214065,0.0082,0.0067,118.286225,1.0872,8
159,550308800,50,36.741962075800,127.119375321885,51.745866465382,0.0082,0.0067,107.607525,1.0872,8
160,550308850,50,36.741961997283,127.119375450430,51.746538394131,0.0082,0.0067,127.196994,1.0872,8
161,550308900,50,36.741961930465,127.119375619983,51.745598482899,0.0082,0.0068,116.089078,1.0872,8
162,550308950,50,36.741961849535,127.119375815735,51.751482579857,0.0082,0.0068,117.189880,1.0872,8
163,550309000,50,36.741961776949,127.119375997030,51.753667335957,0.0082,0.0068,116.449366,1.0872,8
164,550309050,50,36.741961664332,127.119376234334,51.753956293687,0.0082,0.0068,120.526435,1.0872,8
165,550309100,50,36.741961584243,127.119376466129,51.754720281810,0.0082,0.0068,113.234693,1.0872,8
166,550309150,50,36.741961491217,127.119376754075,51.748390324414,0.0082,0.0068,111.871694,1.0872,8
167,550309200,50,36.741961373817,127.119377040233,51.751767386682,0.0083,0.0068,117.011045,1.0872,8
168,550309250,50,36.741961223492,127.119377378777,51.752214338630,0.0083,0.0068,118.886750,1.0872,8
169,550309300,50,36.741961087754,127.119377728809,51.750066783279,0.0083,0.0068,115.726503,1.0872,8
170,550309350,50,36.741960951918,127.119378120805,51.750764291734,0.0083,0.0068,113.295231,1.0872,8
171,550309400,50,36.741960789266,127.119378570798,51.743882041425,0.0083,0.0068,114.185818,1.0872,8
172,550309450,50,36.741960593861,127.119378977366,51.753476294689,0.0083,0.0069,120.845170,1.0872,8
173,550309500,50,36.741960415513,127.119379452504,51.746990859509,0.0083,0.0069,115.004220,1.0872,8
174,550309550,50,36.741960259373,127.119379993967,51.745871684514,0.0083,0.0069,109.712944,1.0872,8
175,550309600,50,36.741959989998,127.119380481891,51.747518388554,0.0081,0.0067,109.712945,1.0872,8
176,550309650,50,36.741959772185,127.119381073626,51.746053038165,0.0081,0.0067,114.577796,1.0872,8
177,550309700,50,36.741959511180,127.119381712009,51.749094645493,0.0082,0.0067,116.931260,1.0872,8
178,550309750,50,36.741959326528,127.119382311555,51.741333584301,0.0082,0.0068,110.941024,1.0872,8
179,550309800,50,36.741959027123,127.119383027466,51.747827071697,0.0082,0.0068,117.458604,1.0872,8
180,550309850,50,36.741958697745,127.119383706503,51.748812230304,0.0082,0.0068,121.077872,1.0872,8
181,550309900,50,36.741958433710,127.119384497216,51.736887467094,0.0082,0.0068,112.533933,1.0872,8
182,550309950,50,36.741958099700,127.119385310339,51.749990717508,0.0083,0.0068,117.039848,1.0872,8
183,550310000,50,36.741957779281,127.119386147624,51.747326932847,0.0083,0.0068,115.431212,1.0872,8
184,550310050,50,36.741957436316,127.119387027406,51.746765756048,0.0083,0.0068,115.844487,1.0872,8
185,550310100,50,36.741957038905,127.119387961251,51.753272903152,0.0083,0.0068,117.868957,1.0872,8
186,550310150,50,36.741956674067,127.119388932693,51.743430080824,0.0083,0.0068,115.016135,1.0872,8
187,550310200,50,36.741956245157,127.119389937344,51.749027377926,0.0083,0.0069,117.944536,1.0872,8
188,550310250,50,36.741955832101,127.119390970108,51.750932326540,0.0083,0.0069,116.425271,1.0872,8
189,550310300,50,36.741955391642,127.119392044996,51.749054689892,0.0083,0.0069,116.983232,1.0872,8
190,550310350,50,36.741954920172,127.119393165918,51.753680264577,0.0083,0.0069,117.592560,1.0872,8
191,550310400,50,36.741954469785,127.119394368108,51.752905231901,0.0084,0.0069,114.962052,1.0872,8
192,550310450,50,36.741954022244,127.119395553293,51.753538472578,0.0084,0.0069,115.135810,1.0872,8
193,550310500,50,36.741953519105,127.119396778963,51.758933320642,0.0084,0.0069,117.024452,1.0872,8
194,550310550,50,36.741953028442,127.119398061111,51.750008409843,0.0084,0.0069,115.431218,1.0872,8
195,550310600,50,36.741952532683,127.119399344787,51.749617209658,0.0084,0.0069,115.634970,1.0872,8
196,550310650,50,36.741952012178,127.119400664212,51.748383082449,0.0084,0.0069,116.112833,1.0872,8
197,550310700,50,36.741951438186,127.119401980145,51.758165501058,0.0084,0.0070,118.456648,1.0872,8
198,550310750,50,36.741950903679,127.119403366305,51.751117860898,0.0085,0.0070,115.600254,1.0872,8
199,550310800,50,36.741950353430,127.119404775819,51.761379750445,0.0082,0.0068,115.600260,1.0872,8
200,550310850,50,36.741949783515,127.119406173505,51.752597286366,0.0082,0.0068,116.869140,1.0872,8
201,550310900,50,36.741949199857,127.119407614672,51.754387392662,0.0082,0.0068,116.712185,1.0872,8
202,550310950,50,36.741948624838,127.119409053902,51.754742055200,0.0083,0.0068,116.401302,1.0872,8
203,550311000,50,36.741948030033,127.119410537500,51.759435278364,0.0083,0.0068,116.480568,1.0872,8
204,550311050,50,36.741947402458,127.119412021773,51.758261715062,0.0083,0.0068,117.715805,1.0872,8
205,550311100,50,36.741946811321,127.119413604124,51.757067487575,0.0083,0.0068,114.900187,1.0872,8
206,550311150,50,36.741946157656,127.119415100183,51.756936676800,0.0083,0.0069,118.497254,1.0872,8
207,550311200,50,36.741945548062,127.119416635105,51.756498537958,0.0083,0.0069,116.265071,1.0872,8
208,550311250,50,36.741944914460,127.119418219396,51.765700986609,0.0083,0.0069,116.423894,1.0872,8
209,550311300,50,36.741944281491,127.119419803199,51.760534992442,0.0083,0.0069,116.408096,1.0872,8
210,550311350,50,36.741943635843,127.119421398545,51.760072892532,0.0084,0.0069,116.696115,1.0872,8
211,550311400,50,36.741942991360,127.119423040651,51.764361940324,0.0084,0.0069,115.996740,1.0872,8
212,550311450,50,36.741942327430,127.119424684462,51.757160224952,0.0084,0.0069,116.650047,1.0872,8
213,550311500,50,36.741941706769,127.119426336800,51.765192453749,0.0084,0.0069,115.019791,1.0872,8
214,550311550,50,36.741940967934,127.119427993648,51.773146716878,0.0084,0.0069,118.990002,1.0872,8
215,550311600,50,36.741940305466,127.119429651056,51.771406473592,0.0084,0.0069,116.410937,1.0872,8
216,550311650,50,36.741939602236,127.119431380180,51.776439461857,0.0084,0.0070,116.809064,1.0872,8
217,550311700,50,36.741938898382,127.119433099700,51.766950516030,0.0085,0.0070,116.958287,1.0872,8
218,550311750,50,36.741938155533,127.119434781407,51.778317473829,0.0085,0.0070,118.760463,1.0872,8
219,550311800,50,36.741937464402,127.119436564943,51.774526941590,0.0085,0.0070,115.710294,1.0872,8
220,550311850,50,36.741936772636,127.119438373353,51.769144990481,0.0085,0.0070,115.421883,1.0872,8
221,550311900,50,36.741936014891,127.119440163600,51.778242852539,0.0085,0.0070,117.740718,1.0872,8
222,550311950,50,36.741935264016,127.119441941012,51.779552670196,0.0086,0.0070,117.695582,1.0872,8
223,550312000,50,36.741934527633,127.119443780065,51.774096701294,0.0086,0.0071,116.451659,1.0872,8
224,550312050,50,36.741933778895,127.119445671106,51.780613591895,0.0086,0.0071,116.195706,1.0872,8
225,550312100,50,36.741933001275,127.119447469123,51.784760776907,0.0083,0.0069,116.195721,1.0872,8
226,550312150,50,36.741932279792,127.119449413622,51.767467495985,0.0085,0.0075,114.750977,1.0872,8
227,550312200,50,36.741931477837,127.119451249050,51.772904622369,0.0086,0.0076,118.497592,1.0872,8
228,550312250,50,36.741930718149,127.119453131995,51.772425542586,0.0087,0.0079,116.625046,1.0872,8
229,550312300,50,36.741929941026,127.119455060857,51.773184465244,0.0087,0.0079,116.592858,1.0872,8
230,550312350,50,36.741929164678,127.119456986904,51.772993474267,0.0087,0.0079,116.603492,1.0872,8
231,550312400,50,36.741928392010,127.119458926038,51.768859776668,0.0087,0.0079,116.340022,1.0872,8
232,550312450,50,36.741927577038,127.119460912276,51.761708662845,0.0087,0.0079,117.013557,1.0872,8
233,550312500,50,36.741926786885,127.119462831474,51.771687524393,0.0088,0.0079,117.092625,1.0872,8
234,550312550,50,36.741925959484,127.119464781864,51.765178473666,0.0088,0.0079,117.794252,1.0872,8
235,550312600,50,36.741925153615,127.119466813452,51.763374102302,0.0085,0.0077,117.794272,1.0872,8
236,550312650,50,36.741924306863,127.119468813028,51.761593448929,0.0085,0.0077,117.752024,1.0872,8
237,550312700,50,36.741923489576,127.119470827219,51.762396086939,0.0085,0.0077,116.756156,1.0872,8
238,550312750,50,36.741922651833,127.119472850481,51.758015049621,0.0085,0.0076,117.224830,1.0872,8
239,550312800,50,36.741921812151,127.119474902047,51.756609103642,0.0085,0.0076,116.955825,1.0872,8
240,550312850,50,36.741920950382,127.119476978705,51.759326964617,0.0085,0.0076,117.276792,1.0872,8
241,550312900,50,36.741920093779,127.119479073475,51.760950894095,0.0085,0.0076,116.935253,1.0872,8
242,550312950,50,36.741919231285,127.119481221910,51.755728666671,0.0085,0.0076,116.510864,1.0872,8
243,550313000,50,36.741918369436,127.119483363959,51.756314338185,0.0085,0.0076,116.561876,1.0872,8
244,550313050,50,36.741917471439,127.119485504362,51.759370995685,0.0086,0.0076,117.533029,1.0872,8
245,550313100,50,36.741916567127,127.119487678362,51.756303099915,0.0086,0.0076,117.332298,1.0872,8
246,550313150,50,36.741915680824,127.119489938889,51.756198172458,0.0086,0.0076,115.973978,1.0872,8
247,550313200,50,36.741914782073,127.119492164828,51.758268647827,0.0086,0.0076,116.642387,1.0872,8
248,550313250,50,36.741913820280,127.119494413731,51.752465886995,0.0086,0.0076,117.986064,1.0872,8
249,550313300,50,36.741912830241,127.119496640829,51.760605487972,0.0086,0.0076,118.914428,1.0872,8
250,550313350,50,36.741911886073,127.119498929000,51.754839972593,0.0086,0.0076,117.144512,1.0872,8
251,550313400,50,36.741910893836,127.119501271752,51.764893508516,0.0086,0.0076,117.755874,1.0872,8
252,550313450,50,36.741909934986,127.119503663258,51.751507218927,0.0086,0.0076,116.481617,1.0872,8
253,550313500,50,36.741908914656,127.119506053911,51.759823597036,0.0087,0.0076,117.937574,1.0872,8
254,550313550,50,36.741907955457,127.119508487671,51.748950281180,0.0087,0.0076,116.091448,1.0872,8
255,550313600,50,36.741906929180,127.119510952979,51.740127312951,0.0085,0.0074,116.091472,1.0872,8
256,550313650,50,36.741905889701,127.119513390278,51.749904200435,0.0085,0.0074,117.920269,1.0872,8
257,550313700,50,36.741904853557,127.119515903357,51.745534432121,0.0085,0.0074,117.125969,1.0872,8
258,550313750,50,36.741903782137,127.119518487794,51.740902628750,0.0084,0.0073,117.253536,1.0872,8
259,550313800,50,36.741902692779,127.119521055131,51.732569891959,0.0085,0.0073,117.799328,1.0872,8
260,550313850,50,36.741901656950,127.119523621554,51.737774536945,0.0085,0.0073,116.633607,1.0872,8
261,550313900,50,36.741900515703,127.119526259588,51.735642455518,0.0085,0.0073,118.259626,1.0872,8
262,550313950,50,36.741899424888,127.119528900397,51.734605402686,0.0085,0.0073,117.168790,1.0872,8
263,550314000,50,36.741898311157,127.119531601209,51.726079080254,0.0085,0.0073,117.129801,1.0872,8
264,550314050,50,36.741897182772,127.119534303248,51.730004758574,0.0085,0.0073,117.424271,1.0872,8
265,550314100,50,36.741896059585,127.119537025708,51.737252518535,0.0085,0.0073,117.140749,1.0872,8
266,550314150,50,36.741894913794,127.119539789726,51.731276693754,0.0085,0.0073,117.251960,1.0872,8
267,550314200,50,36.741893716931,127.119542528191,51.732057337649,0.0085,0.0073,118.504472,1.0872,8
268,550314250,50,36.741892551702,127.119545343628,51.727927740663,0.0085,0.0073,117.214443,1.0872,8
269,550314300,50,36.741891346792,127.119548196127,51.731213910505,0.0085,0.0073,117.692838,1.0872,8
270,550314350,50,36.741890168918,127.119551005580,51.726734536700,0.0086,0.0073,117.516654,1.0872,8
271,550314400,50,36.741888910016,127.119553911916,51.732826979831,0.0086,0.0073,118.289691,1.0872,8
272,550314450,50,36.741887677052,127.119556789009,51.732041426934,0.0086,0.0073,118.034480,1.0872,8
273,550314500,50,36.741886503148,127.119559741943,51.726461842656,0.0086,0.0073,116.287232,1.0872,8
274,550314550,50,36.741885207311,127.119562712065,51.735602842644,0.0086,0.0073,118.462373,1.0872,8
275,550314600,50,36.741883932257,127.119565670190,51.725475698709,0.0084,0.0071,118.462401,1.0872,8
276,550314650,50,36.741882632610,127.119568657100,51.728714125231,0.0084,0.0071,118.397601,1.0872,8
277,550314700,50,36.741881377654,127.119571673934,51.726377118379,0.0084,0.0071,117.333284,1.0872,8
278,550314750,50,36.741880067791,127.119574741782,51.726760724559,0.0084,0.0071,117.946755,1.0872,8
279,550314800,50,36.741878767365,127.119577861488,51.722908922471,0.0084,0.0071,117.381473,1.0872,8
280,550314850,50,36.741877497083,127.119580954202,51.719101964496,0.0084,0.0071,117.037499,1.0872,8
281,550314900,50,36.741876142398,127.119584066225,51.724486214109,0.0084,0.0071,118.408213,1.0872,8
282,550314950,50,36.741874809054,127.119587211295,51.719562591054,0.0084,0.0071,117.778853,1.0872,8
283,550315000,50,36.741873439453,127.119590383861,51.722537863068,0.0084,0.0071,118.209236,1.0872,8
284,550315050,50,36.741872082534,127.119593607879,51.720999293029,0.0085,0.0071,117.607553,1.0872,8
285,550315100,50,36.741870698637,127.119596785399,51.727274688892,0.0085,0.0071,118.420338,1.0872,8
286,550315150,50,36.741869307733,127.119600083218,51.719640154392,0.0085,0.0071,117.657069,1.0872,8
287,550315200,50,36.741867897333,127.119603335253,51.724358179606,0.0085,0.0071,118.319488,1.0872,8
288,550315250,50,36.741866488792,127.119606612671,51.721442851238,0.0085,0.0071,118.102429,1.0872,8
289,550315300,50,36.741865066282,127.119609933157,51.720123239793,0.0085,0.0071,118.026653,1.0872,8
290,550315350,50,36.741863651693,127.119613290727,51.727801127359,0.0085,0.0071,117.631836,1.0872,8
291,550315400,50,36.741862207326,127.119616663331,51.718236882240,0.0085,0.0071,118.018882,1.0872,8
292,550315450,50,36.741860740296,127.119620020180,51.716065340675,0.0085,0.0071,118.502776,1.0872,8
293,550315500,50,36.741859224913,127.119623429606,51.721763987094,0.0085,0.0071,118.910406,1.0872,8
294,550315550,50,36.741857748445,127.119626849303,51.728522946127,0.0086,0.0071,118.212129,1.0872,8
295,550315600,50,36.741856282172,127.119630296099,51.716093110852,0.0086,0.0072,117.859796,1.0872,8
296,550315650,50,36.741854742326,127.119633786633,51.723671828397,0.0086,0.0072,118.728977,1.0872,8
297,550315700,50,36.741853199936,127.119637300608,51.724996988662,0.0086,0.0072,118.607363,1.0872,8
298,550315750,50,36.741851705594,127.119640811681,51.716558503918,0.0086,0.0072,117.871295,1.0872,8
299,550315800,50,36.741850171195,127.119644352026,51.710752859712,0.0084,0.0070,117.871330,1.0872,8
300,550315850,50,36.741848586721,127.119647929934,51.709244606085,0.0084,0.0070,118.821987,1.0872,8
301,550315900,50,36.741847019201,127.119651502447,51.715551743284,0.0084,0.0070,118.598735,1.0872,8
302,550315950,50,36.741845443329,127.119655151286,51.717490148731,0.0084,0.0070,118.219282,1.0872,8
303,550316000,50,36.741843830717,127.119658790540,51.710745201446,0.0084,0.0070,118.836556,1.0872,8
304,550316050,50,36.741842229234,127.119662431644,51.712339376099,0.0084,0.0070,118.656974,1.0872,8
305,550316100,50,36.741840651122,127.119666129211,51.701267779805,0.0085,0.0070,117.937425,1.0872,8
306,550316150,50,36.741839018001,127.119669858231,51.704276597127,0.0085,0.0071,118.553510,1.0872,8
307,550316200,50,36.741837368219,127.119673548589,51.705804899335,0.0085,0.0071,119.051124,1.0872,8
308,550316250,50,36.741835702974,127.119677314200,51.712133012712,0.0085,0.0070,118.787813,1.0872,8
309,550316300,50,36.741834026211,127.119681107083,51.708695300855,0.0085,0.0070,118.779985,1.0872,8
310,550316350,50,36.741832370357,127.119684862744,51.701418842189,0.0085,0.0070,118.715085,1.0872,8
311,550316400,50,36.741830700517,127.119688663215,51.698305434547,0.0085,0.0071,118.631874,1.0872,8
312,550316450,50,36.741828999506,127.119692476639,51.694911993109,0.0085,0.0071,118.997046,1.0872,8
313,550316500,50,36.741827266163,127.119696319724,51.704692992382,0.0085,0.0071,119.267036,1.0872,8
314,550316550,50,36.741825602430,127.119700171050,51.696347591467,0.0085,0.0071,118.225141,1.0872,8
315,550316600,50,36.741823862845,127.119703995459,51.694984152913,0.0086,0.0071,119.474347,1.0872,8
316,550316650,50,36.741822156662,127.119707861645,51.688949975185,0.0086,0.0071,118.737709,1.0872,8
317,550316700,50,36.741820431615,127.119711789452,51.682525114156,0.0086,0.0071,118.621512,1.0872,8
318,550316750,50,36.741818685358,127.119715623958,51.686564648524,0.0086,0.0071,119.503582,1.0872,8
319,550316800,50,36.741816932906,127.119719549548,51.688636893407,0.0086,0.0071,119.016559,1.0872,8
320,550316850,50,36.741815200381,127.119723460851,51.686932202429,0.0086,0.0071,118.827632,1.0872,8
321,550316900,50,36.741813433485,127.119727356842,51.681780240498,0.0087,0.0071,119.401589,1.0872,8
322,550316950,50,36.741811679462,127.119731303571,51.674318687059,0.0087,0.0072,118.907928,1.0872,8
323,550317000,50,36.741809907645,127.119735248016,51.682603335008,0.0084,0.0070,118.907969,1.0872,8
324,550317050,50,36.741808109041,127.119739194447,51.680308531970,0.0084,0.0070,119.522421,1.0872,8
325,550317100,50,36.741806316718,127.119743165211,51.670777461492,0.0084,0.0070,119.286028,1.0872,8
326,550317150,50,36.741804518648,127.119747164848,51.672521096654,0.0085,0.0070,119.187293,1.0872,8
327,550317200,50,36.741802729252,127.119751156708,51.674339848571,0.0085,0.0070,119.116853,1.0872,8
328,550317250,50,36.741800890330,127.119755149899,51.665635811165,0.0085,0.0070,119.778333,1.0872,8
329,550317300,50,36.741799035503,127.119759161077,51.669570141472,0.0085,0.0070,119.880126,1.0872,8
330,550317350,50,36.741797204777,127.119763189671,51.667067827657,0.0085,0.0070,119.451099,1.0872,8
331,550317400,50,36.741795369869,127.119767241009,51.668568616733,0.0085,0.0070,119.369035,1.0872,8
332,550317450,50,36.741793520297,127.119771329830,51.660241383128,0.0085,0.0070,119.338453,1.0872,8
333,550317500,50,36.741791696590,127.119775366479,51.658069455065,0.0085,0.0070,119.308075,1.0872,8
334,550317550,50,36.741789810720,127.119779414437,51.659767250530,0.0085,0.0071,120.065355,1.0872,8
335,550317600,50,36.741787918388,127.119783515823,51.679792057723,0.0083,0.0069,120.065400,1.0872,8
336,550317650,50,36.741786084692,127.119787584976,51.670969914645,0.0083,0.0069,119.245599,1.0872,8
337,550317700,50,36.741784182305,127.119791665907,51.679222758859,0.0083,0.0069,120.080480,1.0872,8
338,550317750,50,36.741782312201,127.119795713047,51.670387548395,0.0083,0.0069,119.862257,1.0872,8
339,550317800,50,36.741780458828,127.119799786600,51.672829121351,0.0083,0.0069,119.480483,1.0872,8
340,550317850,50,36.741778560472,127.119803888177,51.669181012549,0.0084,0.0069,119.902665,1.0872,8
341,550317900,50,36.741776653752,127.119807986911,51.675480522215,0.0084,0.0069,120.028861,1.0872,8
342,550317950,50,36.741774762704,127.119812085231,51.673801065423,0.0084,0.0069,119.826898,1.0872,8
343,550318000,50,36.741772880686,127.119816175141,51.663790253922,0.0084,0.0069,119.759376,1.0872,8
344,550318050,50,36.741770967757,127.119820271287,51.663900072686,0.0084,0.0069,120.125317,1.0872,8
345,550318100,50,36.741769067538,127.119824356115,51.669456953183,0.0084,0.0069,120.028424,1.0872,8
346,550318150,50,36.741767141421,127.119828486131,51.666357082315,0.0084,0.0070,120.091410,1.0872,8
347,550318200,50,36.741765233866,127.119832580200,51.658860413358,0.0084,0.0070,120.067981,1.0872,8
348,550318250,50,36.741763339951,127.119836679137,51.657406812534,0.0084,0.0070,119.860634,1.0872,8
349,550318300,50,36.741761402966,127.119840786181,51.662235591561,0.0084,0.0070,120.370635,1.0872,8
350,550318350,50,36.741759454897,127.119844864702,51.661881485023,0.0085,0.0070,120.688425,1.0872,8
351,550318400,50,36.741757528421,127.119848990931,51.660712906159,0.0085,0.0070,120.118822,1.0872,8
352,550318450,50,36.741755612527,127.119853121980,51.650839159265,0.0085,0.0070,119.953076,1.0872,8
353,550318500,50,36.741753671691,127.119857227450,51.654272830114,0.0085,0.0070,120.429892,1.0872,8
354,550318550,50,36.741751725262,127.119861374564,51.656253665686,0.0085,0.0070,120.249679,1.0872,8
355,550318600,50,36.741749783647,127.119865511753,51.655874084681,0.0085,0.0070,120.247673,1.0872,8
356,550318650,50,36.741747847996,127.119869648504,51.668846087530,0.0083,0.0069,120.247721,1.0872,8
357,550318700,50,36.741745877541,127.119873793001,51.666533791460,0.0083,0.0069,120.572365,1.0872,8
358,550318750,50,36.741743928669,127.119877902806,51.661776347086,0.0083,0.0069,120.506962,1.0872,8
359,550318800,50,36.741741961921,127.119882054621,51.662400228903,0.0084,0.0069,120.480927,1.0872,8
360,550318850,50,36.741740004321,127.119886165219,51.664339636452,0.0084,0.0069,120.614208,1.0872,8
361,550318900,50,36.741738023726,127.119890324992,51.664050486870,0.0084,0.0069,120.608844,1.0872,8
362,550318950,50,36.741736061996,127.119894433933,51.659937242977,0.0084,0.0069,120.677285,1.0872,8
363,550319000,50,36.741734099374,127.119898566596,51.657002044842,0.0084,0.0069,120.544156,1.0872,8
364,550319050,50,36.741732116878,127.119902730417,51.658887694590,0.0084,0.0069,120.608500,1.0872,8
365,550319100,50,36.741730102099,127.119906877627,51.662693855353,0.0084,0.0069,121.116869,1.0872,8
366,550319150,50,36.741728146410,127.119911027908,51.654722783715,0.0084,0.0069,120.349089,1.0872,8
367,550319200,50,36.741726160420,127.119915161491,51.657636308111,0.0084,0.0070,120.836192,1.0872,8
368,550319250,50,36.741724147005,127.119919299528,51.660045781173,0.0085,0.0070,121.155832,1.0872,8
369,550319300,50,36.741722170791,127.119923443450,51.649139497429,0.0085,0.0070,120.649093,1.0872,8
370,550319350,50,36.741720170154,127.119927589978,51.652604820207,0.0085,0.0070,120.942746,1.0872,8
371,550319400,50,36.741718181187,127.119931735128,51.649066548795,0.0085,0.0070,120.803500,1.0872,8
372,550319450,50,36.741716148963,127.119935869642,51.654988148250,0.0085,0.0070,121.413911,1.0872,8
373,550319500,50,36.741714154723,127.119940007607,51.653480370529,0.0085,0.0070,120.914048,1.0872,8
374,550319550,50,36.741712156200,127.119944128136,51.645432836376,0.0085,0.0070,121.075106,1.0872,8
375,550319600,50,36.741710174694,127.119948285660,51.657636851072,0.0083,0.0069,121.075155,1.0872,8
376,550319650,50,36.741708145481,127.119952442612,51.657407480292,0.0083,0.0069,121.238498,1.0872,8
377,550319700,50,36.741706121941,127.119956579886,51.655207559466,0.0083,0.0069,121.287937,1.0872,8
378,550319750,50,36.741704094370,127.119960718447,51.654124706052,0.0083,0.0069,121.330658,1.0872,8
379,550319800,50,36.741702083878,127.119964844878,51.654606367461,0.0084,0.0069,121.190249,1.0872,8
380,550319850,50,36.741700048070,127.119969000629,51.653505290858,0.0084,0.0069,121.328328,1.0872,8
381,550319900,50,36.741698020257,127.119973142049,51.663645098917,0.0084,0.0069,121.316112,1.0872,8
382,550319950,50,36.741696007131,127.119977264962,51.657981844619,0.0084,0.0069,121.245157,1.0872,8
383,550320000,50,36.741693992967,127.119981388344,51.648227521218,0.0084,0.0069,121.255354,1.0872,8
384,550320050,50,36.741691976359,127.119985533606,51.653666236438,0.0084,0.0069,121.151791,1.0872,8
385,550320100,50,36.741689922334,127.119989603418,51.655502182432,0.0085,0.0069,122.091889,1.0872,8
386,550320150,50,36.741687901547,127.119993758602,51.658398494124,0.0085,0.0070,121.143630,1.0872,8
387,550320200,50,36.741685870030,127.119997859627,51.654592968524,0.0085,0.0070,121.612680,1.0872,8
388,550320250,50,36.741683821066,127.120001924541,51.646916017868,0.0085,0.0070,122.059325,1.0872,8
389,550320300,50,36.741681792245,127.120006053157,51.650800971314,0.0085,0.0070,121.407572,1.0872,8
390,550320350,50,36.741679764373,127.120010107983,51.657637663186,0.0085,0.0070,121.857015,1.0872,8
391,550320400,50,36.741677717886,127.120014178705,51.654507991858,0.0085,0.0070,121.991381,1.0872,8
392,550320450,50,36.741675712180,127.120018268903,51.646037186496,0.0086,0.0070,121.353823,1.0872,8
393,550320500,50,36.741673663137,127.120022361555,51.646979253739,0.0086,0.0070,121.885284,1.0872,8
394,550320550,50,36.741671582431,127.120026452885,51.654000648297,0.0086,0.0070,122.289019,1.0872,8
395,550320600,50,36.741669575388,127.120030516868,51.653160856105,0.0086,0.0070,121.534778,1.0872,8
396,550320650,50,36.741667519289,127.120034618787,51.645750175230,0.0086,0.0071,121.915499,1.0872,8
397,550320700,50,36.741665481121,127.120038672578,51.647446511313,0.0086,0.0071,121.993788,1.0872,8
398,550320750,50,36.741663442783,127.120042710983,51.645034659654,0.0087,0.0071,122.093918,1.0872,8
399,550320800,50,36.741661376678,127.120046743046,51.656233014539,0.0084,0.0069,122.093968,1.0872,8
400,550320850,50,36.741659336996,127.120050794671,51.646464999765,0.0084,0.0069,122.026724,1.0872,8
401,550320900,50,36.741657310586,127.120054819137,51.649336591363,0.0084,0.0069,122.031811,1.0872,8
402,550320950,50,36.741655273624,127.120058830151,51.650357787497,0.0084,0.0069,122.252275,1.0872,8
403,550321000,50,36.741653225597,127.120062873957,51.648258951493,0.0084,0.0069,122.181846,1.0872,8
404,550321050,50,36.741651206610,127.120066918136,51.647817073390,0.0084,0.0069,121.811783,1.0872,8
405,550321100,50,36.741649111803,127.120070939575,51.654725848697,0.0085,0.0070,122.912773,1.0872,8
406,550321150,50,36.741647091104,127.120074950622,51.644978163764,0.0085,0.0070,122.045127,1.0872,8
407,550321200,50,36.741645065537,127.120078978739,51.644733075984,0.0085,0.0070,121.997724,1.0872,8
408,550321250,50,36.741643000188,127.120082961720,51.660744957626,0.0085,0.0070,122.793873,1.0872,8
409,550321300,50,36.741640950082,127.120086993150,51.655275670812,0.0085,0.0070,122.287301,1.0872,8
410,550321350,50,36.741638926160,127.120091014392,51.645381010137,0.0085,0.0070,122.020773,1.0872,8
411,550321400,50,36.741636881493,127.120095022292,51.659019274637,0.0085,0.0070,122.370070,1.0872,8
412,550321450,50,36.741634830006,127.120098989858,51.646384058520,0.0086,0.0070,122.719391,1.0872,8
413,550321500,50,36.741632777700,127.120102993972,51.652389059775,0.0086,0.0070,122.491284,1.0872,8
414,550321550,50,36.741630689222,127.120106964054,51.655472482555,0.0086,0.0071,123.170089,1.0872,8
415,550321600,50,36.741628674320,127.120110941409,51.656186324544,0.0086,0.0071,122.188619,1.0872,8
416,550321650,50,36.741626620589,127.120114914938,51.649749647826,0.0086,0.0071,122.708722,1.0872,8
417,550321700,50,36.741624581899,127.120118900674,51.650178815238,0.0086,0.0071,122.437921,1.0872,8
418,550321750,50,36.741622521370,127.120122845504,51.653354809619,0.0087,0.0071,122.984255,1.0872,8
419,550321800,50,36.741620453306,127.120126764296,51.655685179867,0.0087,0.0071,123.253598,1.0872,8
420,550321850,50,36.741618416278,127.120130755799,51.653514865786,0.0087,0.0071,122.379279,1.0872,8
421,550321900,50,36.741616334412,127.120134700843,51.656801361591,0.0087,0.0071,123.252935,1.0872,8
422,550321950,50,36.741614281888,127.120138653365,51.652634765953,0.0087,0.0071,122.831601,1.0872,8
423,550322000,50,36.741612216725,127.120142588386,51.655269262381,0.0087,0.0071,123.108284,1.0872,8
424,550322050,50,36.741610198276,127.120146516161,51.657253526151,0.0087,0.0072,122.559165,1.0872,8
425,550322100,50,36.741608143515,127.120150399718,51.640174601227,0.0085,0.0070,122.559214,1.0872,8
426,550322150,50,36.741606093710,127.120154327457,51.648720428348,0.0085,0.0070,122.961353,1.0872,8
427,550322200,50,36.741604015370,127.120158230275,51.649814710952,0.0085,0.0070,123.491584,1.0872,8
428,550322250,50,36.741601985637,127.120162144683,51.645369053818,0.0085,0.0070,122.793126,1.0872,8
429,550322300,50,36.741599913755,127.120166063664,51.638259213418,0.0085,0.0070,123.300823,1.0872,8
430,550322350,50,36.741597885101,127.120169976897,51.644997152500,0.0085,0.0070,122.787069,1.0872,8
431,550322400,50,36.741595761959,127.120173843745,51.649751008488,0.0085,0.0070,124.302791,1.0872,8
432,550322450,50,36.741593732817,127.120177762545,51.647938704118,0.0086,0.0070,122.756278,1.0872,8
433,550322500,50,36.741591664782,127.120181627375,51.645729217678,0.0086,0.0070,123.618528,1.0872,8
434,550322550,50,36.741589601937,127.120185514307,51.645384842530,0.0086,0.0070,123.401850,1.0872,8
435,550322600,50,36.741587530020,127.120189377231,51.639340348542,0.0083,0.0069,123.401897,1.0872,8
436,550322650,50,36.741585498377,127.120193205021,51.642882905900,0.0084,0.0069,123.404299,1.0872,8
437,550322700,50,36.741583450757,127.120197121213,51.642375150695,0.0084,0.0069,123.010493,1.0872,8
438,550322750,50,36.741581375466,127.120200924153,51.637879651040,0.0084,0.0069,124.139491,1.0872,8
439,550322800,50,36.741579309744,127.120204786815,51.633255413733,0.0084,0.0069,123.603812,1.0872,8
440,550322850,50,36.741577222178,127.120208623193,51.639614250511,0.0084,0.0069,124.063494,1.0872,8
441,550322900,50,36.741575102584,127.120212429335,51.635188964196,0.0084,0.0069,124.681235,1.0872,8
442,550322950,50,36.741573024268,127.120216247652,51.641997196712,0.0084,0.0069,124.070875,1.0872,8
443,550323000,50,36.741570970974,127.120220100832,51.642618258484,0.0084,0.0070,123.509402,1.0872,8
444,550323050,50,36.741568972058,127.120224004760,51.637463341467,0.0085,0.0070,122.464821,1.0872,8
445,550323100,50,36.741567091852,127.120227937738,51.634278489277,0.0085,0.0070,120.710506,1.0872,8
446,550323150,50,36.741565224328,127.120231919249,51.648631510325,0.0085,0.0070,120.233890,1.0872,8
447,550323200,50,36.741563370508,127.120235883655,51.644628802314,0.0085,0.0070,120.157683,1.0872,8
448,550323250,50,36.741561458904,127.120239784200,51.639176530764,0.0086,0.0070,121.339123,1.0872,8
449,550323300,50,36.741559437733,127.120243637636,51.639514852315,0.0086,0.0070,123.093066,1.0872,8
450,550323350,50,36.741557376153,127.120247402415,51.639530753717,0.0086,0.0071,124.231504,1.0872,8
451,550323400,50,36.741555232361,127.120251144695,51.640323304571,0.0086,0.0071,125.442880,1.0872,8
452,550323450,50,36.741553121840,127.120254885830,51.641372489743,0.0087,0.0071,125.028840,1.0872,8
453,550323500,50,36.741551116451,127.120258715627,51.637571371160,0.0087,0.0071,123.048892,1.0872,8
454,550323550,50,36.741549240702,127.120262656308,51.640483055264,0.0088,0.0072,120.601648,1.0872,8
455,550323600,50,36.741547346712,127.120266527996,51.634576848708,0.0085,0.0070,120.601695,1.0872,8
456,550323650,50,36.741545430730,127.120270398260,51.640728679486,0.0086,0.0070,121.596327,1.0872,8
457,550323700,50,36.741543453578,127.120274247731,51.635106918402,0.0086,0.0070,122.545329,1.0872,8
458,550323750,50,36.741541404914,127.120277973708,51.626114490442,0.0086,0.0070,124.340193,1.0872,8
459,550323800,50,36.741539284950,127.120281667506,51.634976757690,0.0086,0.0071,125.493341,1.0872,8
460,550323850,50,36.741537155894,127.120285346830,51.637506984174,0.0087,0.0071,125.715894,1.0872,8
461,550323900,50,36.741535052375,127.120289066057,51.634187923744,0.0087,0.0071,125.097556,1.0872,8
462,550323950,50,36.741533050878,127.120292823711,51.631370060146,0.0088,0.0071,123.497631,1.0872,8
463,550324000,50,36.741531144416,127.120296669330,51.631539415568,0.0088,0.0071,121.632302,1.0872,8
464,550324050,50,36.741529178803,127.120300456099,51.632725744508,0.0088,0.0072,122.820522,1.0872,8
465,550324100,50,36.741527166542,127.120304193903,51.631106150337,0.0088,0.0072,123.779318,1.0872,8
466,550324150,50,36.741525060525,127.120307881569,51.630165454000,0.0088,0.0072,125.359659,1.0872,8
467,550324200,50,36.741522893502,127.120311501683,51.625633554533,0.0088,0.0072,126.641278,1.0872,8
468,550324250,50,36.741520720769,127.120315091240,51.624377939850,0.0088,0.0072,126.946542,1.0872,8
469,550324300,50,36.741518601821,127.120318700900,51.621164992452,0.0089,0.0072,126.106612,1.0872,8
470,550324350,50,36.741516514776,127.120322344950,51.633772846311,0.0089,0.0072,125.436732,1.0872,8
471,550324400,50,36.741514503172,127.120326094032,51.625076020136,0.0089,0.0072,123.690921,1.0872,8
472,550324450,50,36.741512484666,127.120329771247,51.628200533800,0.0089,0.0072,124.295953,1.0872,8
473,550324500,50,36.741510489546,127.120333497016,51.623893313110,0.0089,0.0073,123.638307,1.0872,8
474,550324550,50,36.741508354980,127.120337108964,51.626959849149,0.0090,0.0073,126.289827,1.0872,8
475,550324600,50,36.741506173128,127.120340623991,51.621916042641,0.0090,0.0073,127.641645,1.0872,8
476,550324650,50,36.741503926820,127.120344152390,51.634427652694,0.0087,0.0071,127.641690,1.0872,8
477,550324700,50,36.741501729886,127.120347646269,51.627212593332,0.0087,0.0071,128.000332,1.0872,8
478,550324750,50,36.741499562498,127.120351200708,51.630448925309,0.0088,0.0071,127.149567,1.0872,8
479,550324800,50,36.741497488355,127.120354811764,51.629497308284,0.0088,0.0071,125.515109,1.0872,8
480,550324850,50,36.741495426243,127.120358476059,51.630158123560,0.0088,0.0071,124.962866,1.0872,8
481,550324900,50,36.741493387937,127.120362095715,51.628132558428,0.0088,0.0072,124.980227,1.0872,8
482,550324950,50,36.741491290738,127.120365640108,51.626088467427,0.0088,0.0072,126.323197,1.0872,8
483,550325000,50,36.741489086528,127.120369134359,51.631210010499,0.0089,0.0072,128.089295,1.0872,8
484,550325050,50,36.741486866685,127.120372554571,51.622770295478,0.0089,0.0072,128.884271,1.0872,8
485,550325100,50,36.741484590147,127.120375957872,51.625522076152,0.0089,0.0072,129.731705,1.0872,8
486,550325150,50,36.741482386084,127.120379405694,51.620988338254,0.0089,0.0072,128.460129,1.0872,8
487,550325200,50,36.741480257356,127.120382965962,51.619198224507,0.0089,0.0072,126.609451,1.0872,8
488,550325250,50,36.741478144495,127.120386541887,51.619368167594,0.0089,0.0072,126.284444,1.0872,8
489,550325300,50,36.741476069004,127.120390103381,51.630678303540,0.0089,0.0072,125.908010,1.0872,8
490,550325350,50,36.741473940076,127.120393590452,51.629911580123,0.0090,0.0072,127.183478,1.0872,8
491,550325400,50,36.741471746720,127.120397056931,51.625902533531,0.0090,0.0073,128.173974,1.0872,8
492,550325450,50,36.741469493070,127.120400492011,51.618570619263,0.0090,0.0073,129.186312,1.0872,8
493,550325500,50,36.741467203928,127.120403777783,51.625997783616,0.0090,0.0073,130.880980,1.0872,8
494,550325550,50,36.741464929883,127.120407112598,51.619313533418,0.0090,0.0073,130.274301,1.0872,8
495,550325600,50,36.741462721088,127.120410521036,51.620263457298,0.0091,0.0073,128.841105,1.0872,8
496,550325650,50,36.741460562879,127.120413976806,51.621142095886,0.0091,0.0073,127.810944,1.0872,8
497,550325700,50,36.741458442564,127.120417466263,51.623767614365,0.0091,0.0073,127.052843,1.0872,8
498,550325750,50,36.741456288402,127.120420917316,51.619055092335,0.0088,0.0072,127.052886,1.0872,8
499,550325800,50,36.741454069266,127.120424270713,51.628023699857,0.0089,0.0072,129.428796,1.0872,8
500,550325850,50,36.741451756024,127.120427567362,51.614029262215,0.0089,0.0072,131.084335,1.0872,8
501,550325900,50,36.741449433329,127.120430809149,51.614372039214,0.0089,0.0072,131.677164,1.0872,8
502,550325950,50,36.741447077899,127.120434041423,51.625240762718,0.0089,0.0072,132.159461,1.0872,8
503,550326000,50,36.741444753463,127.120437344260,51.617410204373,0.0089,0.0072,131.168126,1.0872,8
504,550326050,50,36.741442496546,127.120440719420,51.623038768768,0.0089,0.0072,129.721754,1.0872,8
505,550326100,50,36.741440329936,127.120444095410,51.611621332355,0.0089,0.0072,128.569416,1.0872,8
506,550326150,50,36.741438114313,127.120447475353,51.617885028012,0.0090,0.0073,129.162864,1.0872,8
507,550326200,50,36.741435859918,127.120450839522,51.614067131653,0.0090,0.0073,129.782121,1.0872,8
508,550326250,50,36.741433517678,127.120454050086,51.612805891782,0.0090,0.0073,132.191492,1.0872,8
509,550326300,50,36.741431151005,127.120457246272,51.611742858775,0.0090,0.0073,132.615595,1.0872,8
510,550326350,50,36.741428795968,127.120460386462,51.608586194925,0.0090,0.0073,132.979677,1.0872,8
511,550326400,50,36.741426359600,127.120463573663,51.615021268837,0.0090,0.0073,133.525588,1.0872,8
512,550326450,50,36.741424057530,127.120466877877,51.608591652475,0.0090,0.0073,130.881950,1.0872,8
513,550326500,50,36.741421832673,127.120470221003,51.613200051710,0.0090,0.0073,129.587434,1.0872,8
514,550326550,50,36.741419612205,127.120473553166,51.614486848935,0.0090,0.0073,129.624291,1.0872,8
515,550326600,50,36.741417292965,127.120476849211,51.611450213939,0.0091,0.0073,131.163002,1.0872,8
516,550326650,50,36.741414947638,127.120480068558,51.604592796415,0.0091,0.0073,132.151127,1.0872,8
517,550326700,50,36.741412528196,127.120483199197,51.603597687557,0.0091,0.0073,133.838499,1.0872,8
518,550326750,50,36.741410056884,127.120486301785,51.601664353162,0.0091,0.0074,134.703704,1.0872,8
519,550326800,50,36.741407591125,127.120489429619,51.608065335080,0.0091,0.0074,134.407128,1.0872,8
520,550326850,50,36.741405196804,127.120492634779,51.600428931415,0.0091,0.0074,132.867209,1.0872,8
521,550326900,50,36.741402885002,127.120495890108,51.595681090839,0.0092,0.0074,131.424847,1.0872,8
522,550326950,50,36.741400562408,127.120499152889,51.595111571252,0.0092,0.0074,131.492250,1.0872,8
523,550327000,50,36.741398225434,127.120502404429,51.598629035056,0.0092,0.0074,131.766020,1.0872,8
524,550327050,50,36.741395854221,127.120505526673,51.599681900814,0.0092,0.0074,133.339171,1.0872,8
525,550327100,50,36.741393389937,127.120508691289,51.594562977552,0.0089,0.0072,133.339212,1.0872,8
526,550327150,50,36.741390854567,127.120511743784,51.585422684439,0.0089,0.0072,135.902994,1.0872,8
527,550327200,50,36.741388335518,127.120514798429,51.583487047814,0.0089,0.0073,135.697882,1.0872,8
528,550327250,50,36.741385834159,127.120517895226,51.582194261253,0.0090,0.0073,135.103448,1.0872,8
529,550327300,50,36.741383392026,127.120521125828,51.589247933589,0.0090,0.0073,133.206348,1.0872,8
530,550327350,50,36.741381002785,127.120524401212,51.588194608688,0.0090,0.0073,132.188021,1.0872,8
531,550327400,50,36.741378601980,127.120527636945,51.586372918449,0.0090,0.0073,132.673295,1.0872,8
532,550327450,50,36.741376140839,127.120530840288,51.587257910520,0.0090,0.0073,133.670513,1.0872,8
533,550327500,50,36.741373630064,127.120533992969,51.585087952204,0.0090,0.0073,134.698711,1.0872,8
534,550327550,50,36.741371065707,127.120537075648,51.595345380716,0.0090,0.0073,135.946725,1.0872,8
535,550327600,50,36.741368416084,127.120540081953,51.586554219946,0.0088,0.0071,135.946764,1.0872,8
536,550327650,50,36.741365801821,127.120543185490,51.589408397675,0.0088,0.0072,136.305479,1.0872,8
537,550327700,50,36.741363242456,127.120546350707,51.581950145774,0.0088,0.0072,135.134157,1.0872,8
538,550327750,50,36.741360753190,127.120549545848,51.583178018220,0.0088,0.0072,134.069177,1.0872,8
539,550327800,50,36.741358258909,127.120552803831,51.581936673261,0.0088,0.0072,133.569281,1.0872,8
540,550327850,50,36.741355783023,127.120556017932,51.585468206555,0.0088,0.0072,133.745509,1.0872,8
541,550327900,50,36.741353166475,127.120559116326,51.585289593786,0.0089,0.0072,136.377923,1.0872,8
542,550327950,50,36.741350536946,127.120562136795,51.583974920213,0.0089,0.0072,137.247629,1.0872,8
543,550328000,50,36.741347780284,127.120565176851,51.588634239510,0.0089,0.0072,138.409327,1.0872,8
544,550328050,50,36.741345057163,127.120568187465,51.589855138212,0.0089,0.0072,138.337900,1.0872,8
