0,548196200,50,36.740455038695,127.123056238302,51.719622370787,0.0069,0.0071,58.751181,0.8839,9
1,548196250,50,36.740455038678,127.123056225615,51.719727409072,0.0069,0.0071,269.904570,0.8839,9
2,548196300,50,36.740455048390,127.123056245545,51.716782652773,0.0069,0.0071,58.806703,0.8839,9
3,548196350,50,36.740455029121,127.123056239570,51.718706973828,0.0069,0.0071,194.013142,0.8839,9
4,548196400,50,36.740455024930,127.123056239892,51.720031584613,0.0069,0.0071,176.461024,0.8839,9
5,548196450,50,36.740455037044,127.123056232174,51.717046151869,0.0069,0.0071,332.854399,0.8839,9
6,548196500,50,36.740455056033,127.123056234740,51.718485343270,0.0070,0.0072,6.206544,0.8839,9
7,548196550,50,36.740455029350,127.123056224380,51.721193906851,0.0070,0.0072,197.353932,0.8839,9
8,548196600,50,36.740455033560,127.123056220270,51.726023733616,0.0070,0.0072,321.844982,0.8839,9
9,548196650,50,36.740455015594,127.123056215182,51.722361867316,0.0070,0.0072,192.840471,0.8839,9
10,548196700,50,36.740455047969,127.123056234504,51.715419019572,0.0070,0.0072,25.656388,0.8839,9
11,548196750,50,36.740455019781,127.123056225124,51.719226832502,0.0070,0.0072,194.991823,0.8839,9
12,548196800,50,36.740455005063,127.123056227210,51.722324556671,0.0070,0.0072,173.492107,0.8839,9
13,548196850,50,36.740455019963,127.123056216556,51.719169028103,0.0070,0.0072,330.080601,0.8839,9
14,548196900,50,36.740455029251,127.123056230870,51.720749354921,0.0070,0.0072,51.124831,0.8839,9
15,548196950,50,36.740455028294,127.123056211462,51.718610773794,0.0070,0.0072,266.495921,0.8839,9
16,548197000,50,36.740455025242,127.123056222030,51.718373036012,0.0070,0.0072,109.738995,0.8839,9
17,548197050,50,36.740455029554,127.123056227977,51.718494948931,0.0068,0.0071,109.738995,0.8839,9
18,548197100,50,36.740455027922,127.123056232687,51.715783914551,0.0068,0.0071,113.296844,0.8839,9
19,548197150,50,36.740455026040,127.123056241016,51.713716385886,0.0069,0.0071,105.681096,0.8839,9
20,548197200,50,36.740455018439,127.123056228241,51.716576101258,0.0069,0.0071,233.524940,0.8839,9
21,548197250,50,36.740455027816,127.123056235959,51.715990296565,0.0069,0.0071,33.522533,0.8839,9
22,548197300,50,36.740455036527,127.123056239153,51.722740023397,0.0069,0.0071,16.441292,0.8839,9
23,548197350,50,36.740455028098,127.123056231816,51.715378112160,0.0069,0.0071,215.015655,0.8839,9
24,548197400,50,36.740455015888,127.123056233502,51.718010588549,0.0069,0.0071,173.659061,0.8839,9
25,548197450,50,36.740455035873,127.123056246308,51.721166166477,0.0069,0.0071,27.281983,0.8839,9
26,548197500,50,36.740455023066,127.123056226512,51.718017068692,0.0069,0.0071,231.206707,0.8839,9
27,548197550,50,36.740455029826,127.123056230551,51.720309598371,0.0069,0.0071,25.683900,0.8839,9
28,548197600,50,36.740455027296,127.123056230956,51.720261845738,0.0069,0.0071,172.665365,0.8839,9
29,548197650,50,36.740455020813,127.123056222844,51.718688048422,0.0069,0.0071,225.198510,0.8839,9
30,548197700,50,36.740455022777,127.123056214591,51.716170634143,0.0068,0.0071,225.198510,0.8839,9
31,548197750,50,36.740455020667,127.123056226119,51.713882555254,0.0068,0.0071,102.815829,0.8839,9
32,548197800,50,36.740455009331,127.123056242197,51.712922130711,0.0068,0.0071,131.217043,0.8839,9
33,548197850,50,36.740455019923,127.123056211794,51.712670399807,0.0068,0.0071,293.406436,0.8839,9
34,548197900,50,36.740455006840,127.123056215175,51.717683790252,0.0068,0.0071,168.249426,0.8839,9
35,548197950,50,36.740455023577,127.123056210279,51.716049637645,0.0068,0.0071,346.750897,0.8839,9
36,548198000,50,36.740455006978,127.123056225958,51.713736791164,0.0068,0.0071,142.756741,0.8839,9
37,548198050,50,36.740455020553,127.123056213898,51.715096799657,0.0068,0.0071,324.435117,0.8839,9
38,548198100,50,36.740455020111,127.123056234719,51.712569662370,0.0068,0.0071,91.512892,0.8839,9
39,548198150,50,36.740455024228,127.123056226590,51.714991709217,0.0068,0.0071,302.184444,0.8839,9
40,548198200,50,36.740455004486,127.123056217777,51.713707075454,0.0068,0.0071,199.762483,0.8839,9
41,548198250,50,36.740455042286,127.123056220296,51.718434716575,0.0068,0.0071,3.069962,0.8839,9
42,548198300,50,36.740454995921,127.123056227256,51.712729156017,0.0069,0.0071,173.111353,0.8839,9
43,548198350,50,36.740455006067,127.123056214019,51.715825772844,0.0069,0.0071,313.602757,0.8839,9
44,548198400,50,36.740455030055,127.123056255551,51.713103881106,0.0069,0.0071,54.335164,0.8839,9
45,548198450,50,36.740455029761,127.123056237982,51.715627304278,0.0069,0.0071,268.810640,0.8839,9
46,548198500,50,36.740455016284,127.123056228203,51.710536940955,0.0069,0.0071,210.285067,0.8839,9
47,548198550,50,36.740455016675,127.123056221492,51.716844325885,0.0069,0.0071,274.142274,0.8839,9
48,548198600,50,36.740455034280,127.123056232412,51.711155798286,0.0069,0.0071,26.530102,0.8839,9
49,548198650,50,36.740455034202,127.123056245844,51.715745395981,0.0069,0.0071,90.413275,0.8839,9
50,548198700,50,36.740455024324,127.123056223942,51.716714704409,0.0068,0.0071,90.413275,0.8839,9
51,548198750,50,36.740455022690,127.123056235341,51.715972192585,0.0068,0.0071,100.104143,0.8839,9
52,548198800,50,36.740455022003,127.123056224492,51.713175992481,0.0068,0.0071,265.507012,0.8839,9
53,548198850,50,36.740455028229,127.123056222439,51.714645706117,0.0068,0.0071,345.137500,0.8839,9
54,548198900,50,36.740455018819,127.123056238349,51.713751549833,0.0068,0.0071,126.312735,0.8839,9
55,548198950,50,36.740455027968,127.123056229897,51.713948213495,0.0068,0.0071,323.367589,0.8839,9
56,548199000,50,36.740455029839,127.123056244315,51.711404785514,0.0068,0.0071,80.837963,0.8839,9
57,548199050,50,36.740455042415,127.123056236409,51.712714334019,0.0068,0.0071,333.165243,0.8839,9
58,548199100,50,36.740455041205,127.123056242531,51.714622823521,0.0068,0.0071,103.799701,0.8839,9
59,548199150,50,36.740455031697,127.123056231215,51.713293411769,0.0068,0.0071,223.766696,0.8839,9
60,548199200,50,36.740455028863,127.123056232853,51.715461803600,0.0068,0.0071,155.055079,0.8839,9
61,548199250,50,36.740455042075,127.123056242127,51.712894647382,0.0068,0.0071,29.465295,0.8839,9
62,548199300,50,36.740455053088,127.123056230340,51.711321277544,0.0068,0.0071,319.259643,0.8839,9
63,548199350,50,36.740455032899,127.123056243991,51.711300030351,0.0068,0.0071,151.447172,0.8839,9
64,548199400,50,36.740455046500,127.123056234990,51.711257898249,0.0068,0.0071,331.958952,0.8839,9
65,548199450,50,36.740455043953,127.123056241844,51.713566466235,0.0068,0.0071,114.776660,0.8839,9
66,548199500,50,36.740455053027,127.123056243671,51.711139990017,0.0068,0.0071,9.204287,0.8839,9
67,548199550,50,36.740455048362,127.123056262300,51.712256919593,0.0068,0.0071,107.284173,0.8839,9
68,548199600,50,36.740455036948,127.123056239555,51.707547659986,0.0068,0.0071,238.057497,0.8839,9
69,548199650,50,36.740455043777,127.123056239035,51.711599742994,0.0069,0.0071,356.491633,0.8839,9
70,548199700,50,36.740455044352,127.123056228680,51.710956046358,0.0067,0.0070,356.491633,0.8839,9
71,548199750,50,36.740455050176,127.123056245959,51.707890475169,0.0069,0.0071,67.276974,0.8839,9
72,548199800,50,36.740455038719,127.123056231859,51.708551033400,0.0069,0.0071,224.727927,0.8839,9
73,548199850,50,36.740455037894,127.123056233929,51.706325419247,0.0069,0.0071,116.335923,0.8839,9
74,548199900,50,36.740455033805,127.123056237665,51.705657664686,0.0069,0.0071,143.675554,0.8839,9
75,548199950,50,36.740455036107,127.123056241707,51.708252046257,0.0069,0.0071,54.713981,0.8839,9
76,548200000,50,36.740455031101,127.123056224310,51.712003736757,0.0069,0.0071,250.326034,0.8839,9
77,548200050,50,36.740455027401,127.123056230085,51.707795376889,0.0069,0.0071,128.524780,0.8839,9
78,548200100,50,36.740455039257,127.123056226668,51.711258295923,0.0069,0.0071,346.943793,0.8839,9
79,548200150,50,36.740455030700,127.123056235603,51.707637573592,0.0070,0.0071,139.958558,0.8839,9
80,548200200,50,36.740455028792,127.123056247000,51.709376292303,0.0070,0.0071,101.751081,0.8839,9
81,548200250,50,36.740455028498,127.123056235782,51.712247296236,0.0070,0.0071,268.132607,0.8839,9
82,548200300,50,36.740455021980,127.123056244963,51.708102268167,0.0070,0.0072,131.413670,0.8839,9
83,548200350,50,36.740455024059,127.123056233129,51.713255788200,0.0070,0.0072,282.311419,0.8839,9
84,548200400,50,36.740455018207,127.123056236082,51.712713672780,0.0070,0.0072,157.897528,0.8839,9
85,548200450,50,36.740455032674,127.123056240244,51.711384710856,0.0070,0.0072,13.037815,0.8839,9
86,548200500,50,36.740455026309,127.123056233895,51.712507124059,0.0070,0.0072,218.758388,0.8839,9
87,548200550,50,36.740455021642,127.123056255311,51.709089143202,0.0070,0.0072,105.148913,0.8839,9
88,548200600,50,36.740455017540,127.123056251252,51.711186312139,0.0070,0.0072,218.539914,0.8839,9
89,548200650,50,36.740455017148,127.123056237859,51.711422611959,0.0070,0.0072,267.913425,0.8839,9
90,548200700,50,36.740455010389,127.123056227213,51.715319061652,0.0070,0.0072,231.731609,0.8839,9
91,548200750,50,36.740455019665,127.123056237315,51.710357219912,0.0070,0.0072,41.231687,0.8839,9
92,548200800,50,36.740455038664,127.123056252263,51.709364425391,0.0070,0.0072,32.343203,0.8839,9
93,548200850,50,36.740455011480,127.123056242106,51.716055984609,0.0071,0.0072,196.737150,0.8839,9
94,548200900,50,36.740454998552,127.123056213972,51.713608820923,0.0069,0.0071,196.737150,0.8839,9
95,548200950,50,36.740455003406,127.123056217520,51.715499629267,0.0069,0.0071,30.469950,0.8839,9
96,548201000,50,36.740455016239,127.123056230358,51.714502076618,0.0069,0.0071,38.837688,0.8839,9
97,548201050,50,36.740455008082,127.123056239662,51.714367560111,0.0069,0.0071,137.446732,0.8839,9
98,548201100,50,36.740455010887,127.123056212534,51.715599261224,0.0069,0.0071,277.320423,0.8839,9
99,548201150,50,36.740455007812,127.123056226885,51.716227281839,0.0069,0.0071,104.908703,0.8839,9
100,548201200,50,36.740455016329,127.123056230200,51.712728904560,0.0070,0.0071,17.393677,0.8839,9
101,548201250,50,36.740455012414,127.123056222420,51.714675187133,0.0070,0.0071,237.983277,0.8839,9
102,548201300,50,36.740455003853,127.123056210524,51.714929343201,0.0070,0.0071,228.197560,0.8839,9
103,548201350,50,36.740455012857,127.123056209518,51.717770777643,0.0070,0.0071,354.861629,0.8839,9
104,548201400,50,36.740455022854,127.123056220154,51.714200171642,0.0070,0.0071,40.572342,0.8839,9
105,548201450,50,36.740455008183,127.123056234044,51.715426173992,0.0070,0.0071,142.692700,0.8839,9
106,548201500,50,36.740455004166,127.123056215128,51.716584923677,0.0070,0.0072,255.217922,0.8839,9
107,548201550,50,36.740455015939,127.123056213465,51.714856543578,0.0070,0.0072,353.514780,0.8839,9
108,548201600,50,36.740455030223,127.123056233537,51.712656430900,0.0070,0.0072,48.516404,0.8839,9
109,548201650,50,36.740455023516,127.123056228410,51.712807661854,0.0070,0.0072,211.598123,0.8839,9
110,548201700,50,36.740455012366,127.123056233328,51.713467244059,0.0070,0.0072,160.455392,0.8839,9
111,548201750,50,36.740455012818,127.123056214309,51.718959961087,0.0070,0.0072,271.693289,0.8839,9
112,548201800,50,36.740455010853,127.123056234068,51.714338327758,0.0070,0.0072,97.045140,0.8839,9
113,548201850,50,36.740455015188,127.123056222179,51.718308497220,0.0070,0.0072,294.371647,0.8839,9
114,548201900,50,36.740454999371,127.123056226381,51.714061888866,0.0070,0.0072,167.932279,0.8839,9
115,548201950,50,36.740455017164,127.123056220271,51.720191778615,0.0071,0.0072,344.551643,0.8839,9
116,548202000,50,36.740455013431,127.123056229291,51.714612958021,0.0071,0.0072,117.211201,0.8839,9
117,548202050,50,36.740455020562,127.123056238663,51.716880001128,0.0071,0.0072,46.608162,0.8839,9
118,548202100,50,36.740455013720,127.123056241378,51.715622448362,0.0071,0.0072,162.287500,0.8839,9
119,548202150,50,36.740455023904,127.123056228837,51.714043333195,0.0069,0.0071,162.287500,0.8839,9
120,548202200,50,36.740455021148,127.123056232018,51.717528808862,0.0069,0.0071,137.112801,0.8839,9
121,548202250,50,36.740455014592,127.123056242299,51.714248188771,0.0070,0.0071,128.387688,0.8839,9
122,548202300,50,36.740455024484,127.123056234050,51.714270814322,0.0070,0.0071,326.132029,0.8839,9
123,548202350,50,36.740455039588,127.123056244049,51.713629476726,0.0070,0.0072,28.048592,0.8839,9
124,548202400,50,36.740455024400,127.123056227846,51.714196025394,0.0070,0.0072,220.650188,0.8839,9
125,548202450,50,36.740455019770,127.123056240399,51.716382800601,0.0070,0.0072,114.620486,0.8839,9
126,548202500,50,36.740455034451,127.123056249576,51.716704970226,0.0070,0.0072,26.707633,0.8839,9
127,548202550,50,36.740455038080,127.123056245397,51.716510282829,0.0070,0.0072,317.176897,0.8839,9
128,548202600,50,36.740455046978,127.123056239398,51.715298987925,0.0070,0.0072,331.517782,0.8839,9
129,548202650,50,36.740455034926,127.123056221487,51.712956388481,0.0069,0.0071,331.517782,0.8839,9
130,548202700,50,36.740455036867,127.123056229542,51.716261285357,0.0069,0.0071,73.327910,0.8839,9
131,548202750,50,36.740455035811,127.123056214037,51.714758088812,0.0069,0.0071,265.160792,0.8839,9
132,548202800,50,36.740455036382,127.123056220148,51.715026700869,0.0069,0.0071,83.373762,0.8839,9
133,548202850,50,36.740455053336,127.123056240292,51.716011602432,0.0069,0.0071,43.719566,0.8839,9
134,548202900,50,36.740455044861,127.123056224147,51.710987740196,0.0069,0.0071,236.884702,0.8839,9
135,548202950,50,36.740455051031,127.123056224967,51.708097452298,0.0069,0.0071,6.100228,0.8839,9
136,548203000,50,36.740455057761,127.123056224797,51.714376937598,0.0069,0.0071,358.839782,0.8839,9
137,548203050,50,36.740455056371,127.123056234965,51.713561449200,0.0069,0.0071,99.641596,0.8839,9
138,548203100,50,36.740455045049,127.123056240679,51.712364166975,0.0069,0.0072,157.893833,0.8839,9
139,548203150,50,36.740455060828,127.123056234144,51.709481846541,0.0069,0.0072,341.566155,0.8839,9
140,548203200,50,36.740455074438,127.123056227443,51.711309088394,0.0070,0.0072,338.381228,0.8839,9
141,548203250,50,36.740455050755,127.123056239398,51.708883143961,0.0070,0.0072,157.889243,0.8839,9
142,548203300,50,36.740455063520,127.123056236725,51.711986010894,0.0070,0.0072,350.433045,0.8839,9
143,548203350,50,36.740455056662,127.123056228935,51.712016731501,0.0070,0.0072,222.428207,0.8839,9
144,548203400,50,36.740455072714,127.123056236040,51.708199885674,0.0070,0.0072,19.606737,0.8839,9
145,548203450,50,36.740455081364,127.123056254107,51.709309198894,0.0070,0.0072,59.252004,0.8839,9
146,548203500,50,36.740455050745,127.123056234894,51.707903051749,0.0070,0.0072,206.794979,0.8839,9
147,548203550,50,36.740455064205,127.123056246765,51.709745529108,0.0070,0.0072,35.369509,0.8839,9
148,548203600,50,36.740455069701,127.123056243599,51.712365075946,0.0070,0.0072,335.126004,0.8839,9
149,548203650,50,36.740455077320,127.123056250811,51.709166071378,0.0070,0.0072,37.302254,0.8839,9
150,548203700,50,36.740455050958,127.123056235674,51.708704449236,0.0069,0.0071,37.302254,0.8839,9
151,548203750,50,36.740455074079,127.123056253461,51.714387949556,0.0069,0.0071,31.764022,0.8839,9
152,548203800,50,36.740455054695,127.123056246915,51.710056527518,0.0069,0.0071,195.205288,0.8839,9
153,548203850,50,36.740455075125,127.123056240463,51.714332865551,0.0069,0.0071,345.740349,0.8839,9
154,548203900,50,36.740455058419,127.123056235357,51.710457058623,0.0069,0.0071,193.819789,0.8839,9
155,548203950,50,36.740455053643,127.123056240088,51.711936324835,0.0069,0.0071,141.434663,0.8839,9
156,548204000,50,36.740455064383,127.123056249872,51.708777355962,0.0069,0.0071,36.250505,0.8839,9
157,548204050,50,36.740455066117,127.123056248328,51.708759437315,0.0070,0.0072,324.367544,0.8839,9
158,548204100,50,36.740455049018,127.123056242081,51.708969873376,0.0070,0.0072,196.384026,0.8839,9
159,548204150,50,36.740455079496,127.123056260584,51.714457748458,0.0070,0.0072,26.040354,0.8839,9
160,548204200,50,36.740455061467,127.123056225627,51.715699528344,0.0070,0.0072,237.347574,0.8839,9
161,548204250,50,36.740455052818,127.123056244761,51.708314213902,0.0070,0.0072,119.321621,0.8839,9
162,548204300,50,36.740455063759,127.123056262093,51.712449941784,0.0070,0.0072,51.891063,0.8839,9
163,548204350,50,36.740455053329,127.123056242710,51.710283058695,0.0070,0.0072,236.233876,0.8839,9
164,548204400,50,36.740455061954,127.123056251336,51.717211663723,0.0070,0.0072,38.830200,0.8839,9
165,548204450,50,36.740455067369,127.123056245696,51.709838451818,0.0070,0.0072,320.028806,0.8839,9
166,548204500,50,36.740455064370,127.123056246535,51.710578659549,0.0070,0.0072,167.316610,0.8839,9
167,548204550,50,36.740455060575,127.123056252152,51.714351031929,0.0070,0.0072,130.005223,0.8839,9
168,548204600,50,36.740455048030,127.123056240923,51.712988045998,0.0070,0.0072,215.768859,0.8839,9
169,548204650,50,36.740455041158,127.123056241679,51.715127533302,0.0069,0.0071,215.768859,0.8839,9
170,548204700,50,36.740455038999,127.123056240052,51.713502701372,0.0069,0.0071,211.230902,0.8839,9
171,548204750,50,36.740455039016,127.123056228039,51.712899538688,0.0069,0.0071,270.100856,0.8839,9
172,548204800,50,36.740455037241,127.123056231463,51.711874650791,0.0069,0.0071,122.784549,0.8839,9
173,548204850,50,36.740455046906,127.123056231897,51.714668585919,0.0069,0.0071,2.069957,0.8839,9
174,548204900,50,36.740455043925,127.123056232323,51.712274338119,0.0069,0.0071,173.439013,0.8839,9
175,548204950,50,36.740455049300,127.123056239206,51.716970263980,0.0069,0.0071,45.867439,0.8839,9
176,548205000,50,36.740455051851,127.123056252426,51.712067988701,0.0069,0.0071,76.512922,0.8839,9
177,548205050,50,36.740455047792,127.123056236936,51.710477109067,0.0069,0.0071,251.963768,0.8839,9
178,548205100,50,36.740455068189,127.123056240972,51.716897374019,0.0069,0.0071,9.047518,0.8839,9
179,548205150,50,36.740455060790,127.123056239821,51.711538378149,0.0069,0.0072,187.132484,0.8839,9
180,548205200,50,36.740455061574,127.123056243695,51.712997508235,0.0069,0.0072,75.881508,0.8839,9
181,548205250,50,36.740455050665,127.123056240763,51.714534611441,0.0070,0.0072,192.205381,0.8839,9
182,548205300,50,36.740455054971,127.123056239571,51.710752184503,0.0070,0.0072,347.440110,0.8839,9
183,548205350,50,36.740455063002,127.123056242103,51.713172727264,0.0070,0.0072,14.238703,0.8839,9
184,548205400,50,36.740455064556,127.123056236503,51.718143776059,0.0070,0.0072,289.026220,0.8839,9
185,548205450,50,36.740455062007,127.123056236000,51.715003916062,0.0070,0.0072,189.015681,0.8839,9
186,548205500,50,36.740455065676,127.123056236752,51.714917410165,0.0070,0.0072,9.362444,0.8839,9
187,548205550,50,36.740455056063,127.123056247022,51.714307154529,0.0070,0.0072,139.309517,0.8839,9
188,548205600,50,36.740455051473,127.123056232400,51.712712229230,0.0070,0.0072,248.693574,0.8839,9
189,548205650,50,36.740455055955,127.123056238465,51.714296192862,0.0070,0.0072,47.447871,0.8839,9
190,548205700,50,36.740455061865,127.123056249695,51.714198756032,0.0070,0.0072,56.820195,0.8839,9
191,548205750,50,36.740455051676,127.123056252455,51.715525847860,0.0070,0.0072,167.700755,0.8839,9
192,548205800,50,36.740455062141,127.123056240295,51.717616038397,0.0070,0.0072,316.919000,0.8839,9
193,548205850,50,36.740455041763,127.123056218658,51.714818088338,0.0068,0.0071,316.919000,0.8839,9
194,548205900,50,36.740455032891,127.123056214170,51.714910358191,0.0068,0.0071,202.155064,0.8839,9
195,548205950,50,36.740455042479,127.123056247650,51.715190910734,0.0069,0.0071,70.412135,0.8839,9
196,548206000,50,36.740455039783,127.123056222363,51.719827363268,0.0069,0.0071,262.451854,0.8839,9
197,548206050,50,36.740455050012,127.123056217171,51.718230289407,0.0069,0.0071,337.780119,0.8839,9
198,548206100,50,36.740455051099,127.123056242768,51.717113550752,0.0069,0.0071,86.979624,0.8839,9
199,548206150,50,36.740455055669,127.123056239522,51.715374136344,0.0069,0.0071,330.247504,0.8839,9
200,548206200,50,36.740455040158,127.123056211509,51.720671162941,0.0069,0.0071,235.472504,0.8839,9
201,548206250,50,36.740455064038,127.123056243763,51.717660583556,0.0069,0.0071,47.389563,0.8839,9
202,548206300,50,36.740455031699,127.123056222471,51.715750710107,0.0069,0.0071,207.919905,0.8839,9
203,548206350,50,36.740455028398,127.123056248175,51.716482223943,0.0069,0.0071,99.065530,0.8839,9
204,548206400,50,36.740455056770,127.123056243888,51.717761957087,0.0069,0.0071,353.066301,0.8839,9
205,548206450,50,36.740455050762,127.123056244704,51.720023615286,0.0069,0.0071,173.767149,0.8839,9
206,548206500,50,36.740455038230,127.123056227816,51.714705417864,0.0069,0.0071,227.323384,0.8839,9
207,548206550,50,36.740455041361,127.123056229235,51.721091417596,0.0069,0.0071,20.051778,0.8839,9
208,548206600,50,36.740455046838,127.123056234917,51.719879450276,0.0069,0.0072,39.858227,0.8839,9
209,548206650,50,36.740455049821,127.123056220666,51.718146027997,0.0069,0.0072,284.576063,0.8839,9
210,548206700,50,36.740455066397,127.123056191653,51.717322424054,0.0069,0.0072,305.370269,0.8839,9
211,548206750,50,36.740455054553,127.123056168383,51.716391473077,0.0070,0.0072,237.691345,0.8839,9
212,548206800,50,36.740455067292,127.123056120245,51.718467747793,0.0070,0.0072,288.201914,0.8839,9
213,548206850,50,36.740455108884,127.123056077149,51.719808710739,0.0070,0.0072,320.174558,0.8839,9
214,548206900,50,36.740455122641,127.123056010779,51.717978810892,0.0070,0.0072,284.441996,0.8839,9
215,548206950,50,36.740455154934,127.123055963248,51.718203338794,0.0070,0.0072,310.170468,0.8839,9
216,548207000,50,36.740455186832,127.123055870205,51.717601470649,0.0070,0.0072,293.072036,0.8839,9
217,548207050,50,36.740455220630,127.123055791991,51.720539199188,0.0070,0.0072,298.232734,0.8839,9
218,548207100,50,36.740455241134,127.123055699539,51.715935042128,0.0068,0.0071,298.232734,0.8839,9
219,548207150,50,36.740455290339,127.123055603964,51.712241292000,0.0068,0.0071,302.606417,0.8839,9
220,548207200,50,36.740455328314,127.123055481458,51.712559607811,0.0068,0.0071,291.064589,0.8839,9
221,548207250,50,36.740455378002,127.123055340151,51.715926085599,0.0068,0.0071,293.600962,0.8839,9
222,548207300,50,36.740455435459,127.123055162319,51.713529823348,0.0068,0.0071,291.872857,0.8839,9
223,548207350,50,36.740455514405,127.123054991341,51.711876668036,0.0068,0.0071,299.843186,0.8839,9
224,548207400,50,36.740455598634,127.123054802079,51.705900359899,0.0069,0.0071,298.941293,0.8839,9
225,548207450,50,36.740455665796,127.123054579238,51.713807730004,0.0069,0.0071,290.530003,0.8839,9
226,548207500,50,36.740455749655,127.123054332201,51.713492350653,0.0069,0.0071,292.868989,0.8839,9
227,548207550,50,36.740455866397,127.123054086249,51.715360066853,0.0069,0.0071,300.530522,0.8839,9
228,548207600,50,36.740455960991,127.123053753019,51.710797267966,0.0069,0.0071,289.428354,0.8839,9
229,548207650,50,36.740456073395,127.123053417802,51.708928172477,0.0070,0.0072,292.618371,0.8839,9
230,548207700,50,36.740456214031,127.123053092040,51.711455268785,0.0069,0.0071,292.618370,0.8839,9
231,548207750,50,36.740456357245,127.123052733401,51.714739523828,0.0069,0.0071,296.389028,0.8839,9
232,548207800,50,36.740456534478,127.123052357575,51.715678813867,0.0069,0.0071,300.368140,0.8839,9
233,548207850,50,36.740456683243,127.123051946608,51.705543122254,0.0069,0.0071,294.216802,0.8839,9
234,548207900,50,36.740456861138,127.123051453360,51.712009407580,0.0069,0.0071,294.138353,0.8839,9
235,548207950,50,36.740457012542,127.123050968912,51.714688558131,0.0069,0.0071,291.222214,0.8839,9
236,548208000,50,36.740457230869,127.123050462886,51.714257481508,0.0069,0.0071,298.195180,0.8839,9
237,548208050,50,36.740457473563,127.123049932538,51.711236818694,0.0069,0.0071,299.622081,0.8839,9
238,548208100,50,36.740457651906,127.123049324732,51.715280664153,0.0069,0.0072,290.030790,0.8839,9
239,548208150,50,36.740457905756,127.123048726187,51.712007699534,0.0069,0.0072,297.787659,0.8839,9
240,548208200,50,36.740458151481,127.123048083052,51.720141099766,0.0070,0.0072,295.395085,0.8839,9
241,548208250,50,36.740458372481,127.123047446302,51.719477387145,0.0070,0.0072,293.327934,0.8839,9
242,548208300,50,36.740458663861,127.123046720302,51.709298384376,0.0070,0.0072,296.504583,0.8839,9
243,548208350,50,36.740458986959,127.123046028463,51.711762837134,0.0070,0.0072,300.125289,0.8839,9
244,548208400,50,36.740459218498,127.123045249118,51.713876808062,0.0070,0.0072,290.261243,0.8839,9
245,548208450,50,36.740459534638,127.123044423648,51.718261293136,0.0070,0.0072,295.447883,0.8839,9
246,548208500,50,36.740459878841,127.123043518878,51.708259631880,0.0070,0.0072,295.299701,0.8839,9
247,548208550,50,36.740460213017,127.123042699017,51.721009233035,0.0070,0.0072,296.859817,0.8839,9
248,548208600,50,36.740460567339,127.123041777297,51.716803522781,0.0071,0.0072,295.530946,0.8839,9
249,548208650,50,36.740460918887,127.123040802285,51.715202482417,0.0069,0.0072,295.530943,0.8839,9
250,548208700,50,36.740461315607,127.123039827589,51.720756992698,0.0069,0.0072,296.826926,0.8839,9
251,548208750,50,36.740461711647,127.123038822221,51.720175409690,0.0069,0.0072,296.079772,0.8839,9
252,548208800,50,36.740462116435,127.123037776534,51.715909739025,0.0070,0.0072,295.686602,0.8839,9
253,548208850,50,36.740462536607,127.123036694912,51.718933271244,0.0070,0.0072,295.765286,0.8839,9
254,548208900,50,36.740462956612,127.123035571986,51.720395801589,0.0070,0.0072,294.925868,0.8839,9
255,548208950,50,36.740463425694,127.123034423113,51.713513075374,0.0070,0.0072,296.899335,0.8839,9
256,548209000,50,36.740463870639,127.123033256648,51.716257626191,0.0070,0.0072,295.358785,0.8839,9
257,548209050,50,36.740464355745,127.123032009521,51.713308088481,0.0070,0.0072,295.794967,0.8839,9
258,548209100,50,36.740464817637,127.123030774866,51.714444530196,0.0070,0.0072,294.930505,0.8839,9
259,548209150,50,36.740465354022,127.123029480424,51.714676059783,0.0070,0.0072,297.242390,0.8839,9
260,548209200,50,36.740465826105,127.123028136671,51.725472082384,0.0070,0.0072,293.582028,0.8839,9
261,548209250,50,36.740466340566,127.123026811451,51.719234623946,0.0070,0.0072,295.750449,0.8839,9
262,548209300,50,36.740466891045,127.123025435605,51.715999215841,0.0070,0.0072,296.433465,0.8839,9
263,548209350,50,36.740467431909,127.123024053541,51.714128373191,0.0071,0.0072,295.931396,0.8839,9
264,548209400,50,36.740467993007,127.123022630598,51.717538011260,0.0071,0.0072,296.102534,0.8839,9
265,548209450,50,36.740468562867,127.123021170466,51.719580145553,0.0071,0.0072,295.870015,0.8839,9
266,548209500,50,36.740469118663,127.123019654459,51.716579859145,0.0071,0.0072,294.490583,0.8839,9
267,548209550,50,36.740469700031,127.123018159075,51.722575413994,0.0071,0.0072,295.783248,0.8839,9
268,548209600,50,36.740470324262,127.123016642742,51.720697583631,0.0071,0.0072,297.090044,0.8839,9
269,548209650,50,36.740470936419,127.123015107614,51.714023207314,0.0070,0.0072,297.090033,0.8839,9
270,548209700,50,36.740471534528,127.123013514572,51.719515264966,0.0070,0.0072,295.009179,0.8839,9
271,548209750,50,36.740472178144,127.123011924845,51.711469744332,0.0070,0.0072,296.704349,0.8839,9
272,548209800,50,36.740472825484,127.123010315834,51.708285248838,0.0070,0.0072,296.559988,0.8839,9
273,548209850,50,36.740473430793,127.123008653300,51.713871149346,0.0070,0.0072,294.341235,0.8839,9
274,548209900,50,36.740474062976,127.123006979646,51.717845921405,0.0070,0.0072,295.142050,0.8839,9
275,548209950,50,36.740474728637,127.123005297325,51.713239521720,0.0070,0.0072,296.180461,0.8839,9
276,548210000,50,36.740475420312,127.123003600264,51.724370801821,0.0070,0.0072,296.858273,0.8839,9
277,548210050,50,36.740476080714,127.123001882027,51.713592013344,0.0070,0.0072,295.527203,0.8839,9
278,548210100,50,36.740476777831,127.123000158984,51.709751230665,0.0070,0.0072,296.688734,0.8839,9
279,548210150,50,36.740477461423,127.122998381978,51.711585624143,0.0070,0.0072,295.546815,0.8839,9
280,548210200,50,36.740478164536,127.122996570166,51.718652442098,0.0070,0.0072,295.742644,0.8839,9
281,548210250,50,36.740478872714,127.122994777780,51.709595348686,0.0070,0.0072,296.147384,0.8839,9
282,548210300,50,36.740479542393,127.122992928543,51.702997795306,0.0071,0.0072,294.225911,0.8839,9
283,548210350,50,36.740480305248,127.122991101277,51.707942606881,0.0071,0.0072,297.417109,0.8839,9
284,548210400,50,36.740481027098,127.122989243122,51.707046356983,0.0071,0.0072,295.766015,0.8839,9
285,548210450,50,36.740481776173,127.122987380052,51.711366196163,0.0071,0.0072,296.545391,0.8839,9
286,548210500,50,36.740482492916,127.122985441232,51.711468344554,0.0071,0.0072,294.670848,0.8839,9
287,548210550,50,36.740483255227,127.122983537875,51.715812921524,0.0071,0.0072,296.456638,0.8839,9
288,548210600,50,36.740484022142,127.122981611262,51.712035173550,0.0071,0.0072,296.317005,0.8839,9
289,548210650,50,36.740484770202,127.122979690180,51.712884792127,0.0071,0.0072,295.819021,0.8839,9
290,548210700,50,36.740485534199,127.122977767944,51.716767365113,0.0071,0.0072,296.281991,0.8839,9
291,548210750,50,36.740486303768,127.122975788952,51.708022786304,0.0071,0.0072,295.788692,0.8839,9
292,548210800,50,36.740487113013,127.122973830155,51.704392760992,0.0070,0.0072,295.788674,0.8839,9
293,548210850,50,36.740487880377,127.122971847903,51.707574049011,0.0070,0.0072,295.687464,0.8839,9
294,548210900,50,36.740488660081,127.122969868683,51.710064618848,0.0070,0.0072,296.080919,0.8839,9
295,548210950,50,36.740489424552,127.122967851410,51.712417135015,0.0070,0.0072,295.214154,0.8839,9
296,548211000,50,36.740490231964,127.122965863450,51.705437691882,0.0070,0.0072,296.777683,0.8839,9
297,548211050,50,36.740491042801,127.122963879464,51.707457097247,0.0070,0.0072,296.921642,0.8839,9
298,548211100,50,36.740491816438,127.122961816833,51.708443808369,0.0070,0.0072,294.987066,0.8839,9
299,548211150,50,36.740492652227,127.122959811624,51.710497044958,0.0070,0.0072,297.379228,0.8839,9
300,548211200,50,36.740493449789,127.122957736972,51.711639182642,0.0070,0.0072,295.532015,0.8839,9
301,548211250,50,36.740494274038,127.122955677103,51.700443179347,0.0070,0.0072,296.435980,0.8839,9
302,548211300,50,36.740495111528,127.122953584561,51.706377101131,0.0070,0.0072,296.440512,0.8839,9
303,548211350,50,36.740495930095,127.122951455374,51.705681290478,0.0070,0.0072,295.533106,0.8839,9
304,548211400,50,36.740496795203,127.122949329139,51.709247656167,0.0070,0.0072,296.818675,0.8839,9
305,548211450,50,36.740497644238,127.122947211228,51.710906692781,0.0071,0.0072,296.478028,0.8839,9
306,548211500,50,36.740498495678,127.122945032217,51.701967611909,0.0071,0.0072,295.896914,0.8839,9
307,548211550,50,36.740499393724,127.122942859397,51.704271862283,0.0071,0.0072,297.182411,0.8839,9
308,548211600,50,36.740500240284,127.122940604222,51.707477318123,0.0071,0.0072,295.005371,0.8839,9
309,548211650,50,36.740501148927,127.122938367585,51.704001571983,0.0071,0.0072,296.783576,0.8839,9
310,548211700,50,36.740502036396,127.122936074669,51.702494292520,0.0071,0.0072,295.683493,0.8839,9
311,548211750,50,36.740502962495,127.122933824006,51.704113575630,0.0071,0.0072,297.079198,0.8839,9
312,548211800,50,36.740503862120,127.122931474277,51.700907096267,0.0071,0.0072,295.441051,0.8839,9
313,548211850,50,36.740504785458,127.122929094210,51.707960892469,0.0071,0.0072,295.735422,0.8839,9
314,548211900,50,36.740505743941,127.122926721113,51.702020112425,0.0071,0.0072,296.649590,0.8839,9
315,548211950,50,36.740506720210,127.122924350387,51.701600423083,0.0071,0.0073,297.097452,0.8839,9
316,548212000,50,36.740507687223,127.122921909417,51.698443576694,0.0071,0.0073,296.207964,0.8839,9
317,548212050,50,36.740508670474,127.122919453988,51.705659542233,0.0071,0.0073,296.452734,0.8839,9
318,548212100,50,36.740509644190,127.122916989144,51.698675659485,0.0071,0.0073,296.143900,0.8839,9
319,548212150,50,36.740510668797,127.122914425695,51.708215700462,0.0070,0.0072,296.143878,0.8839,9
320,548212200,50,36.740511704894,127.122911897128,51.704487415962,0.0070,0.0072,296.981931,0.8839,9
321,548212250,50,36.740512720340,127.122909353862,51.699830733240,0.0070,0.0072,296.385870,0.8839,9
322,548212300,50,36.740513789068,127.122906764434,51.703701235354,0.0070,0.0072,297.149638,0.8839,9
323,548212350,50,36.740514800694,127.122904139821,51.701110760681,0.0070,0.0072,295.590325,0.8839,9
324,548212400,50,36.740515865561,127.122901512566,51.701381519437,0.0071,0.0072,296.730294,0.8839,9
325,548212450,50,36.740516934059,127.122898817906,51.708984497003,0.0071,0.0072,296.228883,0.8839,9
326,548212500,50,36.740518004951,127.122896116023,51.707905209623,0.0071,0.0072,296.218906,0.8839,9
327,548212550,50,36.740519080788,127.122893409851,51.707675633021,0.0071,0.0072,296.287570,0.8839,9
328,548212600,50,36.740520206050,127.122890658433,51.708341610618,0.0071,0.0072,296.937769,0.8839,9
329,548212650,50,36.740521301806,127.122887897226,51.705614225008,0.0069,0.0072,296.937743,0.8839,9
330,548212700,50,36.740522439391,127.122885110931,51.706089396961,0.0069,0.0072,296.898301,0.8839,9
331,548212750,50,36.740523570917,127.122882275540,51.710347581655,0.0069,0.0072,296.374646,0.8839,9
332,548212800,50,36.740524713127,127.122879460290,51.699178596959,0.0069,0.0072,296.753400,0.8839,9
333,548212850,50,36.740525872405,127.122876555328,51.706749991514,0.0069,0.0072,296.374407,0.8839,9
334,548212900,50,36.740527017881,127.122873647209,51.702764475718,0.0070,0.0072,296.077712,0.8839,9
335,548212950,50,36.740528222721,127.122870756899,51.704315372743,0.0070,0.0072,297.381800,0.8839,9
336,548213000,50,36.740529417751,127.122867774927,51.698309024796,0.0070,0.0072,296.470537,0.8839,9
337,548213050,50,36.740530625061,127.122864837935,51.702774157748,0.0070,0.0072,297.056151,0.8839,9
338,548213100,50,36.740531852785,127.122861835490,51.704924254678,0.0070,0.0072,296.933946,0.8839,9
339,548213150,50,36.740533062814,127.122858787429,51.706224208698,0.0070,0.0072,296.255161,0.8839,9
340,548213200,50,36.740534287539,127.122855762300,51.703511855565,0.0070,0.0072,296.703896,0.8839,9
341,548213250,50,36.740535537127,127.122852688890,51.708022406325,0.0070,0.0072,296.802085,0.8839,9
342,548213300,50,36.740536781013,127.122849565286,51.701467420906,0.0070,0.0072,296.326024,0.8839,9
343,548213350,50,36.740538045734,127.122846445753,51.704819126055,0.0070,0.0072,296.736236,0.8839,9
344,548213400,50,36.740539348951,127.122843332055,51.705298220739,0.0070,0.0072,297.476517,0.8839,9
345,548213450,50,36.740540651389,127.122840167559,51.711377247237,0.0070,0.0072,297.084861,0.8839,9
346,548213500,50,36.740541925980,127.122836987390,51.707179230638,0.0070,0.0072,296.472939,0.8839,9
347,548213550,50,36.740543247739,127.122833740265,51.705760039389,0.0070,0.0072,296.829030,0.8839,9
348,548213600,50,36.740544560032,127.122830533553,51.706479031593,0.0070,0.0072,296.952350,0.8839,9
349,548213650,50,36.740545919559,127.122827296558,51.707617546432,0.0070,0.0072,297.557912,0.8839,9
350,548213700,50,36.740547233609,127.122824003827,51.700117776170,0.0069,0.0072,297.557880,0.8839,9
351,548213750,50,36.740548602370,127.122820703196,51.697213196196,0.0069,0.0072,297.260545,0.8839,9
352,548213800,50,36.740549978836,127.122817387897,51.704523616470,0.0069,0.0072,297.288060,0.8839,9
353,548213850,50,36.740551345476,127.122814014135,51.705467225984,0.0069,0.0072,296.716864,0.8839,9
354,548213900,50,36.740552714184,127.122810632638,51.704778724350,0.0069,0.0072,296.698972,0.8839,9
355,548213950,50,36.740554103415,127.122807239381,51.708012386225,0.0069,0.0072,296.962308,0.8839,9
356,548214000,50,36.740555513142,127.122803817046,51.701072763652,0.0069,0.0072,297.104117,0.8839,9
357,548214050,50,36.740556947083,127.122800382790,51.706145420671,0.0069,0.0072,297.420299,0.8839,9
358,548214100,50,36.740558375446,127.122796880945,51.704625940882,0.0069,0.0072,296.876241,0.8839,9
359,548214150,50,36.740559825433,127.122793369453,51.701840582304,0.0070,0.0072,297.160868,0.8839,9
360,548214200,50,36.740561273782,127.122789875799,51.705004799180,0.0070,0.0072,297.253184,0.8839,9
361,548214250,50,36.740562701806,127.122786292069,51.705723340623,0.0070,0.0072,296.340510,0.8839,9
362,548214300,50,36.740564205425,127.122782752450,51.699632376432,0.0070,0.0072,297.825841,0.8839,9
363,548214350,50,36.740565735303,127.122779179302,51.698452585377,0.0070,0.0072,298.012758,0.8839,9
364,548214400,50,36.740567179667,127.122775500645,51.702077009715,0.0070,0.0072,296.005591,0.8839,9
365,548214450,50,36.740568712106,127.122771859719,51.701852465980,0.0071,0.0072,297.608031,0.8839,9
366,548214500,50,36.740570229705,127.122768222142,51.703612879850,0.0071,0.0072,297.401255,0.8839,9
367,548214550,50,36.740571765092,127.122764535124,51.704649738967,0.0071,0.0072,297.358028,0.8839,9
368,548214600,50,36.740573320693,127.122760794027,51.703468559310,0.0071,0.0072,297.323405,0.8839,9
369,548214650,50,36.740574862286,127.122757038060,51.706129201688,0.0071,0.0072,297.020515,0.8839,9
370,548214700,50,36.740576427273,127.122753301959,51.702314988710,0.0069,0.0072,297.020477,0.8839,9
371,548214750,50,36.740578009303,127.122749483428,51.706645475700,0.0069,0.0072,297.238414,0.8839,9
372,548214800,50,36.740579593031,127.122745678497,51.709624649025,0.0069,0.0072,297.346764,0.8839,9
373,548214850,50,36.740581195788,127.122741846078,51.705225010403,0.0069,0.0072,297.457863,0.8839,9
374,548214900,50,36.740582784812,127.122738017975,51.700031714514,0.0069,0.0072,297.282930,0.8839,9
375,548214950,50,36.740584410925,127.122734139749,51.701597970910,0.0069,0.0072,297.518527,0.8839,9
376,548215000,50,36.740586028613,127.122730287150,51.705396251753,0.0069,0.0072,297.552230,0.8839,9
377,548215050,50,36.740587647288,127.122726354736,51.703481080942,0.0069,0.0072,297.087441,0.8839,9
378,548215100,50,36.740589270317,127.122722429208,51.700021682307,0.0069,0.0072,297.190662,0.8839,9
379,548215150,50,36.740590931169,127.122718494484,51.699540181085,0.0069,0.0072,297.675564,0.8839,9
380,548215200,50,36.740592585319,127.122714568646,51.704582343809,0.0069,0.0072,297.633559,0.8839,9
381,548215250,50,36.740594254796,127.122710645157,51.701286769472,0.0069,0.0072,297.865457,0.8839,9
382,548215300,50,36.740595921805,127.122706685456,51.704520815983,0.0069,0.0072,297.613687,0.8839,9
383,548215350,50,36.740597575750,127.122702698862,51.702594455332,0.0069,0.0072,297.270714,0.8839,9
384,548215400,50,36.740599221463,127.122698713100,51.701002604328,0.0069,0.0072,297.159299,0.8839,9
385,548215450,50,36.740600903522,127.122694738940,51.703650954179,0.0069,0.0072,297.739619,0.8839,9
386,548215500,50,36.740602604964,127.122690762153,51.702745783143,0.0069,0.0072,297.995234,0.8839,9
387,548215550,50,36.740604297127,127.122686720581,51.699439966120,0.0069,0.0072,297.484753,0.8839,9
388,548215600,50,36.740606005504,127.122682694365,51.701629759744,0.0070,0.0072,297.798940,0.8839,9
389,548215650,50,36.740607703344,127.122678620173,51.700207646005,0.0070,0.0072,297.374894,0.8839,9
390,548215700,50,36.740609426900,127.122674586233,51.707018533722,0.0070,0.0072,297.963064,0.8839,9
391,548215750,50,36.740611164510,127.122670529350,51.704770767130,0.0070,0.0072,298.021226,0.8839,9
392,548215800,50,36.740612878021,127.122666409875,51.703411805443,0.0070,0.0072,297.331286,0.8839,9
393,548215850,50,36.740614644344,127.122662355918,51.706307855435,0.0068,0.0071,297.331243,0.8839,9
394,548215900,50,36.740616382453,127.122658254549,51.707419820130,0.0068,0.0071,297.769624,0.8839,9
395,548215950,50,36.740618111017,127.122654128088,51.711643991992,0.0069,0.0072,297.496388,0.8839,9
396,548216000,50,36.740619901395,127.122650056004,51.715905060992,0.0069,0.0072,298.647719,0.8839,9
397,548216050,50,36.740621671102,127.122645877541,51.716049046256,0.0069,0.0072,297.755308,0.8839,9
398,548216100,50,36.740623466657,127.122641777932,51.713113622740,0.0069,0.0072,298.555033,0.8839,9
399,548216150,50,36.740625208952,127.122637593763,51.712377096526,0.0069,0.0072,297.356424,0.8839,9
400,548216200,50,36.740627012168,127.122633455454,51.721223526634,0.0069,0.0072,298.431597,0.8839,9
401,548216250,50,36.740628753446,127.122629306836,51.719434751198,0.0069,0.0072,297.542732,0.8839,9
402,548216300,50,36.740630573206,127.122625178359,51.713973208331,0.0069,0.0072,298.708631,0.8839,9
403,548216350,50,36.740632330459,127.122621016217,51.710875935853,0.0069,0.0072,297.681046,0.8839,9
404,548216400,50,36.740634089446,127.122616857083,51.714394312352,0.0069,0.0072,297.721365,0.8839,9
405,548216450,50,36.740635911230,127.122612709720,51.722741439939,0.0069,0.0072,298.625370,0.8839,9
406,548216500,50,36.740637697205,127.122608576172,51.713157765567,0.0069,0.0072,298.229255,0.8839,9
407,548216550,50,36.740639495234,127.122604398941,51.719041646458,0.0069,0.0072,298.138935,0.8839,9
408,548216600,50,36.740641281056,127.122600221187,51.722476841882,0.0069,0.0072,297.973970,0.8839,9
409,548216650,50,36.740643075972,127.122596051250,51.717367208563,0.0069,0.0072,298.139305,0.8839,9
410,548216700,50,36.740644894217,127.122591925800,51.717961266637,0.0069,0.0072,298.706246,0.8839,9
411,548216750,50,36.740646697649,127.122587733729,51.715918783098,0.0070,0.0072,298.125963,0.8839,9
412,548216800,50,36.740648503367,127.122583534762,51.718660677783,0.0070,0.0072,298.116966,0.8839,9
413,548216850,50,36.740650339663,127.122579347115,51.719009505585,0.0070,0.0072,298.583689,0.8839,9
414,548216900,50,36.740652152332,127.122575152117,51.721899244934,0.0070,0.0072,298.231161,0.8839,9
415,548216950,50,36.740653987101,127.122570979854,51.725102520548,0.0070,0.0072,298.652315,0.8839,9
416,548217000,50,36.740655819584,127.122566799328,51.725836774334,0.0070,0.0072,298.574633,0.8839,9
417,548217050,50,36.740657658786,127.122562578914,51.720319828950,0.0068,0.0071,298.574585,0.8839,9
418,548217100,50,36.740659461045,127.122558388090,51.716125022620,0.0068,0.0071,298.117514,0.8839,9
419,548217150,50,36.740661295745,127.122554190880,51.717429903336,0.0068,0.0071,298.507882,0.8839,9
420,548217200,50,36.740663129247,127.122550005394,51.720194840804,0.0069,0.0071,298.559446,0.8839,9
421,548217250,50,36.740664995551,127.122545810031,51.721604752354,0.0069,0.0071,298.930881,0.8839,9
422,548217300,50,36.740666839194,127.122541569863,51.721747295000,0.0069,0.0071,298.380216,0.8839,9
423,548217350,50,36.740668683995,127.122537382673,51.718816969544,0.0069,0.0071,298.697684,0.8839,9
424,548217400,50,36.740670561867,127.122533184586,51.723445425741,0.0069,0.0071,299.065241,0.8839,9
425,548217450,50,36.740672324437,127.122528940170,51.722030877136,0.0069,0.0071,297.292747,0.8839,9
426,548217500,50,36.740674079160,127.122524613943,51.725323341787,0.0069,0.0071,296.746597,0.8839,9
427,548217550,50,36.740675854098,127.122520367558,51.720719785430,0.0069,0.0072,297.445472,0.8839,9
428,548217600,50,36.740677720871,127.122516211253,51.728162840940,0.0069,0.0072,299.164494,0.8839,9
429,548217650,50,36.740679536281,127.122511979885,51.720004876144,0.0069,0.0072,298.061436,0.8839,9
430,548217700,50,36.740681404606,127.122507762994,51.717046220787,0.0068,0.0071,298.061386,0.8839,9
431,548217750,50,36.740683246686,127.122503538152,51.723044878803,0.0068,0.0071,298.446709,0.8839,9
432,548217800,50,36.740685124657,127.122499346905,51.729283391498,0.0068,0.0071,299.106183,0.8839,9
433,548217850,50,36.740687038026,127.122495143212,51.725470817648,0.0068,0.0071,299.490277,0.8839,9
434,548217900,50,36.740688963368,127.122491016391,51.724792147055,0.0068,0.0072,300.100379,0.8839,9
435,548217950,50,36.740690818776,127.122486770800,51.718547127210,0.0068,0.0072,298.502180,0.8839,9
436,548218000,50,36.740692691721,127.122482578137,51.724644778296,0.0068,0.0072,299.032777,0.8839,9
437,548218050,50,36.740694578652,127.122478359097,51.723382495344,0.0068,0.0072,299.061187,0.8839,9
438,548218100,50,36.740696466561,127.122474204807,51.717856515199,0.0069,0.0072,299.451665,0.8839,9
439,548218150,50,36.740698434969,127.122470085934,51.722125515342,0.0069,0.0072,300.701802,0.8839,9
440,548218200,50,36.740700353636,127.122465955639,51.725362256169,0.0069,0.0072,299.993255,0.8839,9
441,548218250,50,36.740702231527,127.122461783421,51.725323428400,0.0069,0.0072,299.216119,0.8839,9
442,548218300,50,36.740704111850,127.122457635162,51.722668791190,0.0069,0.0072,299.388596,0.8839,9
443,548218350,50,36.740706064402,127.122453513359,51.722962952219,0.0069,0.0072,300.480950,0.8839,9
444,548218400,50,36.740708075534,127.122449443094,51.723643218167,0.0069,0.0072,301.547138,0.8839,9
445,548218450,50,36.740710006527,127.122445319165,51.728745263070,0.0069,0.0072,300.190783,0.8839,9
446,548218500,50,36.740711912434,127.122441143573,51.725994608365,0.0069,0.0072,299.559101,0.8839,9
447,548218550,50,36.740713850752,127.122437052285,51.729375946335,0.0069,0.0072,300.483821,0.8839,9
448,548218600,50,36.740715853826,127.122432993244,51.731575129554,0.0069,0.0072,301.515127,0.8839,9
449,548218650,50,36.740717861166,127.122428965528,51.726058883592,0.0068,0.0072,301.515077,0.8839,9
450,548218700,50,36.740719829490,127.122424884616,51.726766801439,0.0068,0.0072,300.934108,0.8839,9
451,548218750,50,36.740721813770,127.122420811641,51.728964752518,0.0068,0.0072,301.187868,0.8839,9
452,548218800,50,36.740723729190,127.122416705860,51.729852351360,0.0068,0.0072,300.098992,0.8839,9
453,548218850,50,36.740725723245,127.122412684687,51.724370248616,0.0068,0.0072,301.639342,0.8839,9
454,548218900,50,36.740727810586,127.122408694116,51.735570558347,0.0068,0.0072,303.020705,0.8839,9
455,548218950,50,36.740729813171,127.122404676187,51.727603901178,0.0069,0.0072,301.769360,0.8839,9
456,548219000,50,36.740731779995,127.122400653763,51.728577125818,0.0069,0.0072,301.280681,0.8839,9
457,548219050,50,36.740733765778,127.122396623669,51.735795450397,0.0069,0.0072,301.476496,0.8839,9
458,548219100,50,36.740735765376,127.122392657442,51.730297851376,0.0069,0.0072,302.063992,0.8839,9
459,548219150,50,36.740737871053,127.122388727684,51.730732352473,0.0069,0.0072,303.654757,0.8839,9
460,548219200,50,36.740739911223,127.122384792803,51.723711230792,0.0070,0.0073,302.790662,0.8839,9
461,548219250,50,36.740741911812,127.122380817805,51.726898202673,0.0071,0.0073,302.019843,0.8839,9
462,548219300,50,36.740743918177,127.122376850694,51.728670126759,0.0071,0.0073,302.145409,0.9719,8
463,548219350,50,36.740745990144,127.122372916443,51.730607164092,0.0071,0.0073,303.199553,0.8869,9
464,548219400,50,36.740748084141,127.122369072486,51.730537316762,0.0071,0.0073,304.092611,0.9719,8
465,548219450,50,36.740750127151,127.122365163176,51.726598548703,0.0071,0.0073,302.997361,0.8869,9
466,548219500,50,36.740752133614,127.122361254506,51.729918900877,0.0071,0.0073,302.530978,0.8869,9
467,548219550,50,36.740754155979,127.122357321974,51.734287792817,0.0071,0.0073,302.577954,0.9719,8
468,548219600,50,36.740756230118,127.122353473209,51.731632666662,0.0071,0.0073,303.806536,0.9719,8
469,548219650,50,36.740758329710,127.122349627868,51.729713237844,0.0071,0.0073,304.154036,0.8870,9
470,548219700,50,36.740760418247,127.122345763938,51.732944798656,0.0070,0.0073,304.153987,0.8870,9
471,548219750,50,36.740762483373,127.122341931933,51.728752407245,0.0070,0.0073,303.806738,0.8870,9
472,548219800,50,36.740764545508,127.122338064488,51.733853701502,0.0070,0.0073,303.525059,0.8870,9
473,548219850,50,36.740766628953,127.122334267172,51.732460568659,0.0070,0.0073,304.283162,0.8870,9
474,548219900,50,36.740768779761,127.122330493409,51.736110663973,0.0070,0.0073,305.304499,0.8870,9
475,548219950,50,36.740770887287,127.122326678797,51.731593996286,0.0070,0.0073,304.468669,0.8870,9
476,548220000,50,36.740772953329,127.122322837331,51.735084466636,0.0070,0.0073,303.753191,0.8870,9
477,548220050,50,36.740775016414,127.122319055985,51.732544927858,0.0070,0.0073,304.133839,0.8870,9
478,548220100,50,36.740777155004,127.122315276191,51.741205049679,0.0071,0.0073,305.107659,0.8870,9
479,548220150,50,36.740779310910,127.122311517434,51.744394498877,0.0071,0.0073,305.476345,0.8870,9
480,548220200,50,36.740781430743,127.122307771038,51.739376681857,0.0071,0.0073,305.109432,0.8870,9
481,548220250,50,36.740783502493,127.122303998277,51.742514103651,0.0071,0.0073,304.306082,0.8870,9
482,548220300,50,36.740785619469,127.122300244592,51.741463058628,0.0071,0.0073,305.020733,0.8870,9
483,548220350,50,36.740787739791,127.122296581418,51.739819382317,0.0071,0.0073,305.723545,0.8870,9
484,548220400,50,36.740789918620,127.122292907045,51.742294555530,0.0071,0.0073,306.382389,0.8870,9
485,548220450,50,36.740792050202,127.122289228417,51.740142275579,0.0071,0.0073,305.753074,0.8870,9
486,548220500,50,36.740794180694,127.122285528224,51.738456999883,0.0071,0.0073,305.580551,0.8870,9
487,548220550,50,36.740796274075,127.122281792582,51.745560967363,0.0071,0.0073,304.848879,0.8870,9
488,548220600,50,36.740798444423,127.122278140167,51.739157347009,0.0071,0.0073,306.439701,0.8870,9
489,548220650,50,36.740800642490,127.122274537643,51.743276694790,0.0071,0.0073,307.166473,0.8870,9
490,548220700,50,36.740802830908,127.122270913665,51.746250608936,0.0071,0.0073,306.881738,0.8870,9
491,548220750,50,36.740804973268,127.122267237855,51.747013488784,0.0071,0.0073,305.911089,0.8870,9
492,548220800,50,36.740807117693,127.122263576923,51.745498613454,0.0071,0.0073,306.047800,0.8870,9
493,548220850,50,36.740809290525,127.122259990150,51.747620289214,0.0072,0.0073,306.969031,0.8870,9
494,548220900,50,36.740811502910,127.122256406655,51.745663346723,0.0070,0.0073,306.968984,0.8870,9
495,548220950,50,36.740813701208,127.122252853121,51.739128772169,0.0070,0.0073,307.547708,0.8870,9
496,548221000,50,36.740815855731,127.122249267591,51.736425322480,0.0070,0.0073,306.745828,0.8870,9
497,548221050,50,36.740818007962,127.122245637717,51.741643505171,0.0070,0.0073,306.379692,0.8870,9
498,548221100,50,36.740820215775,127.122242088316,51.740747226402,0.0070,0.0073,307.699609,0.8870,9
499,548221150,50,36.740822459427,127.122238553958,51.744655610994,0.0070,0.0073,308.265179,0.8870,9
500,548221200,50,36.740824686046,127.122235039118,51.739393240772,0.0071,0.0073,308.207168,0.8870,9
501,548221250,50,36.740826895878,127.122231468386,51.741728432477,0.0071,0.0073,307.558938,0.8870,9
502,548221300,50,36.740829099808,127.122227913019,51.737875597551,0.0071,0.0073,307.604304,0.8870,9
503,548221350,50,36.740831318708,127.122224402413,51.741183218546,0.0071,0.0073,308.144057,0.8870,9
504,548221400,50,36.740833622073,127.122220919236,51.741040199995,0.0071,0.0073,309.408475,0.8870,9
505,548221450,50,36.740835901951,127.122217461771,51.736300777644,0.0071,0.0073,309.328691,0.8870,9
506,548221500,50,36.740838124631,127.122213978077,51.738857181743,0.0071,0.0073,308.405902,0.8870,9
507,548221550,50,36.740840309420,127.122210391975,51.742496426217,0.0071,0.0073,307.125377,0.8870,9
508,548221600,50,36.740842542740,127.122206896060,51.742739168927,0.0071,0.0073,308.441424,0.8870,9
509,548221650,50,36.740844811634,127.122203457340,51.741695474833,0.0071,0.0073,309.345754,0.8870,9
510,548221700,50,36.740847119028,127.122200060601,51.745736064389,0.0071,0.0073,310.165723,0.8870,9
511,548221750,50,36.740849364664,127.122196578027,51.741363565437,0.0071,0.0073,308.701812,0.9720,8
512,548221800,50,36.740851630393,127.122193103574,51.740727939643,0.0071,0.0073,309.016532,0.8871,9
513,548221850,50,36.740853886196,127.122189654428,51.742956159636,0.0071,0.0073,309.098375,0.8871,9
514,548221900,50,36.740856190443,127.122186215910,51.746078077704,0.0071,0.0073,309.782401,0.8871,9
515,548221950,50,36.740858505075,127.122182798409,51.750352755189,0.0071,0.0073,310.082120,0.8871,9
516,548222000,50,36.740860761181,127.122179350438,51.749532063492,0.0071,0.0073,309.111711,0.8871,9
517,548222050,50,36.740863024376,127.122175859788,51.748275862075,0.0072,0.0073,308.854933,0.8871,9
518,548222100,50,36.740865331104,127.122172443505,51.746998852119,0.0072,0.0073,309.995657,0.8871,9
519,548222150,50,36.740867632468,127.122169082032,51.743358014151,0.0070,0.0073,309.995613,0.8871,9
520,548222200,50,36.740869965925,127.122165692640,51.748713163659,0.0070,0.0073,310.544472,0.8871,9
521,548222250,50,36.740872260805,127.122162278168,51.745150250383,0.0071,0.0073,309.865356,0.8871,9
522,548222300,50,36.740874575436,127.122158865002,51.749287863262,0.0071,0.0073,310.117908,0.8871,9
523,548222350,50,36.740876899420,127.122155493891,51.750507947989,0.0071,0.0073,310.582425,0.8871,9
524,548222400,50,36.740879288914,127.122152164224,51.744675455615,0.0071,0.0073,311.722730,0.8871,9
525,548222450,50,36.740881637086,127.122148858722,51.750262793154,0.0071,0.0073,311.433742,0.8871,9
526,548222500,50,36.740883973642,127.122145560826,51.748315162957,0.0071,0.0073,311.358253,0.8871,9
527,548222550,50,36.740886279281,127.122142144508,51.755239175633,0.0071,0.0073,309.982024,0.8871,9
528,548222600,50,36.740888638428,127.122138897708,51.750191185623,0.0071,0.0073,312.076497,0.8871,9
529,548222650,50,36.740891015905,127.122135557759,51.748703348450,0.0070,0.0073,312.076455,0.8871,9
530,548222700,50,36.740893433636,127.122132276052,51.753646810539,0.0070,0.0073,312.471014,0.8871,9
531,548222750,50,36.740895781919,127.122128970411,51.748169953004,0.0070,0.0073,311.433858,0.8871,9
532,548222800,50,36.740898161231,127.122125681681,51.760658238083,0.0070,0.0073,311.953363,0.8871,9
533,548222850,50,36.740900536742,127.122122363448,51.762915614061,0.0070,0.0073,311.653603,0.8871,9
534,548222900,50,36.740902954192,127.122119124552,51.767696590163,0.0070,0.0073,312.842621,0.8871,9
535,548222950,50,36.740905421626,127.122115864431,51.766693551093,0.0070,0.0073,313.240876,0.8871,9
536,548223000,50,36.740907800007,127.122112577195,51.763387316838,0.0070,0.0073,311.955174,0.8871,9
537,548223050,50,36.740910199246,127.122109245760,51.767980745994,0.0071,0.0073,311.823475,0.8871,9
538,548223100,50,36.740912601067,127.122105976488,51.764611432329,0.0071,0.0073,312.390985,0.8871,9
539,548223150,50,36.740915068571,127.122102757972,51.771999601275,0.0071,0.0073,313.609085,0.8871,9
540,548223200,50,36.740917518275,127.122099555699,51.770441559143,0.0071,0.0073,313.546699,0.8871,9
541,548223250,50,36.740919981865,127.122096382186,51.770553699695,0.0071,0.0073,313.966702,0.8871,9
542,548223300,50,36.740922400137,127.122093171315,51.767605904490,0.0071,0.0073,313.100691,0.8871,9
543,548223350,50,36.740924847807,127.122090020376,51.767948749475,0.0071,0.0073,313.985480,0.8871,9
544,548223400,50,36.740927226197,127.122086778498,51.777611452155,0.0071,0.0073,312.351372,0.8871,9
545,548223450,50,36.740929587852,127.122083646020,51.777043771930,0.0071,0.0073,313.130077,0.8871,9
546,548223500,50,36.740931963715,127.122080557207,51.779095720500,0.0071,0.0073,313.703175,0.8871,9
547,548223550,50,36.740934297755,127.122077439272,51.771633716300,0.0071,0.0073,312.926919,0.8871,9
548,548223600,50,36.740936590092,127.122074402801,51.776411638595,0.0071,0.0073,313.168337,0.8871,9
549,548223650,50,36.740938874393,127.122071399535,51.776018847711,0.0071,0.0073,313.382330,0.8871,9
550,548223700,50,36.740941143731,127.122068368268,51.777249757200,0.0070,0.0073,313.382290,0.8871,9
551,548223750,50,36.740943422879,127.122065434924,51.771572376601,0.0070,0.0073,313.991810,0.8871,9
552,548223800,50,36.740945664454,127.122062462839,51.780100809410,0.0070,0.0073,313.140832,0.8871,9
553,548223850,50,36.740947880055,127.122059562873,51.781156268902,0.0070,0.0073,313.510032,0.8871,9
554,548223900,50,36.740950049966,127.122056632931,51.784085051157,0.0070,0.0073,312.620543,0.8871,9
555,548223950,50,36.740952209543,127.122053784651,51.782528299838,0.0070,0.0073,313.291870,0.8871,9
556,548224000,50,36.740954389596,127.122050958908,51.786595514044,0.0070,0.0073,313.789132,0.8871,9
557,548224050,50,36.740956512965,127.122048140052,51.782875468023,0.0070,0.0073,313.105335,0.8871,9
558,548224100,50,36.740958651198,127.122045398100,51.788928030990,0.0070,0.0072,314.096377,0.8871,9
559,548224150,50,36.740960727372,127.122042654168,51.791570528410,0.0070,0.0072,313.232907,0.8871,9
560,548224200,50,36.740962797722,127.122039968277,51.788873992860,0.0070,0.0072,313.764165,0.8871,9
561,548224250,50,36.740964854058,127.122037312466,51.788113264367,0.0070,0.0072,313.892123,0.8871,9
562,548224300,50,36.740966873680,127.122034662048,51.794904705137,0.0070,0.0072,313.434776,0.8871,9
563,548224350,50,36.740968891755,127.122032086965,51.793553675525,0.0070,0.0072,314.238200,0.8871,9
564,548224400,50,36.740970884089,127.122029514054,51.798408882692,0.0070,0.0072,313.894816,0.8871,9
