0,547575250,50,36.740437222563,127.122832415254,51.599206845276,0.0071,0.0072,242.692513,1.1028,8
1,547575300,50,36.740437229663,127.122832416802,51.602094572969,0.0071,0.0072,9.952771,1.1028,8
2,547575350,50,36.740437235964,127.122832422173,51.603113496676,0.0071,0.0072,34.453840,1.1028,8
3,547575400,50,36.740437210948,127.122832424185,51.599312422797,0.0071,0.0072,176.296102,1.1028,8
4,547575450,50,36.740437231975,127.122832430865,51.600785635412,0.0071,0.0072,14.341208,1.1028,8
5,547575500,50,36.740437219966,127.122832416977,51.598048103042,0.0071,0.0072,222.944913,1.1028,8
6,547575550,50,36.740437219579,127.122832423778,51.601259685121,0.0071,0.0072,94.045298,1.1028,8
7,547575600,50,36.740437230182,127.122832426511,51.604110995308,0.0071,0.0072,11.716891,1.1028,8
8,547575650,50,36.740437234886,127.122832422268,51.599557448179,0.0071,0.0072,324.028870,1.1028,8
9,547575700,50,36.740437220400,127.122832436267,51.604422899894,0.0071,0.0072,142.125912,1.1028,8
10,547575750,50,36.740437214008,127.122832421323,51.601721655577,0.0071,0.0072,242.011453,1.1028,8
11,547575800,50,36.740437230700,127.122832450603,51.604090820067,0.0071,0.0072,54.688776,1.1028,8
12,547575850,50,36.740437217963,127.122832427185,51.599741800688,0.0071,0.0073,235.949001,1.1028,8
13,547575900,50,36.740437261834,127.122832457987,51.608107251115,0.0070,0.0072,235.949001,1.1028,8
14,547575950,50,36.740437250174,127.122832437774,51.606045561843,0.0070,0.0072,234.368064,1.1028,8
15,547576000,50,36.740437257722,127.122832444528,51.604613509960,0.0070,0.0072,35.756859,1.1028,8
16,547576050,50,36.740437243666,127.122832436611,51.601652874611,0.0071,0.0072,204.385670,1.1028,8
17,547576100,50,36.740437256157,127.122832448974,51.610114740208,0.0071,0.0072,38.539926,1.1028,8
18,547576150,50,36.740437264511,127.122832459488,51.608114224859,0.0071,0.0072,45.366616,1.1028,8
19,547576200,50,36.740437258231,127.122832451845,51.606004333124,0.0071,0.0072,224.404315,1.1028,8
20,547576250,50,36.740437254791,127.122832436178,51.609562875703,0.0071,0.0072,254.737513,1.1028,8
21,547576300,50,36.740437245596,127.122832447184,51.607939199544,0.0071,0.0072,136.068158,1.1028,8
22,547576350,50,36.740437261351,127.122832445407,51.609889640473,0.0071,0.0072,354.812443,1.1028,8
23,547576400,50,36.740437258640,127.122832440974,51.606680735014,0.0071,0.0072,232.774156,1.1028,8
24,547576450,50,36.740437250735,127.122832458233,51.608814683743,0.0071,0.0072,119.644177,1.1028,8
25,547576500,50,36.740437261883,127.122832439464,51.607343588024,0.0071,0.0072,306.426670,1.1028,8
26,547576550,50,36.740437242750,127.122832435397,51.608395787887,0.0071,0.0072,189.706268,1.1028,8
27,547576600,50,36.740437264987,127.122832451327,51.609744994901,0.0071,0.0072,29.965324,1.1028,8
28,547576650,50,36.740437261144,127.122832458371,51.611895052716,0.0071,0.0072,124.131277,1.1028,8
29,547576700,50,36.740437268766,127.122832457105,51.612932181917,0.0071,0.0073,352.384248,1.1028,8
30,547576750,50,36.740437273579,127.122832469122,51.614392637275,0.0071,0.0073,63.544525,1.1028,8
31,547576800,50,36.740437253836,127.122832456538,51.610067592934,0.0071,0.0073,207.157839,1.1028,8
32,547576850,50,36.740437269237,127.122832456995,51.613840751350,0.0071,0.0073,1.366886,1.1028,8
33,547576850,50,36.740437269237,127.122832456995,51.609694656916,0.0071,0.0073,1.366886,1.1028,8
34,547576950,50,36.740437277218,127.122832469973,51.615885426290,0.0071,0.0073,31.362458,1.1028,8
35,547577000,50,36.740437245295,127.122832431390,51.611347388476,0.0070,0.0072,31.362458,1.1028,8
36,547577050,50,36.740437239923,127.122832445207,51.611537398770,0.0071,0.0072,115.782630,1.1028,8
37,547577100,50,36.740437246281,127.122832416008,51.607390484773,0.0071,0.0072,115.782630,1.1028,8
38,547577150,50,36.740437269103,127.122832400577,51.614943021908,0.0071,0.0072,331.445758,1.1028,8
39,547577200,50,36.740437275942,127.122832363191,51.612103575841,0.0071,0.0072,282.805213,1.1028,8
40,547577250,50,36.740437313440,127.122832337108,51.614903860725,0.0071,0.0072,330.758626,1.1028,8
41,547577300,50,36.740437310817,127.122832263114,51.615523742512,0.0071,0.0072,267.478435,1.1028,8
42,547577350,50,36.740437328280,127.122832205846,51.612282850780,0.0071,0.0072,290.750661,1.1028,8
43,547577400,50,36.740437370502,127.122832148220,51.612934513949,0.0071,0.0072,312.314257,1.1028,8
44,547577450,50,36.740437375564,127.122832070920,51.612846516073,0.0071,0.0072,274.651497,1.1028,8
45,547577500,50,36.740437404071,127.122831988747,51.615042606369,0.0071,0.0072,293.317962,1.1028,8
46,547577550,50,36.740437456467,127.122831901560,51.614230916835,0.0071,0.0072,306.748720,1.1028,8
47,547577600,50,36.740437460534,127.122831798646,51.613005206920,0.0071,0.0072,306.748720,1.1028,8
48,547577650,50,36.740437496643,127.122831713471,51.608244774863,0.0070,0.0072,272.810752,1.1028,8
49,547577700,50,36.740437533936,127.122831615591,51.609969024546,0.0070,0.0072,295.333002,1.1028,8
50,547577750,50,36.740437555060,127.122831485025,51.604557721876,0.0070,0.0072,281.366039,1.1028,8
51,547577750,50,36.740437555060,127.122831387426,51.606418488547,0.0070,0.0072,281.366039,1.1028,8
52,547577850,50,36.740437608431,127.122831272773,51.602875680663,0.0070,0.0072,272.239223,1.1028,8
53,547577900,50,36.740437661038,127.122831183773,51.609141332097,0.0071,0.0072,306.294969,1.1028,8
54,547577950,50,36.740437696335,127.122831059570,51.604096630588,0.0071,0.0072,289.448650,1.1028,8
55,547577950,50,36.740437737327,127.122830936979,51.608224450611,0.0071,0.0072,289.448650,1.1028,8
56,547578050,50,36.740437772185,127.122830849751,51.607933851890,0.0071,0.0072,296.405616,1.1028,8
57,547578100,50,36.740437804061,127.122830743276,51.609955878928,0.0071,0.0072,290.404048,1.1028,8
58,547578150,50,36.740437852972,127.122830658457,51.613346866332,0.0071,0.0072,305.621248,1.1028,8
59,547578150,50,36.740437856326,127.122830555220,51.610872250050,0.0071,0.0072,305.621248,1.1028,8
60,547578250,50,36.740437911992,127.122830475138,51.613142723218,0.0071,0.0072,310.816437,1.1028,8
61,547578300,50,36.740437955749,127.122830406026,51.614915768616,0.0071,0.0072,310.816437,1.1028,8
62,547578350,50,36.740437938693,127.122830286512,51.603696162812,0.0071,0.0072,259.944468,1.1028,8
63,547578350,50,36.740437938693,127.122830286512,51.607242375612,0.0071,0.0072,259.944468,1.1028,8
64,547578450,50,36.740438022539,127.122830182295,51.612528434023,0.0071,0.0073,327.343590,1.1028,8
65,547578500,50,36.740438018228,127.122830101836,51.604620240629,0.0071,0.0073,327.343590,1.1028,8
66,547578550,50,36.740438037566,127.122830050547,51.605367387645,0.0071,0.0073,295.101642,1.1028,8
67,547578550,50,36.740438060876,127.122830009111,51.609333976172,0.0071,0.0073,295.101642,1.1028,8
68,547578650,50,36.740438061805,127.122829937440,51.600923742168,0.0070,0.0072,304.952417,1.1028,8
69,547578700,50,36.740438068550,127.122829904472,51.599249240942,0.0070,0.0072,304.952417,1.1028,8
70,547578750,50,36.740438103588,127.122829901221,51.609170789830,0.0070,0.0072,355.729942,1.1028,8
71,547578800,50,36.740438080520,127.122829862037,51.600195504725,0.0071,0.0072,355.729942,1.1028,8
72,547578850,50,36.740438089406,127.122829858735,51.597181229852,0.0071,0.0072,343.350859,1.1028,8
73,547578850,50,36.740438089406,127.122829858735,51.602241511457,0.0071,0.0072,343.350859,1.1028,8
74,547578950,50,36.740438119276,127.122829873238,51.605451345444,0.0071,0.0072,13.650213,1.1028,8
75,547579000,50,36.740438072327,127.122829883827,51.599222916178,0.0071,0.0072,13.650213,1.1028,8
76,547579050,50,36.740438080602,127.122829896368,51.602428792976,0.0071,0.0072,50.653072,1.1028,8
77,547579100,50,36.740438097720,127.122829900253,51.602478373796,0.0071,0.0072,10.353421,1.1028,8
78,547579150,50,36.740438094740,127.122829890910,51.602749698795,0.0071,0.0072,248.382259,1.1028,8
79,547579200,50,36.740438067769,127.122829870030,51.598527740687,0.0071,0.0072,211.925531,1.1028,8
80,547579250,50,36.740438085882,127.122829875777,51.603056049906,0.0071,0.0072,14.324044,1.1028,8
81,547579300,50,36.740438106466,127.122829898040,51.606086507440,0.0071,0.0072,41.039848,1.1028,8
82,547579350,50,36.740438089071,127.122829882177,51.602403383702,0.0071,0.0072,216.277446,1.1028,8
83,547579350,50,36.740438087490,127.122829892120,51.602349535562,0.0071,0.0072,216.277446,1.1028,8
84,547579450,50,36.740438085727,127.122829903529,51.605892525055,0.0071,0.0072,100.866636,1.1028,8
85,547579500,50,36.740438085413,127.122829894539,51.603717336431,0.0071,0.0072,267.512195,1.1028,8
86,547579550,50,36.740438069991,127.122829888943,51.604282893240,0.0071,0.0072,196.277586,1.1028,8
87,547579600,50,36.740438100795,127.122829894633,51.607806269079,0.0071,0.0072,8.454754,1.1028,8
88,547579650,50,36.740438062772,127.122829893656,51.598712047562,0.0070,0.0072,8.454754,1.1028,8
89,547579700,50,36.740438051697,127.122829884542,51.598263745196,0.0070,0.0072,213.515220,1.1028,8
90,547579750,50,36.740438043496,127.122829865222,51.595005144365,0.0070,0.0072,242.192412,1.1028,8
91,547579800,50,36.740438071531,127.122829900936,51.602424378507,0.0070,0.0072,242.192412,1.1028,8
92,547579850,50,36.740438062098,127.122829892667,51.603303881362,0.0070,0.0072,215.201700,1.1028,8
93,547579850,50,36.740438062098,127.122829872338,51.596060493961,0.0070,0.0072,215.201700,1.1028,8
94,547579950,50,36.740438053689,127.122829886510,51.599988709204,0.0070,0.0072,41.202726,1.1028,8
95,547580000,50,36.740438078597,127.122829898410,51.602341645397,0.0070,0.0072,41.202726,1.1028,8
96,547580050,50,36.740438055470,127.122829906746,51.598261692561,0.0071,0.0072,163.823504,1.1028,8
97,547580100,50,36.740438043937,127.122829874593,51.594957909547,0.0071,0.0072,245.979729,1.1028,8
98,547580150,50,36.740438051228,127.122829889613,51.599459996447,0.0071,0.0072,58.903504,1.1028,8
99,547580200,50,36.740438058907,127.122829890641,51.601906639524,0.0071,0.0072,6.150593,1.1028,8
100,547580250,50,36.740438066654,127.122829876618,51.600275403820,0.0071,0.0072,304.465757,1.1028,8
101,547580300,50,36.740438065926,127.122829895020,51.600426521152,0.0071,0.0072,92.812559,1.1028,8
102,547580350,50,36.740438070866,127.122829896325,51.604180499911,0.0071,0.0072,11.998280,1.1028,8
103,547580400,50,36.740438061093,127.122829881974,51.602545097470,0.0071,0.0072,229.763745,1.1028,8
104,547580450,50,36.740438068852,127.122829881674,51.600906115957,0.0071,0.0072,358.215084,1.1028,8
105,547580500,50,36.740438072293,127.122829900396,51.600843291730,0.0071,0.0072,77.136092,1.1028,8
106,547580550,50,36.740438074475,127.122829885718,51.605131943710,0.0071,0.0072,280.464513,1.1028,8
107,547580600,50,36.740438059075,127.122829894916,51.602441832423,0.0071,0.0072,154.326150,1.1028,8
108,547580650,50,36.740438066821,127.122829896930,51.599677268416,0.0071,0.0072,11.816031,1.1028,8
109,547580700,50,36.740438082754,127.122829894268,51.602397157811,0.0071,0.0072,352.343239,1.1028,8
110,547580750,50,36.740438080435,127.122829892115,51.603231796063,0.0071,0.0072,216.777214,1.1028,8
111,547580800,50,36.740438072098,127.122829893402,51.604153944179,0.0070,0.0072,216.777214,1.1028,8
112,547580850,50,36.740438097978,127.122829895573,51.603048674762,0.0070,0.0072,3.863396,1.1028,8
113,547580900,50,36.740438089710,127.122829885795,51.602907157503,0.0070,0.0072,223.587698,1.1028,8
114,547580950,50,36.740438076166,127.122829893211,51.601443040185,0.0070,0.0072,156.217479,1.1028,8
115,547581000,50,36.740438087775,127.122829893658,51.603503559716,0.0070,0.0072,1.772849,1.1028,8
116,547581050,50,36.740438094201,127.122829912101,51.603510030545,0.0070,0.0072,66.593369,1.1028,8
117,547581100,50,36.740438098407,127.122829898248,51.603029125370,0.0070,0.0072,290.669784,1.1028,8
118,547581150,50,36.740438085840,127.122829887789,51.599104314111,0.0070,0.0072,213.815198,1.1028,8
119,547581200,50,36.740438083618,127.122829879749,51.606951539405,0.0070,0.0072,251.045551,1.1028,8
120,547581250,50,36.740438083678,127.122829894331,51.604834317230,0.0070,0.0072,89.704805,1.1028,8
121,547581300,50,36.740438079188,127.122829895595,51.604164185934,0.0070,0.0072,167.240525,1.1028,8
122,547581350,50,36.740438101670,127.122829919070,51.608888532966,0.0070,0.0072,40.042555,1.1028,8
123,547581400,50,36.740438096047,127.122829904455,51.605611542240,0.0070,0.0072,244.451556,1.1028,8
124,547581450,50,36.740438077729,127.122829885257,51.606611810625,0.0070,0.0072,220.146810,1.1028,8
125,547581500,50,36.740438084493,127.122829904313,51.606821319088,0.0070,0.0072,66.202637,1.1028,8
126,547581550,50,36.740438095214,127.122829893991,51.607670507394,0.0070,0.0072,322.229759,1.1028,8
127,547581600,50,36.740438082283,127.122829906937,51.606592710130,0.0071,0.0072,141.139706,1.1028,8
128,547581650,50,36.740438087666,127.122829896546,51.605846755207,0.0071,0.0072,302.767562,1.1028,8
129,547581700,50,36.740438076431,127.122829915296,51.607620017603,0.0071,0.0072,126.665966,1.1028,8
130,547581750,50,36.740438086308,127.122829900446,51.608591062948,0.0071,0.0072,309.568974,1.1028,8
131,547581800,50,36.740438083288,127.122829895209,51.605331381783,0.0071,0.0072,234.369624,1.1028,8
132,547581850,50,36.740438082100,127.122829898321,51.610487162136,0.0071,0.0072,115.370651,1.1028,8
133,547581900,50,36.740438088109,127.122829916795,51.607858375646,0.0071,0.0072,67.994836,1.1028,8
134,547581950,50,36.740438087122,127.122829908959,51.608726931736,0.0071,0.0072,261.102474,1.1028,8
135,547582000,50,36.740438084170,127.122829912018,51.611176122911,0.0071,0.0072,140.166073,1.1028,8
136,547582050,50,36.740438087381,127.122829897496,51.605123648420,0.0071,0.0072,285.361268,1.1028,8
137,547582100,50,36.740438088378,127.122829903124,51.607200954109,0.0071,0.0072,77.590828,1.1028,8
138,547582150,50,36.740438077552,127.122829905786,51.605290852487,0.0070,0.0072,77.590828,1.1028,8
139,547582200,50,36.740438072236,127.122829884825,51.604612179101,0.0070,0.0072,252.507508,1.1028,8
140,547582250,50,36.740438059942,127.122829884837,51.603845531121,0.0070,0.0072,179.954394,1.1028,8
141,547582300,50,36.740438088884,127.122829912013,51.607391233556,0.0070,0.0072,37.078280,1.1028,8
142,547582350,50,36.740438088477,127.122829906586,51.605804893188,0.0070,0.0072,264.678135,1.1028,8
143,547582400,50,36.740438052605,127.122829897431,51.601791401394,0.0070,0.0072,191.607132,1.1028,8
144,547582450,50,36.740438090654,127.122829912779,51.607120478526,0.0071,0.0072,17.986475,1.1028,8
145,547582500,50,36.740438099149,127.122829905176,51.609088811092,0.0071,0.0072,324.233579,1.1028,8
146,547582550,50,36.740438073807,127.122829894478,51.604860584252,0.0071,0.0072,198.765258,1.1028,8
147,547582600,50,36.740438071205,127.122829897747,51.603306441568,0.0071,0.0072,134.680902,1.1028,8
148,547582650,50,36.740438070120,127.122829889320,51.604594178498,0.0070,0.0072,134.680902,1.1028,8
149,547582700,50,36.740438081791,127.122829899729,51.608514038846,0.0070,0.0072,35.671099,1.1028,8
150,547582750,50,36.740438082099,127.122829899829,51.608624731191,0.0070,0.0072,14.583677,1.1028,8
151,547582800,50,36.740438063521,127.122829873447,51.601525045931,0.0070,0.0072,228.815047,1.1028,8
152,547582850,50,36.740438086235,127.122829884207,51.603783686645,0.0070,0.0072,20.869578,1.1028,8
153,547582900,50,36.740438085639,127.122829897804,51.606962231919,0.0070,0.0072,93.115441,1.1028,8
154,547582950,50,36.740438088122,127.122829892854,51.605359593406,0.0070,0.0072,301.929028,1.1028,8
155,547583000,50,36.740438074525,127.122829905409,51.603854225948,0.0070,0.0072,143.382683,1.1028,8
156,547583050,50,36.740438083549,127.122829890730,51.606796510518,0.0070,0.0072,307.377522,1.1028,8
157,547583100,50,36.740438088135,127.122829913731,51.611979698762,0.0070,0.0072,76.087212,1.1028,8
158,547583150,50,36.740438080535,127.122829891525,51.606124231592,0.0070,0.0072,246.963333,1.1028,8
159,547583200,50,36.740438075221,127.122829896435,51.608952330425,0.0070,0.0072,143.364423,1.1028,8
160,547583250,50,36.740438093053,127.122829913172,51.604341235012,0.0070,0.0072,37.066362,1.1028,8
161,547583300,50,36.740438071199,127.122829898003,51.606507231481,0.0070,0.0072,209.186898,1.1028,8
162,547583350,50,36.740438079864,127.122829895639,51.606477073394,0.0071,0.0072,347.614452,1.1028,8
163,547583400,50,36.740438097645,127.122829915803,51.611412475817,0.0071,0.0072,42.386587,1.1028,8
164,547583450,50,36.740438087031,127.122829891732,51.609964055009,0.0070,0.0072,241.284200,1.1028,8
165,547583500,50,36.740438079223,127.122829895177,51.608446740545,0.0071,0.0072,160.454786,1.1028,8
166,547583500,50,36.740438093246,127.122829914481,51.611370018683,0.0071,0.0072,160.454786,1.1028,8
167,547583600,50,36.740438087868,127.122829906197,51.607347522862,0.0071,0.0072,231.111584,1.1028,8
168,547583650,50,36.740438059060,127.122829879876,51.603510779329,0.0070,0.0072,231.111584,1.1028,8
169,547583700,50,36.740438081321,127.122829896614,51.607793542556,0.0070,0.0072,31.179357,1.1028,8
170,547583750,50,36.740438089544,127.122829908717,51.610933015123,0.0070,0.0072,49.830125,1.1028,8
171,547583800,50,36.740438041388,127.122829871762,51.599104342051,0.0070,0.0072,211.700367,1.1028,8
172,547583800,50,36.740438058544,127.122829889219,51.605729353614,0.0070,0.0072,211.700367,1.1028,8
173,547583900,50,36.740438073496,127.122829892689,51.608866581693,0.0070,0.0072,10.579902,1.1028,8
174,547583950,50,36.740438066046,127.122829891937,51.605035526678,0.0070,0.0072,184.642898,1.1028,8
175,547584000,50,36.740438034729,127.122829878878,51.600311018527,0.0070,0.0072,198.552705,1.1028,8
176,547584050,50,36.740438075010,127.122829900448,51.607829786837,0.0070,0.0072,198.552705,1.1028,8
177,547584100,50,36.740438079932,127.122829887227,51.604291641153,0.0070,0.0072,294.822149,1.1028,8
178,547584150,50,36.740438052443,127.122829889092,51.602306389250,0.0070,0.0072,176.875674,1.1028,8
179,547584200,50,36.740438053688,127.122829887836,51.609667831101,0.0070,0.0072,320.945374,1.1028,8
180,547584250,50,36.740438072549,127.122829909200,51.610291589983,0.0070,0.0072,42.354966,1.1028,8
181,547584300,50,36.740438061959,127.122829884374,51.603612107225,0.0070,0.0072,242.077808,1.1028,8
182,547584350,50,36.740438070030,127.122829874631,51.602142201737,0.0071,0.0072,315.821013,1.1028,8
183,547584400,50,36.740438050950,127.122829881055,51.602425146848,0.0071,0.0072,164.838041,1.1028,8
184,547584450,50,36.740438083580,127.122829875362,51.603929045610,0.0071,0.0072,352.007040,1.1028,8
185,547584500,50,36.740438064233,127.122829865245,51.604040769860,0.0071,0.0072,202.824774,1.1028,8
186,547584500,50,36.740438064233,127.122829835336,51.600147961639,0.0071,0.0072,202.824774,1.1028,8
187,547584600,50,36.740438086968,127.122829792807,51.601394487545,0.0071,0.0072,283.165237,1.1028,8
188,547584650,50,36.740438131101,127.122829754465,51.606410824694,0.0070,0.0072,283.165238,1.1028,8
189,547584700,50,36.740438148958,127.122829689116,51.600784257054,0.0070,0.0072,288.753529,1.1028,8
190,547584700,50,36.740438165907,127.122829622736,51.600560821593,0.0070,0.0072,288.753529,1.1028,8
191,547584800,50,36.740438191698,127.122829561088,51.601830027997,0.0070,0.0072,297.466057,1.1028,8
192,547584850,50,36.740438220884,127.122829452484,51.599514060654,0.0070,0.0072,288.464772,1.1028,8
193,547584900,50,36.740438271528,127.122829376018,51.606593504548,0.0070,0.0072,309.451616,1.1028,8
194,547584950,50,36.740438298819,127.122829251372,51.604390853085,0.0070,0.0072,285.218689,1.1028,8
195,547585000,50,36.740438337858,127.122829110439,51.600750332698,0.0070,0.0072,288.992218,1.1028,8
196,547585000,50,36.740438337858,127.122828978441,51.604485075921,0.0070,0.0072,288.992218,1.1028,8
197,547585100,50,36.740438461710,127.122828776329,51.602398492396,0.0070,0.0072,290.450594,1.1028,8
198,547585150,50,36.740438505596,127.122828555052,51.596526530571,0.0070,0.0072,283.843544,1.1028,8
199,547585200,50,36.740438584687,127.122828340524,51.599937993102,0.0070,0.0072,294.611622,1.1028,8
200,547585250,50,36.740438652208,127.122828089898,51.596864474937,0.0070,0.0072,288.507641,1.1028,8
201,547585300,50,36.740438752530,127.122827823760,51.599670068361,0.0070,0.0072,295.096987,1.1028,8
202,547585350,50,36.740438832303,127.122827530294,51.600535863079,0.0070,0.0072,295.096987,1.1028,8
203,547585400,50,36.740438929626,127.122827180937,51.602686293423,0.0070,0.0072,289.092449,1.1028,8
204,547585400,50,36.740439076916,127.122826833528,51.603736337274,0.0071,0.0072,289.092449,1.1028,8
205,547585500,50,36.740439185112,127.122826463330,51.601267072372,0.0071,0.0072,289.958224,1.1028,8
206,547585550,50,36.740439306627,127.122826062438,51.602080776356,0.0071,0.0072,290.637246,1.1028,8
207,547585600,50,36.740439437853,127.122825639605,51.600392812863,0.0071,0.0072,291.087216,1.1028,8
208,547585650,50,36.740439582663,127.122825177968,51.598053210415,0.0071,0.0072,291.293970,1.1028,8
209,547585700,50,36.740439771263,127.122824682879,51.600619433448,0.0071,0.0072,295.329320,1.1028,8
210,547585750,50,36.740439920337,127.122824143404,51.602128420025,0.0071,0.0072,288.949583,1.1028,8
211,547585800,50,36.740440067964,127.122823569551,51.595914015546,0.0071,0.0072,287.726130,1.1028,8
212,547585800,50,36.740440067964,127.122822993704,51.599924867041,0.0070,0.0072,287.726130,1.1028,8
213,547585900,50,36.740440464505,127.122822372744,51.596002239734,0.0070,0.0072,291.811218,1.1028,8
214,547585950,50,36.740440726723,127.122821739739,51.600089357235,0.0070,0.0072,297.234986,1.1028,8
215,547586000,50,36.740440903489,127.122821070066,51.598212319426,0.0070,0.0072,288.158004,1.1028,8
216,547586050,50,36.740441133583,127.122820338500,51.597215091810,0.0070,0.0072,291.345401,1.1028,8
217,547586100,50,36.740441383244,127.122819627257,51.599443941377,0.0070,0.0072,293.564328,1.1028,8
218,547586100,50,36.740441628734,127.122818812931,51.599175728858,0.0070,0.0072,293.564328,1.1028,8
219,547586200,50,36.740441885865,127.122817987552,51.599065685645,0.0070,0.0072,291.160488,1.1028,8
220,547586250,50,36.740442148948,127.122817123526,51.588763701729,0.0070,0.0072,290.722974,1.1028,8
221,547586300,50,36.740442473598,127.122816253796,51.604174061678,0.0070,0.0072,294.881901,1.1028,8
222,547586350,50,36.740442715570,127.122815292122,51.594680990092,0.0071,0.0072,287.361024,1.1028,8
223,547586400,50,36.740443042024,127.122814347675,51.591827042401,0.0071,0.0072,293.242646,1.1028,8
224,547586450,50,36.740443379718,127.122813354504,51.591059801169,0.0071,0.0072,292.902782,1.1028,8
225,547586500,50,36.740443710307,127.122812340036,51.593190088868,0.0071,0.0073,292.043168,1.1028,8
226,547586550,50,36.740444047231,127.122811270539,51.590325349011,0.0071,0.0073,291.376770,1.1028,8
227,547586600,50,36.740444408141,127.122810172312,51.592609832995,0.0071,0.0073,292.211505,1.1028,8
228,547586650,50,36.740444809491,127.122809061057,51.590908126906,0.0071,0.0073,294.168474,1.1028,8
229,547586700,50,36.740445112138,127.122807846909,51.588585263118,0.0071,0.0073,287.208632,1.1028,8
230,547586750,50,36.740445513811,127.122806662561,51.593772449531,0.0071,0.0073,292.850539,1.1028,8
231,547586800,50,36.740445966001,127.122805432658,51.598028831184,0.0071,0.0073,294.552147,1.1028,8
232,547586800,50,36.740446332920,127.122804148867,51.588027300313,0.0071,0.0073,294.552147,1.1028,8
233,547586850,50,36.740446332920,127.122804148867,51.588027300313,0.0071,0.0073,289.551028,1.1028,8
234,547586950,50,36.740447214366,127.122801499358,51.593779574148,0.0072,0.0073,292.327563,1.1028,8
235,547587000,50,36.740447630984,127.122800181233,51.591244881973,0.0071,0.0073,292.327558,1.1028,8
236,547587050,50,36.740448072478,127.122798786486,51.589614150114,0.0071,0.0073,291.470004,1.1028,8
237,547587100,50,36.740448548677,127.122797352374,51.588549923152,0.0071,0.0073,292.419931,1.1028,8
238,547587150,50,36.740449008310,127.122795880679,51.584651542827,0.0071,0.0073,291.209029,1.1028,8
239,547587200,50,36.740449452148,127.122794418142,51.586026236415,0.0071,0.0073,290.659823,1.1028,8
240,547587250,50,36.740449971237,127.122792928033,51.596772057936,0.0071,0.0073,293.404750,1.1028,8
241,547587300,50,36.740450475029,127.122791400748,51.582403699867,0.0071,0.0073,292.286564,1.1028,8
242,547587350,50,36.740450969083,127.122789824311,51.589673760347,0.0071,0.0073,291.276045,1.1028,8
243,547587400,50,36.740451482652,127.122788221173,51.589634594508,0.0071,0.0073,291.704622,1.1028,8
244,547587450,50,36.740452022568,127.122786643629,51.589956671000,0.0071,0.0073,293.037672,1.1028,8
245,547587500,50,36.740452517661,127.122784972181,51.578804325312,0.0071,0.0073,290.205622,1.1028,8
246,547587550,50,36.740453070904,127.122783343785,51.591030662879,0.0071,0.0073,292.886569,1.1028,8
247,547587600,50,36.740453623081,127.122781691134,51.589471050538,0.0072,0.0073,292.545484,1.1028,8
248,547587650,50,36.740454157515,127.122779996070,51.590122089721,0.0072,0.0073,291.392729,1.1028,8
249,547587700,50,36.740454708017,127.122778246583,51.586708935909,0.0071,0.0073,291.392717,1.1028,8
250,547587750,50,36.740455255138,127.122776503711,51.582591574639,0.0071,0.0073,291.308161,1.1028,8
251,547587800,50,36.740455830112,127.122774775779,51.587162528187,0.0071,0.0073,292.462637,1.1028,8
252,547587850,50,36.740456407694,127.122773001292,51.587818863802,0.0071,0.0073,292.019781,1.1028,8
253,547587900,50,36.740457005656,127.122771218627,51.587944290601,0.0071,0.0073,292.625306,1.1028,8
254,547587950,50,36.740457617202,127.122769423128,51.590137206949,0.0071,0.0073,292.938028,1.1028,8
255,547588000,50,36.740458211400,127.122767588250,51.585915707983,0.0071,0.0073,291.918326,1.1028,8
256,547588050,50,36.740458836601,127.122765769628,51.593927472830,0.0071,0.0073,293.129634,1.1028,8
257,547588100,50,36.740459427664,127.122763849173,51.587872090749,0.0071,0.0073,290.927417,1.1028,8
258,547588150,50,36.740460072033,127.122761951614,51.584139931016,0.0071,0.0073,292.876327,1.1028,8
259,547588200,50,36.740460712583,127.122760078505,51.596520645544,0.0071,0.0073,293.020827,1.1028,8
260,547588250,50,36.740461339287,127.122758168173,51.584194270894,0.0071,0.0073,292.176751,1.1028,8
261,547588300,50,36.740461978292,127.122756198895,51.591030062176,0.0072,0.0073,291.958271,0.8475,9
262,547588350,50,36.740462602276,127.122754248882,51.592638137750,0.0072,0.0073,291.682333,0.8475,9
263,547588400,50,36.740463226996,127.122752267249,51.595245952718,0.0072,0.0073,291.390711,1.1098,8
264,547588450,50,36.740463896350,127.122750321497,51.593252068385,0.0072,0.0073,293.143539,1.1098,8
265,547588500,50,36.740464574751,127.122748340025,51.593914783560,0.0072,0.0073,293.044981,1.1098,8
266,547588550,50,36.740465213533,127.122746309553,51.596182571724,0.0072,0.0073,291.350155,1.1098,8
267,547588600,50,36.740465888622,127.122744336544,51.585475978442,0.0072,0.0073,293.032336,1.1098,8
268,547588650,50,36.740466564607,127.122742326694,51.596562294289,0.0071,0.0073,293.032317,1.1098,8
269,547588700,50,36.740467255187,127.122740276915,51.595198209397,0.0071,0.0073,292.714564,1.1098,8
270,547588750,50,36.740467908375,127.122738231746,51.595425232314,0.0071,0.0073,291.644900,1.1098,8
271,547588800,50,36.740468616658,127.122736246033,51.596929991618,0.0071,0.0073,293.902507,1.1098,8
272,547588850,50,36.740469313698,127.122734159644,51.594235572964,0.0071,0.0073,292.543816,1.1098,8
273,547588900,50,36.740469957405,127.122732074124,51.594656290486,0.0071,0.0073,290.982255,1.1098,8
274,547588950,50,36.740470677955,127.122729987659,51.595322255976,0.0071,0.0073,293.223941,1.1098,8
275,547589000,50,36.740471399053,127.122727883494,51.592363757081,0.0071,0.0073,293.064769,1.1098,8
276,547589050,50,36.740472070628,127.122725767054,51.588857985102,0.0071,0.0073,291.517649,1.1098,8
277,547589050,50,36.740472070628,127.122723635147,51.586782367900,0.0071,0.0073,291.517649,1.1098,8
278,547589150,50,36.740473535865,127.122721476908,51.593527083285,0.0071,0.0073,293.464844,1.1098,8
279,547589200,50,36.740474212474,127.122719302309,51.593743274920,0.0071,0.0073,293.464844,1.1098,8
280,547589250,50,36.740474990939,127.122717112607,51.593739322387,0.0072,0.0073,293.832402,1.1098,8
281,547589250,50,36.740475705127,127.122714864624,51.590924315155,0.0072,0.0073,293.832402,1.1098,8
282,547589350,50,36.740476468190,127.122712649548,51.588752622716,0.0072,0.0073,293.172332,1.1098,8
283,547589400,50,36.740477226679,127.122710375742,51.589690264314,0.0072,0.0073,292.512721,1.1098,8
284,547589450,50,36.740477994090,127.122708117453,51.592119353823,0.0072,0.0073,292.890965,1.1098,8
285,547589500,50,36.740478769003,127.122705793816,51.590705865063,0.0072,0.0073,292.890965,1.1098,8
286,547589550,50,36.740479545673,127.122703450250,51.590826464817,0.0072,0.0073,292.380662,1.1098,8
287,547589550,50,36.740479545673,127.122703450250,51.591002114117,0.0072,0.0073,292.380662,1.1098,8
288,547589650,50,36.740481187367,127.122698695113,51.588720409200,0.0071,0.0073,292.986096,1.1098,8
289,547589700,50,36.740482024211,127.122696267749,51.590504426509,0.0071,0.0073,293.188436,1.1098,8
290,547589750,50,36.740482832541,127.122693835934,51.583999471739,0.0071,0.0073,292.441043,1.1098,8
291,547589750,50,36.740483659328,127.122691363869,51.587836220860,0.0071,0.0073,292.441043,1.1098,8
292,547589850,50,36.740484534190,127.122688868325,51.590449999087,0.0071,0.0073,293.537342,1.1098,8
293,547589900,50,36.740485400275,127.122686314812,51.584436092526,0.0071,0.0073,292.851926,1.1098,8
294,547589950,50,36.740486259592,127.122683758089,51.578891561367,0.0071,0.0073,292.665899,1.1098,8
295,547589950,50,36.740487180583,127.122681161748,51.583549253643,0.0071,0.0073,292.665899,1.1098,8
296,547590050,50,36.740488057320,127.122678559078,51.579086180776,0.0071,0.0073,292.711934,1.1098,8
297,547590100,50,36.740489012392,127.122675946115,51.591883445159,0.0071,0.0073,294.425423,1.1098,8
298,547590150,50,36.740489925993,127.122673261761,51.584261704236,0.0071,0.0073,292.922553,1.1098,8
299,547590200,50,36.740490838967,127.122670557256,51.586015644483,0.0071,0.0073,292.755219,1.1098,8
300,547590250,50,36.740491766080,127.122667848303,51.581333383918,0.0071,0.0073,293.037083,1.1098,8
301,547590250,50,36.740491766080,127.122667848303,51.581333383918,0.0071,0.0073,293.037083,1.1098,8
302,547590350,50,36.740493673224,127.122662288603,51.578581806272,0.0071,0.0073,292.965360,1.1098,8
303,547590400,50,36.740494597641,127.122659507871,51.580775039271,0.0072,0.0073,292.443432,1.1098,8
304,547590450,50,36.740495589980,127.122656664758,51.582144203596,0.0072,0.0073,293.445316,1.1098,8
305,547590450,50,36.740495589980,127.122656664758,51.582144203596,0.0072,0.0073,293.445316,1.1098,8
306,547590550,50,36.740497574064,127.122650942072,51.589230404235,0.0072,0.0073,293.549121,1.1098,8
307,547590550,50,36.740497574064,127.122650942072,51.589230404235,0.0072,0.0073,293.549121,1.1098,8
308,547590650,50,36.740499594143,127.122645099196,51.581398780458,0.0072,0.0073,294.157915,1.1098,8
309,547590700,50,36.740500608799,127.122642122653,51.581495543011,0.0072,0.0073,292.955271,1.1098,8
310,547590750,50,36.740501661469,127.122639103362,51.583026859909,0.0072,0.0073,293.422275,1.1098,8
311,547590750,50,36.740501661469,127.122639103362,51.583026859909,0.0072,0.0073,293.422275,1.1098,8
312,547590850,50,36.740503741803,127.122633070977,51.586407477967,0.0071,0.0073,292.961153,1.1098,8
313,547590900,50,36.740504770522,127.122629989843,51.584591520019,0.0071,0.0073,292.530941,1.1098,8
314,547590950,50,36.740505840690,127.122626902500,51.576547103934,0.0071,0.0073,293.301238,1.1098,8
315,547590950,50,36.740505840690,127.122626902500,51.576547103934,0.0071,0.0073,293.301238,1.1098,8
316,547591050,50,36.740508012205,127.122620621075,51.582580558024,0.0071,0.0073,292.989681,1.1098,8
317,547591050,50,36.740508012205,127.122620621075,51.582580558024,0.0071,0.0073,292.989681,1.1098,8
318,547591150,50,36.740510246448,127.122614271192,51.579672009684,0.0071,0.0073,293.835342,1.1098,8
319,547591200,50,36.740511378331,127.122611055118,51.580922365189,0.0071,0.0073,293.619644,1.1098,8
320,547591250,50,36.740512521133,127.122607820758,51.584185907617,0.0071,0.0073,293.702431,1.1098,8
321,547591300,50,36.740513659216,127.122604555187,51.580631623976,0.0071,0.0073,293.702431,1.1098,8
322,547591350,50,36.740514827562,127.122601250271,51.588910200633,0.0071,0.0073,293.713525,1.1098,8
323,547591400,50,36.740515975385,127.122597896185,51.580310893245,0.0071,0.0073,293.035647,1.1098,8
324,547591450,50,36.740517135748,127.122594564175,51.577408235520,0.0071,0.0073,293.398246,1.1098,8
325,547591500,50,36.740518337892,127.122591169207,51.586185618304,0.0071,0.0073,293.398246,1.1098,8
326,547591550,50,36.740519527272,127.122587794892,51.582951815799,0.0071,0.0073,293.651611,1.1098,8
327,547591550,50,36.740519527272,127.122587794892,51.582951815799,0.0071,0.0073,293.651611,1.1098,8
328,547591650,50,36.740521949922,127.122580935816,51.575409454294,0.0071,0.0073,293.734022,0.8476,9
329,547591650,50,36.740523161129,127.122577466335,51.581290950999,0.0071,0.0073,293.734022,0.8476,9
330,547591750,50,36.740524407819,127.122573990112,51.574782486074,0.0071,0.0073,294.018138,0.8476,9
331,547591800,50,36.740525619875,127.122570458791,51.577955275774,0.0072,0.0073,294.018138,0.8476,9
332,547591850,50,36.740526888971,127.122566931106,51.576024472713,0.0072,0.0073,294.084600,0.8476,9
333,547591900,50,36.740528139314,127.122563368382,51.582581536844,0.0072,0.0073,293.560240,0.8476,9
334,547591950,50,36.740529413844,127.122559759161,51.572408378124,0.0072,0.0073,293.690513,0.8476,9
335,547591950,50,36.740529413844,127.122559759161,51.572408378124,0.0072,0.0073,293.690513,0.8476,9
336,547592050,50,36.740531996246,127.122552484518,51.575119297020,0.0072,0.0073,293.678030,0.8476,9
337,547592100,50,36.740533291695,127.122548841383,51.578103979118,0.0072,0.0073,293.836898,1.1106,8
338,547592150,50,36.740534606121,127.122545177713,51.578299396671,0.0071,0.0073,293.836864,1.1106,8
339,547592200,50,36.740535950445,127.122541471600,51.581044194289,0.0071,0.0073,294.261061,0.8477,9
340,547592250,50,36.740537296211,127.122537754365,51.581217961386,0.0071,0.0073,294.219793,0.8477,9
341,547592300,50,36.740538622518,127.122533978051,51.575092243031,0.0071,0.0073,293.576127,0.8477,9
342,547592350,50,36.740539993006,127.122530188153,51.574535107240,0.0071,0.0073,294.195039,0.8477,9
343,547592400,50,36.740541348081,127.122526369375,51.572779871523,0.0071,0.0073,294.195039,0.8477,9
344,547592450,50,36.740542745513,127.122522553478,51.575591254979,0.0071,0.0073,294.466757,0.8477,9
345,547592500,50,36.740544125492,127.122518676043,51.573608818464,0.0071,0.0073,293.855569,0.8477,9
346,547592550,50,36.740545529818,127.122514807355,51.578131264076,0.0071,0.0073,294.276847,0.8477,9
347,547592600,50,36.740546917857,127.122510911845,51.575183767825,0.0071,0.0073,293.880445,0.8477,9
348,547592650,50,36.740548348220,127.122506964825,51.580806232989,0.0071,0.0072,293.880405,0.8477,9
349,547592700,50,36.740549759601,127.122503014967,51.574760797434,0.0071,0.0072,293.940311,0.8477,9
350,547592750,50,36.740551213348,127.122499083556,51.576270870864,0.0071,0.0072,294.676595,0.8477,9
351,547592800,50,36.740552638088,127.122495085018,51.572365487926,0.0071,0.0072,294.676595,0.8477,9
352,547592850,50,36.740554086782,127.122491079460,51.574208552018,0.0071,0.0072,294.198270,0.8477,9
353,547592900,50,36.740555559501,127.122487080386,51.577874176204,0.0071,0.0072,294.587637,0.8477,9
354,547592950,50,36.740557012746,127.122483075976,51.573879126459,0.0071,0.0072,294.271705,0.8477,9
355,547593000,50,36.740558454235,127.122479023905,51.573318166658,0.0071,0.0072,293.846090,0.8477,9
356,547593050,50,36.740559932044,127.122474999029,51.577417635359,0.0071,0.0073,294.523092,1.1108,8
357,547593100,50,36.740561424464,127.122470926679,51.580278979614,0.0071,0.0073,294.482281,1.1108,8
358,547593150,50,36.740562893440,127.122466896118,51.574988837354,0.0071,0.0073,294.363241,0.8477,9
359,547593200,50,36.740564372937,127.122462815419,51.570077337325,0.0071,0.0073,294.250909,0.8477,9
360,547593250,50,36.740565872587,127.122458725171,51.572878325358,0.0071,0.0073,294.491959,0.8477,9
361,547593300,50,36.740567360295,127.122454627498,51.574132068083,0.0071,0.0073,294.280608,0.8477,9
362,547593350,50,36.740568901713,127.122450534851,51.574200198054,0.0071,0.0073,295.078203,0.8477,9
363,547593400,50,36.740570409092,127.122446396616,51.573781032115,0.0071,0.0073,294.351269,0.8477,9
364,547593450,50,36.740571949809,127.122442219503,51.576510221697,0.0071,0.0073,294.621946,0.8477,9
365,547593500,50,36.740573497597,127.122438077970,51.570900580846,0.0071,0.0073,294.908165,0.8477,9
366,547593550,50,36.740575035174,127.122433936813,51.574761739932,0.0071,0.0073,294.908165,0.8477,9
367,547593600,50,36.740576566692,127.122429732709,51.570791374892,0.0071,0.0073,294.353326,0.8477,9
368,547593650,50,36.740578126935,127.122425563623,51.573004179634,0.0071,0.0072,294.353280,0.8477,9
369,547593700,50,36.740579691840,127.122421330974,51.572310586460,0.0071,0.0072,294.673360,0.8477,9
370,547593750,50,36.740581290985,127.122417130109,51.578847113997,0.0071,0.0072,295.313630,0.8477,9
371,547593800,50,36.740582820654,127.122412881433,51.573480884545,0.0071,0.0072,294.101277,0.8477,9
372,547593850,50,36.740584408748,127.122408652168,51.577484422363,0.0071,0.0072,295.012149,0.8477,9
373,547593900,50,36.740585987774,127.122404416391,51.576025376096,0.0071,0.0072,294.853062,0.8477,9
374,547593950,50,36.740587562317,127.122400173927,51.575904594734,0.0071,0.0072,294.756596,0.8477,9
375,547594000,50,36.740589154514,127.122395963897,51.577632077970,0.0071,0.0072,295.169239,0.8477,9
376,547594050,50,36.740590734867,127.122391697227,51.571097777225,0.0071,0.0072,294.712925,0.8477,9
377,547594100,50,36.740592341927,127.122387489954,51.579905102029,0.0071,0.0072,295.389317,0.8477,9
378,547594150,50,36.740593930679,127.122383243083,51.577288649976,0.0071,0.0072,294.930171,0.8477,9
379,547594200,50,36.740595523931,127.122378942537,51.572891376913,0.0071,0.0072,294.717733,0.8477,9
380,547594250,50,36.740597148543,127.122374705101,51.582440898754,0.0071,0.0072,295.471952,1.1110,8
381,547594300,50,36.740598762454,127.122370421868,51.582054635510,0.0071,0.0072,295.087914,1.1110,8
382,547594350,50,36.740600365162,127.122366170524,51.581868991256,0.0071,0.0073,295.099095,0.8478,9
383,547594400,50,36.740601967373,127.122361873369,51.575384914875,0.0071,0.0073,294.857236,0.8478,9
384,547594450,50,36.740603603116,127.122357622721,51.578783761710,0.0071,0.0073,295.554704,0.8478,9
385,547594500,50,36.740605210874,127.122353314403,51.576470858417,0.0071,0.0073,294.876071,0.8478,9
386,547594550,50,36.740606863150,127.122349068335,51.582993522286,0.0071,0.0073,294.876071,0.8478,9
387,547594600,50,36.740608494887,127.122344791350,51.576588517055,0.0071,0.0073,295.362834,0.8478,9
388,547594650,50,36.740610101604,127.122340516493,51.577035316266,0.0071,0.0072,295.362785,0.8478,9
389,547594700,50,36.740611712408,127.122336207757,51.577288517728,0.0071,0.0072,294.915325,0.8478,9
390,547594750,50,36.740613382166,127.122331914334,51.573229252361,0.0071,0.0072,295.791121,0.8478,9
391,547594800,50,36.740614986298,127.122327606657,51.577448017895,0.0071,0.0072,294.829951,0.8478,9
392,547594850,50,36.740616645346,127.122323295021,51.580760975368,0.0071,0.0072,295.552480,0.8478,9
393,547594900,50,36.740618293669,127.122319012375,51.584313971922,0.0071,0.0072,295.558291,0.8478,9
394,547594950,50,36.740619965316,127.122314708009,51.585241104476,0.0071,0.0072,295.759388,0.8478,9
395,547595000,50,36.740621630289,127.122310388217,51.583219275810,0.0071,0.0072,295.589856,0.8478,9
396,547595050,50,36.740623323773,127.122306107274,51.580795412883,0.0071,0.0072,296.175180,0.8478,9
397,547595100,50,36.740624991866,127.122301786962,51.587722624652,0.0071,0.0072,295.628975,1.1112,8
398,547595150,50,36.740626637975,127.122297435242,51.583772823215,0.0071,0.0072,295.173649,1.1112,8
399,547595200,50,36.740628318569,127.122293161693,51.576728070155,0.0071,0.0072,296.041339,1.1112,8
400,547595250,50,36.740629991425,127.122288849609,51.579096615314,0.0071,0.0072,295.735450,0.8478,9
401,547595300,50,36.740631665569,127.122284538774,51.578837727197,0.0071,0.0072,295.759205,0.8478,9
402,547595350,50,36.740633337418,127.122280229629,51.573253776878,0.0071,0.0072,295.737247,0.8478,9
403,547595400,50,36.740635006972,127.122275915677,51.576187288389,0.0071,0.0072,295.681515,0.8478,9
404,547595450,50,36.740636702739,127.122271612859,51.572811663151,0.0071,0.0073,296.090255,0.8478,9
405,547595500,50,36.740638401326,127.122267298645,51.573653297499,0.0071,0.0073,296.068015,0.8478,9
406,547595550,50,36.740640073211,127.122262966425,51.581832934171,0.0071,0.0073,295.618239,0.8478,9
407,547595600,50,36.740641781740,127.122258662227,51.576444976963,0.0071,0.0073,296.253048,0.8478,9
408,547595650,50,36.740643475783,127.122254353926,51.575971459970,0.0071,0.0073,296.038464,0.8478,9
409,547595700,50,36.740645198945,127.122249995268,51.577635909431,0.0071,0.0073,296.161210,0.8478,9
410,547595750,50,36.740646914952,127.122245671920,51.575388017111,0.0071,0.0073,296.161210,0.8478,9
411,547595800,50,36.740648611084,127.122241339629,51.577542467043,0.0071,0.0073,295.940975,1.1113,8
412,547595850,50,36.740650328671,127.122237055680,51.584033153020,0.0071,0.0072,295.940924,0.8479,9
413,547595900,50,36.740652072897,127.122232723509,51.582508521155,0.0071,0.0072,296.577165,0.8479,9
414,547595950,50,36.740653796863,127.122228418972,51.580091108568,0.0071,0.0072,296.456214,0.8479,9
415,547596000,50,36.740655522524,127.122224095358,51.581765078939,0.0071,0.0072,296.377711,0.8479,9
416,547596050,50,36.740657226720,127.122219765254,51.576472361572,0.0071,0.0072,296.059407,1.1114,8
417,547596100,50,36.740658990887,127.122215481534,51.585812438279,0.0071,0.0072,297.099130,1.1114,8
418,547596150,50,36.740660682723,127.122211149079,51.578768895939,0.0071,0.0072,295.882982,1.1114,8
419,547596200,50,36.740662409215,127.122206843823,51.578303407878,0.0071,0.0072,296.485873,0.8479,9
420,547596250,50,36.740664159926,127.122202581295,51.575380435213,0.0071,0.0072,297.036524,0.8479,9
421,547596300,50,36.740665889680,127.122198255688,51.580542424694,0.0071,0.0072,296.421267,0.8479,9
422,547596350,50,36.740667621366,127.122193957486,51.576511594467,0.0071,0.0072,296.421267,0.8479,9
423,547596400,50,36.740669330758,127.122189618847,51.576409269124,0.0071,0.0072,296.083755,0.8479,9
424,547596450,50,36.740671096887,127.122185353663,51.579105826095,0.0071,0.0072,297.225945,0.8479,9
425,547596500,50,36.740672806180,127.122181060033,51.579071442597,0.0071,0.0073,296.319139,0.8479,9
426,547596550,50,36.740674532192,127.122176767101,51.574438262731,0.0071,0.0073,296.545156,0.8479,9
427,547596600,50,36.740676282678,127.122172495334,51.580611602403,0.0071,0.0073,296.983374,0.8479,9
428,547596650,50,36.740678014518,127.122168250607,51.571906373836,0.0071,0.0073,296.882505,1.1115,8
429,547596700,50,36.740679751638,127.122163957915,51.575379678980,0.0071,0.0073,296.693686,1.1115,8
430,547596750,50,36.740681489775,127.122159690849,51.576063303277,0.0071,0.0073,296.845120,1.1115,8
431,547596800,50,36.740683229133,127.122155458188,51.580537830479,0.0071,0.0073,297.048755,1.1115,8
432,547596850,50,36.740684930918,127.122151164699,51.571727884002,0.0071,0.0073,296.219811,1.1115,8
433,547596850,50,36.740684930918,127.122151164699,51.571727884002,0.0071,0.0073,296.219811,1.1115,8
434,547596950,50,36.740688438720,127.122142713075,51.577038247138,0.0071,0.0073,296.982873,1.1115,8
435,547597000,50,36.740690174642,127.122138478716,51.579744159244,0.0071,0.0073,296.993597,1.1115,8
436,547597050,50,36.740691892099,127.122134251228,51.575632532127,0.0071,0.0072,296.993545,1.1115,8
437,547597100,50,36.740693650819,127.122130013223,51.575882481411,0.0071,0.0072,297.276972,1.1115,8
438,547597150,50,36.740695423625,127.122125781031,51.580229626969,0.0071,0.0072,297.495785,1.1115,8
439,547597200,50,36.740697142713,127.122121554074,51.579243894666,0.0071,0.0072,296.808741,1.1115,8
440,547597200,50,36.740697142713,127.122121554074,51.581675031222,0.0071,0.0072,296.808741,1.1115,8
441,547597300,50,36.740700637245,127.122113129193,51.582661489025,0.0071,0.0072,297.179367,1.1115,8
442,547597300,50,36.740702380328,127.122108923094,51.586798279546,0.0071,0.0072,297.179367,1.1115,8
443,547597400,50,36.740704150310,127.122104726601,51.581596759148,0.0071,0.0072,297.657480,1.1115,8
444,547597400,50,36.740704150310,127.122104726601,51.585825011134,0.0071,0.0072,297.657480,1.1115,8
445,547597500,50,36.740707650503,127.122096371020,51.584312708117,0.0071,0.0072,297.177057,1.1115,8
446,547597500,50,36.740707650503,127.122096371020,51.589445691556,0.0071,0.0072,297.177057,1.1115,8
447,547597600,50,36.740711185483,127.122088018776,51.591469675303,0.0071,0.0072,297.944218,1.1115,8
448,547597650,50,36.740712919974,127.122083872806,51.587915495969,0.0070,0.0072,297.944167,1.1115,8
449,547597700,50,36.740714661477,127.122079697323,51.581740638241,0.0070,0.0072,297.394400,1.1115,8
450,547597700,50,36.740716433699,127.122075555537,51.590071223676,0.0070,0.0072,297.394400,1.1115,8
451,547597800,50,36.740718170429,127.122071376421,51.578902550042,0.0070,0.0072,297.309903,1.1115,8
452,547597800,50,36.740718170429,127.122071376421,51.582410563715,0.0070,0.0072,297.309903,1.1115,8
453,547597900,50,36.740721728530,127.122063111840,51.587040520273,0.0070,0.0072,298.075330,1.1115,8
454,547597900,50,36.740723493478,127.122058976597,51.583489477634,0.0070,0.0072,298.075330,1.1115,8
455,547598000,50,36.740725260522,127.122054879099,51.582915796898,0.0070,0.0072,298.183973,1.1115,8
456,547598000,50,36.740725260522,127.122050758769,51.583595529199,0.0071,0.0072,298.183973,1.1115,8
457,547598100,50,36.740728714867,127.122046635921,51.586738609709,0.0071,0.0072,297.058386,1.1115,8
458,547598150,50,36.740730392645,127.122042478302,51.580396256410,0.0071,0.0072,296.629622,1.1115,8
459,547598200,50,36.740732002492,127.122038306677,51.580975725316,0.0071,0.0072,295.617405,1.1115,8
460,547598200,50,36.740732002492,127.122038306677,51.581370766275,0.0071,0.0072,295.617405,0.8480,9
461,547598300,50,36.740735163389,127.122029949143,51.588646252640,0.0071,0.0072,295.071961,0.8480,9
462,547598350,50,36.740736695584,127.122025703952,51.589711007662,0.0071,0.0072,294.154146,0.8480,9
463,547598400,50,36.740738203314,127.122021498433,51.585003604181,0.0071,0.0072,294.010988,0.8480,9
464,547598400,50,36.740739688671,127.122017262118,51.584163945168,0.0071,0.0072,294.010988,0.8480,9
465,547598500,50,36.740741125762,127.122013035258,51.587219025940,0.0071,0.0072,292.901366,0.8480,9
466,547598550,50,36.740742514939,127.122008754536,51.585045787506,0.0071,0.0072,291.960373,0.8480,9
467,547598600,50,36.740743915011,127.122004503921,51.583102047443,0.0071,0.0072,292.257468,0.8480,9
468,547598650,50,36.740745262186,127.122000224322,51.583127715625,0.0070,0.0072,292.257418,0.8480,9
469,547598700,50,36.740746609114,127.121995972470,51.591166912578,0.0070,0.0072,291.485225,0.8480,9
470,547598750,50,36.740747986026,127.121991705764,51.589733229019,0.0070,0.0072,291.849509,0.8480,9
471,547598800,50,36.740749325462,127.121987424204,51.593988949433,0.0070,0.0072,291.241466,0.8480,9
472,547598850,50,36.740750651683,127.121983163101,51.588270535693,0.0070,0.0072,291.142496,0.8480,9
473,547598900,50,36.740751980301,127.121978912309,51.586533444934,0.0070,0.0072,291.224126,0.8480,9
474,547598950,50,36.740753335602,127.121974700547,51.588513385504,0.0070,0.0072,291.793003,0.8480,9
475,547599000,50,36.740754690660,127.121970453718,51.583124243654,0.0070,0.0072,291.626200,0.8480,9
476,547599050,50,36.740756101536,127.121966287587,51.586989731528,0.0070,0.0072,292.820575,0.8480,9
477,547599100,50,36.740757475293,127.121962083194,51.586460907012,0.0070,0.0072,292.096405,0.8480,9
478,547599150,50,36.740758924814,127.121957925708,51.589340873994,0.0070,0.0072,293.422680,0.8480,9
479,547599200,50,36.740760389048,127.121953789361,51.587845576927,0.0070,0.0072,293.741907,0.8480,9
480,547599250,50,36.740761872903,127.121949658604,51.589024082758,0.0070,0.0072,294.053092,0.8480,9
481,547599300,50,36.740763435036,127.121945576878,51.587165337987,0.0071,0.0072,295.432462,0.8480,9
482,547599350,50,36.740765028094,127.121941538946,51.592088259757,0.0071,0.0072,296.114229,0.8480,9
483,547599400,50,36.740766605825,127.121937489435,51.589016180485,0.0071,0.0072,295.831571,0.8480,9
484,547599450,50,36.740768235535,127.121933480876,51.587749050930,0.0071,0.0072,296.800899,0.8480,9
485,547599500,50,36.740769904840,127.121929499890,51.591352990828,0.0071,0.0072,297.520100,0.8480,9
486,547599550,50,36.740771624693,127.121925542221,51.591474719346,0.0071,0.0072,298.366930,0.8480,9
487,547599600,50,36.740773344721,127.121921623067,51.585894436575,0.0071,0.0072,298.604260,0.8480,9
488,547599650,50,36.740775081679,127.121917708291,51.584687206894,0.0070,0.0072,298.604210,0.8480,9
489,547599700,50,36.740776828205,127.121913805084,51.584708400071,0.0070,0.0072,299.073027,0.8480,9
490,547599750,50,36.740778598718,127.121909893493,51.583604698069,0.0070,0.0072,299.353575,0.8480,9
491,547599800,50,36.740780371570,127.121906040648,51.583484853618,0.0070,0.0072,299.758069,0.8480,9
492,547599850,50,36.740782147423,127.121902157859,51.587658902630,0.0070,0.0072,299.758069,0.8480,9
493,547599900,50,36.740783915041,127.121898302197,51.587316677906,0.0070,0.0072,299.667123,0.8480,9
494,547599950,50,36.740785671725,127.121894427564,51.579937137663,0.0070,0.0072,299.394043,0.8480,9
495,547600000,50,36.740787458272,127.121890596713,51.581060535274,0.0070,0.0072,300.090498,0.8480,9
496,547600050,50,36.740789228098,127.121886764369,51.583797265776,0.0070,0.0072,299.847701,0.8480,9
497,547600100,50,36.740790956813,127.121882928979,51.584573175758,0.0070,0.0072,299.250462,0.8480,9
498,547600150,50,36.740792673295,127.121879022911,51.581381281838,0.0070,0.0072,298.635102,0.8480,9
499,547600200,50,36.740794359354,127.121875159786,51.581879961304,0.0070,0.0072,298.470836,0.8480,9
500,547600250,50,36.740796032879,127.121871247924,51.586938335560,0.0070,0.0072,297.993327,0.8480,9
501,547600300,50,36.740797672501,127.121867326663,51.585770875216,0.0070,0.0072,297.453799,0.8480,9
502,547600350,50,36.740799289179,127.121863396656,51.590683544055,0.0070,0.0072,297.073062,0.8480,9
503,547600400,50,36.740800871231,127.121859421731,51.584637861699,0.0070,0.0072,296.313923,0.8480,9
504,547600450,50,36.740802423025,127.121855439205,51.588470413350,0.0070,0.0072,295.833900,0.8480,9
505,547600500,50,36.740803943557,127.121851487932,51.588800051250,0.0071,0.0072,295.554702,0.8480,9
506,547600550,50,36.740805426286,127.121847491583,51.586845840327,0.0071,0.0072,294.749755,0.8480,9
507,547600600,50,36.740806899612,127.121843466949,51.584665813483,0.0071,0.0072,294.458827,0.8480,9
508,547600650,50,36.740808344763,127.121839467686,51.582890813239,0.0071,0.0072,294.179626,0.8480,9
509,547600700,50,36.740809753641,127.121835454347,51.581859011203,0.0071,0.0072,293.566147,0.8480,9
510,547600750,50,36.740811153740,127.121831428295,51.583356129937,0.0071,0.0072,293.369134,0.8480,9
511,547600800,50,36.740812518838,127.121827391875,51.584577083588,0.0071,0.0072,292.792878,0.8480,9
512,547600850,50,36.740813899049,127.121823358683,51.582343464717,0.0071,0.0072,293.035564,0.8480,9
513,547600900,50,36.740815295950,127.121819337046,51.582793546841,0.0071,0.0072,293.344333,0.8480,9
514,547600950,50,36.740816669368,127.121815315177,51.577483182773,0.0070,0.0072,293.344284,0.8480,9
515,547601000,50,36.740818027160,127.121811260537,51.577454186976,0.0070,0.0072,292.591571,0.8480,9
516,547601050,50,36.740819438541,127.121807282134,51.576878360473,0.0070,0.0072,293.787762,0.8480,9
517,547601100,50,36.740820850610,127.121803254502,51.577367927879,0.0070,0.0072,293.538990,0.8480,9
518,547601150,50,36.740822287161,127.121799259915,51.572824482806,0.0070,0.0072,294.077031,0.8480,9
519,547601200,50,36.740823729452,127.121795289378,51.575764654204,0.0070,0.0072,294.291723,0.8480,9
520,547601250,50,36.740825234643,127.121791332796,51.577870867215,0.0070,0.0072,295.299566,0.8480,9
521,547601300,50,36.740826759884,127.121787398781,51.580349310301,0.0070,0.0072,295.721641,0.8480,9
522,547601350,50,36.740828285316,127.121783453020,51.572919369675,0.0070,0.0072,295.657708,0.8480,9
523,547601400,50,36.740829908486,127.121779583373,51.580419577658,0.0070,0.0072,297.528090,0.8480,9
524,547601450,50,36.740831528866,127.121775710557,51.581154963002,0.0070,0.0072,297.468505,0.8480,9
525,547601500,50,36.740833165749,127.121771849132,51.576980467886,0.0070,0.0072,297.776352,0.8480,9
526,547601550,50,36.740834826621,127.121768018837,51.580961700529,0.0070,0.0072,298.314694,0.8480,9
527,547601600,50,36.740836531507,127.121764201433,51.578074399382,0.0070,0.0072,299.026811,0.8480,9
528,547601650,50,36.740838248947,127.121760406143,51.581836738624,0.0070,0.0072,299.347486,0.8480,9
529,547601700,50,36.740839980759,127.121756607436,51.577841595747,0.0070,0.0072,299.529802,0.8480,9
530,547601750,50,36.740841777761,127.121752836678,51.584759612568,0.0070,0.0072,300.631438,0.8480,9
531,547601800,50,36.740843585051,127.121749088455,51.579575154930,0.0070,0.0072,300.926245,0.8480,9
532,547601850,50,36.740845413923,127.121745306291,51.578394222073,0.0071,0.0072,300.998434,0.8480,9
533,547601900,50,36.740847259122,127.121741512981,51.577605087310,0.0071,0.0072,301.149035,0.8480,9
534,547601950,50,36.740849100702,127.121737776776,51.584309897386,0.0071,0.0072,301.484993,0.8480,9
535,547602000,50,36.740850917072,127.121733984097,51.578753366135,0.0071,0.0072,300.755282,0.8480,9
536,547602050,50,36.740852795862,127.121730205336,51.585277427919,0.0071,0.0072,301.706890,0.8480,9
537,547602100,50,36.740854613413,127.121726392558,51.581659762189,0.0071,0.0072,300.638702,0.8480,9
538,547602150,50,36.740856437635,127.121722587810,51.577477925457,0.0070,0.0072,300.638655,0.8480,9
539,547602200,50,36.740858250071,127.121718764629,51.580500322394,0.0070,0.0072,300.499589,0.8480,9
540,547602250,50,36.740860068989,127.121714922010,51.582334768958,0.0070,0.0072,300.462004,0.8480,9
541,547602300,50,36.740861876077,127.121711067118,51.584707328118,0.0070,0.0072,300.219343,0.8480,9
542,547602350,50,36.740863649859,127.121707134510,51.589789223857,0.0070,0.0072,299.267693,0.8480,9
543,547602400,50,36.740865393819,127.121703191712,51.586557690054,0.0070,0.0072,298.792590,0.8480,9
544,547602450,50,36.740867093094,127.121699243639,51.587084153667,0.0070,0.0072,298.137373,0.8480,9
545,547602500,50,36.740868771380,127.121695265208,51.583145572804,0.0070,0.0072,297.661424,0.8480,9
546,547602550,50,36.740870439322,127.121691215226,51.584324156865,0.0070,0.0072,297.099700,0.8480,9
547,547602550,50,36.740870439322,127.121691215226,51.584324156865,0.0070,0.0072,297.099700,0.8480,9
548,547602650,50,36.740873709163,127.121683131426,51.581243759021,0.0071,0.0072,296.520811,0.8480,9
549,547602650,50,36.740873709163,127.121683131426,51.581243759021,0.0071,0.0072,296.520811,0.8480,9
550,547602750,50,36.740876848478,127.121674942172,51.579639033414,0.0071,0.0072,294.922176,0.8480,9
551,547602750,50,36.740876848478,127.121674942172,51.586723840795,0.0071,0.0072,294.922176,0.8480,9
552,547602850,50,36.740879907110,127.121666640867,51.579126437195,0.0070,0.0072,295.188870,0.8480,9
553,547602900,50,36.740881426594,127.121662461856,51.577075589448,0.0070,0.0072,294.312464,0.8480,9
554,547602950,50,36.740882962322,127.121658261149,51.571168748662,0.0070,0.0072,294.429960,0.8480,9
555,547602950,50,36.740882962322,127.121654090763,51.573989663273,0.0070,0.0072,294.429960,0.8480,9
556,547603050,50,36.740886078386,127.121649890674,51.576805581339,0.0070,0.0072,294.765941,0.8480,9
557,547603050,50,36.740886078386,127.121649890674,51.574502330273,0.0070,0.0072,294.765941,0.8480,9
558,547603150,50,36.740889201641,127.121641509527,51.582794343121,0.0070,0.0072,294.913117,0.8480,9
559,547603200,50,36.740890763419,127.121637300499,51.573700913228,0.0070,0.0072,294.751744,0.8480,9
560,547603250,50,36.740892381967,127.121633142115,51.580407731235,0.0070,0.0072,295.809368,0.8480,9
561,547603250,50,36.740892381967,127.121633142115,51.573189505376,0.0070,0.0072,295.809368,0.8480,9
562,547603350,50,36.740895655490,127.121624794092,51.574349347502,0.0070,0.0072,296.398244,0.8480,9
563,547603400,50,36.740897346829,127.121620670939,51.577736589126,0.0070,0.0072,297.007453,0.8480,9
564,547603450,50,36.740899092771,127.121616514630,51.584950135089,0.0070,0.0072,297.562157,0.8480,9
565,547603450,50,36.740899092771,127.121616514630,51.579102345742,0.0070,0.0072,297.562157,0.8480,9
566,547603550,50,36.740902663518,127.121608300441,51.578081371263,0.0070,0.0072,298.878760,0.8480,9
567,547603550,50,36.740902663518,127.121608300441,51.574683246203,0.0070,0.0072,298.878760,0.8480,9
568,547603650,50,36.740906360771,127.121600136825,51.578763639554,0.0069,0.0071,298.591346,0.8480,9
569,547603650,50,36.740908268059,127.121596103781,51.581366967410,0.0069,0.0071,298.591346,0.8480,9
570,547603750,50,36.740910222019,127.121592060079,51.583416646346,0.0069,0.0071,300.980579,0.8480,9
571,547603750,50,36.740910222019,127.121592060079,51.583416646346,0.0069,0.0071,300.980579,0.8480,9
572,547603850,50,36.740914221877,127.121584047547,51.578981826082,0.0069,0.0071,301.920051,0.8480,9
573,547603900,50,36.740916275053,127.121580038878,51.584929140285,0.0069,0.0071,302.472637,0.8480,9
574,547603950,50,36.740918307977,127.121576059186,51.587138055824,0.0069,0.0071,302.403712,0.8480,9
575,547603950,50,36.740918307977,127.121576059186,51.587138055824,0.0069,0.0071,302.403712,0.8480,9
576,547604050,50,36.740922437091,127.121568072408,51.588831465691,0.0069,0.0071,302.739323,0.8480,9
577,547604050,50,36.740922437091,127.121568072408,51.591100287624,0.0069,0.0071,302.739323,0.8480,9
578,547604150,50,36.740926573525,127.121560110717,51.590358668007,0.0069,0.0071,303.018850,0.8480,9
579,547604150,50,36.740926573525,127.121560110717,51.590358668007,0.0069,0.0071,303.018850,0.8480,9
580,547604250,50,36.740930730408,127.121552116151,51.589353492483,0.0069,0.0071,302.918286,0.8480,9
581,547604300,50,36.740932763135,127.121548072883,51.585455765948,0.0070,0.0071,302.918286,0.8480,9
582,547604350,50,36.740934795565,127.121544026926,51.588849546388,0.0070,0.0071,301.970909,0.8480,9
583,547604350,50,36.740934795565,127.121544026926,51.588849546388,0.0070,0.0071,301.970909,0.8480,9
584,547604450,50,36.740938789193,127.121535908844,51.593864196911,0.0070,0.0071,301.380633,0.8480,9
585,547604500,50,36.740940709570,127.121531782075,51.591299981810,0.0070,0.0071,301.380633,0.8480,9
586,547604550,50,36.740942625121,127.121527679632,51.588933289051,0.0070,0.0071,300.121043,0.8480,9
587,547604550,50,36.740942625121,127.121527679632,51.588933289051,0.0070,0.0071,300.121043,0.8480,9
588,547604650,50,36.740946352774,127.121519312901,51.588398777880,0.0070,0.0071,298.788983,0.8480,9
589,547604650,50,36.740946352774,127.121515167248,51.589791886508,0.0064,0.0068,298.788983,0.8480,9
590,547604750,50,36.740949993983,127.121510954564,51.595939835533,0.0064,0.0068,297.792664,0.8480,9
591,547604750,50,36.740949993983,127.121510954564,51.595960945822,0.0064,0.0068,297.792664,0.8480,9
592,547604850,50,36.740953489110,127.121502462156,51.590100262314,0.0064,0.0068,296.971782,0.8480,9
593,547604850,50,36.740953489110,127.121502462156,51.590100262314,0.0065,0.0068,296.971782,0.8480,9
594,547604950,50,36.740956868399,127.121493897981,51.593598547392,0.0065,0.0068,296.407329,0.8480,9
595,547604950,50,36.740956868399,127.121489563950,51.589210618287,0.0065,0.0068,296.407329,0.8480,9
596,547605050,50,36.740960209380,127.121485252005,51.589948418550,0.0065,0.0068,295.833882,0.8480,9
597,547605050,50,36.740960209380,127.121480959746,51.594464712776,0.0065,0.0068,295.833882,0.8480,9
598,547605150,50,36.740963560576,127.121476618915,51.590042896569,0.0065,0.0068,295.298746,0.8480,9
599,547605200,50,36.740965260071,127.121472336998,51.590096556582,0.0065,0.0068,295.298746,0.8480,9
600,547605250,50,36.740966967499,127.121468035811,51.592927115038,0.0065,0.0068,296.254375,0.8480,9
601,547605250,50,36.740966967499,127.121463763722,51.592706873082,0.0065,0.0068,296.254375,0.8480,9
602,547605350,50,36.740970393616,127.121459477512,51.591478610411,0.0065,0.0068,296.591261,0.8480,9
603,547605350,50,36.740970393616,127.121455220039,51.595486777835,0.0065,0.0068,296.591261,0.8480,9
604,547605450,50,36.740973932231,127.121450988422,51.591685988009,0.0065,0.0068,297.622081,0.8480,9
605,547605500,50,36.740975778814,127.121446752655,51.591356780380,0.0065,0.0068,298.443435,0.8480,9
606,547605550,50,36.740977621566,127.121442578847,51.588785412721,0.0065,0.0068,298.748242,0.8480,9
607,547605550,50,36.740977621566,127.121438411492,51.590790301561,0.0065,0.0068,298.748242,0.8480,9
608,547605650,50,36.740981455489,127.121434287674,51.595338868909,0.0065,0.0068,300.548858,0.8480,9
609,547605700,50,36.740983418875,127.121430166104,51.593042062595,0.0065,0.0068,300.548858,0.8480,9
610,547605750,50,36.740985428686,127.121426107089,51.600336870179,0.0065,0.0068,301.601189,0.8480,9
611,547605800,50,36.740987425612,127.121422078281,51.598355041817,0.0065,0.0068,301.627733,0.8480,9
612,547605850,50,36.740989496203,127.121418045296,51.594542141072,0.0065,0.0068,302.535010,0.8480,9
613,547605850,50,36.740991587704,127.121414060392,51.596806431189,0.0065,0.0068,302.535010,0.8480,9
614,547605950,50,36.740993737646,127.121410097480,51.595374987461,0.0065,0.0068,303.983484,0.8480,9
615,547605950,50,36.740993737646,127.121406169860,51.598171019927,0.0064,0.0068,303.983484,0.8480,9
616,547606050,50,36.740998049760,127.121402214830,51.596145930700,0.0064,0.0068,304.002501,0.8480,9
617,547606100,50,36.741000246187,127.121398315861,51.596861999482,0.0064,0.0068,304.002501,0.8480,9
618,547606150,50,36.741002410126,127.121394398024,51.598369079642,0.0064,0.0068,304.461122,0.8480,9
619,547606200,50,36.741004600110,127.121390479454,51.602960752323,0.0064,0.0068,304.461122,0.8480,9
620,547606250,50,36.741006712588,127.121386547434,51.603859463707,0.0065,0.0068,303.724921,0.8480,9
621,547606300,50,36.741008910128,127.121382635023,51.605084459297,0.0065,0.0068,304.911409,0.8480,9
622,547606350,50,36.741011064407,127.121378695871,51.605144334026,0.0065,0.0068,304.196992,0.8480,9
623,547606400,50,36.741013169500,127.121374746516,51.603053760715,0.0065,0.0068,303.516197,0.8480,9
624,547606450,50,36.741015297349,127.121370832556,51.605476059951,0.0065,0.0068,304.039259,0.8480,9
625,547606500,50,36.741017380741,127.121366839043,51.603308915161,0.0065,0.0068,302.952008,0.8480,9
626,547606550,50,36.741019424113,127.121362873327,51.610407446511,0.0065,0.0068,302.628265,0.8480,9
627,547606600,50,36.741021402587,127.121358844365,51.607349202037,0.0065,0.0068,301.389770,0.8480,9
628,547606650,50,36.741023381574,127.121354846296,51.602553877980,0.0065,0.0068,301.592843,0.8480,9
629,547606700,50,36.741025337001,127.121350803563,51.608158452436,0.0065,0.0068,301.005699,0.8480,9
630,547606750,50,36.741027256952,127.121346724237,51.605455097742,0.0065,0.0068,300.319059,0.8480,9
631,547606800,50,36.741029151384,127.121342662214,51.605049856938,0.0065,0.0068,300.091630,0.8480,9
632,547606850,50,36.741030977458,127.121338572246,51.611764450558,0.0065,0.0068,299.019676,0.8480,9
633,547606850,50,36.741030977458,127.121338572246,51.611764450558,0.0065,0.0068,299.019676,0.8480,9
634,547606950,50,36.741034614494,127.121330353107,51.610666576773,0.0065,0.0068,298.354001,0.8480,9
635,547607000,50,36.741036344245,127.121326214337,51.615872635506,0.0065,0.0068,297.442819,0.8480,9
636,547607050,50,36.741038098540,127.121322087781,51.614773884416,0.0065,0.0068,297.442819,0.8480,9
637,547607100,50,36.741039849543,127.121317960227,51.615182945505,0.0065,0.0068,297.794080,0.8480,9
638,547607150,50,36.741041565016,127.121313835249,51.616497147828,0.0065,0.0068,297.326985,0.8480,9
639,547607200,50,36.741043289486,127.121309683737,51.616496561095,0.0064,0.0068,297.326936,0.8480,9
640,547607250,50,36.741045036355,127.121305541614,51.623424994759,0.0064,0.0068,297.655131,0.8480,9
641,547607300,50,36.741046719027,127.121301391200,51.619853627868,0.0064,0.0068,296.736565,0.8480,9
642,547607350,50,36.741048505059,127.121297314320,51.616444545798,0.0065,0.0068,298.560998,0.8480,9
643,547607400,50,36.741050243541,127.121293221671,51.617446171120,0.0065,0.0068,297.825170,0.8480,9
644,547607450,50,36.741052016972,127.121289154947,51.621976708993,0.0065,0.0068,298.450806,0.8480,9
645,547607500,50,36.741053793560,127.121285104764,51.618022022769,0.0065,0.0068,298.591513,0.8480,9
646,547607550,50,36.741055637331,127.121281094725,51.616753196344,0.0065,0.0068,299.739296,0.8480,9
647,547607600,50,36.741057470290,127.121277122060,51.620439811610,0.0065,0.0068,299.825293,0.8480,9
648,547607650,50,36.741059375068,127.121273203681,51.616452739574,0.0065,0.0068,301.132335,0.8480,9
649,547607700,50,36.741061242806,127.121269260600,51.616339700297,0.0065,0.0068,300.479070,0.8480,9
650,547607750,50,36.741063224365,127.121265364611,51.614074184559,0.0065,0.0068,302.291542,0.8480,9
651,547607800,50,36.741065172297,127.121261521744,51.611413385719,0.0064,0.0067,302.291495,0.8480,9
652,547607850,50,36.741067118686,127.121257658839,51.609125868417,0.0064,0.0067,302.049294,0.8480,9
653,547607900,50,36.741069174265,127.121253866436,51.617693432607,0.0064,0.0067,303.959446,0.8480,9
654,547607950,50,36.741071242309,127.121250114248,51.613010166213,0.0064,0.0067,304.404318,0.8480,9
655,547608000,50,36.741073318726,127.121246371287,51.613674711436,0.0065,0.0068,304.578232,0.8480,9
656,547608050,50,36.741075459036,127.121242665005,51.612605550326,0.0065,0.0068,305.660749,0.8480,9
657,547608100,50,36.741077590346,127.121239015601,51.618067923002,0.0065,0.0068,305.966662,0.8480,9
658,547608150,50,36.741079680069,127.121235301050,51.617978394963,0.0065,0.0068,304.954160,0.8480,9
659,547608200,50,36.741081810665,127.121231630375,51.620319159701,0.0065,0.0068,305.799409,0.8480,9
660,547608250,50,36.741083948888,127.121227947906,51.617553901859,0.0065,0.0068,305.809345,0.8480,9
661,547608300,50,36.741086079037,127.121224299093,51.622187399305,0.0065,0.0068,305.956235,0.8480,9
662,547608350,50,36.741088220454,127.121220669594,51.621507156640,0.0065,0.0068,306.244914,0.8480,9
663,547608400,50,36.741090315776,127.121216992337,51.618327759206,0.0065,0.0068,305.298405,0.8480,9
664,547608450,50,36.741092443038,127.121213282339,51.617558117956,0.0065,0.0068,305.467846,0.8480,9
665,547608500,50,36.741094524061,127.121209621579,51.621003812179,0.0065,0.0068,305.234907,0.8480,9
666,547608550,50,36.741096611372,127.121205974990,51.626756274141,0.0065,0.0068,305.421292,0.8480,9
667,547608600,50,36.741098681743,127.121202280962,51.622572603635,0.0065,0.0068,304.853002,0.8480,9
668,547608650,50,36.741100664154,127.121198562156,51.627582267858,0.0065,0.0068,303.518983,0.8480,9
669,547608700,50,36.741102626845,127.121194809456,51.624475244433,0.0065,0.0068,303.017842,0.8480,9
670,547608750,50,36.741104581092,127.121191060409,51.621048968285,0.0065,0.0068,302.930534,0.8480,9
671,547608800,50,36.741106509308,127.121187266304,51.617169190198,0.0064,0.0068,302.930486,0.8480,9
672,547608850,50,36.741108373878,127.121183467426,51.618941227905,0.0064,0.0068,301.377212,0.8480,9
673,547608900,50,36.741110248104,127.121179684774,51.622474964708,0.0064,0.0068,301.618330,0.8480,9
674,547608950,50,36.741112080213,127.121175821393,51.617637156509,0.0065,0.0068,300.508072,0.8480,9
675,547609000,50,36.741113883308,127.121171953727,51.619964504614,0.0065,0.0068,300.082051,0.8480,9
676,547609050,50,36.741115653650,127.121168040272,51.621663803235,0.0065,0.0068,299.339676,0.8480,9
677,547609100,50,36.741117404414,127.121164195695,51.620380198583,0.0065,0.0068,299.502382,0.8480,9
678,547609150,50,36.741119202002,127.121160344704,51.622549636289,0.0065,0.0068,300.113423,0.8480,9
679,547609200,50,36.741120930748,127.121156464526,51.625275553204,0.0065,0.0068,298.968274,0.8480,9
680,547609250,50,36.741122664561,127.121152551431,51.620281555690,0.0065,0.0068,298.968274,0.8480,9
681,547609300,50,36.741124401737,127.121148696341,51.617698415183,0.0065,0.0068,299.244683,0.8480,9
682,547609350,50,36.741126151626,127.121144824996,51.622530642897,0.0065,0.0068,299.320069,0.8480,9
683,547609400,50,36.741127887800,127.121140966468,51.622083944269,0.0065,0.0068,299.208851,0.8480,9
684,547609450,50,36.741129651176,127.121137072052,51.620366482995,0.0065,0.0068,299.362560,0.8480,9
685,547609500,50,36.741131412173,127.121133239090,51.623588984832,0.0065,0.0068,299.720313,0.8480,9
686,547609550,50,36.741133202463,127.121129399998,51.622117694467,0.0065,0.0068,300.089253,0.8480,9
687,547609600,50,36.741135016034,127.121125598025,51.629868850112,0.0065,0.0068,300.654992,0.8480,9
688,547609650,50,36.741136875686,127.121121806608,51.622351204976,0.0065,0.0068,301.360077,0.8480,9
689,547609700,50,36.741138720691,127.121118020764,51.622488761321,0.0065,0.0068,301.196441,0.8480,9
690,547609750,50,36.741140651715,127.121114292237,51.625665158965,0.0065,0.0068,301.196441,0.8480,9
691,547609800,50,36.741142549416,127.121110559154,51.626168739982,0.0065,0.0068,302.277908,0.8480,9
692,547609800,50,36.741142549416,127.121106905723,51.621378120035,0.0064,0.0068,302.277908,0.8480,9
693,547609900,50,36.741146483547,127.121103269686,51.623283448629,0.0064,0.0068,304.445856,0.8480,9
694,547609950,50,36.741148466893,127.121099600721,51.635015609674,0.0064,0.0068,303.888316,0.8480,9
695,547610000,50,36.741150503816,127.121095982090,51.637658592314,0.0066,0.0068,304.969550,0.8480,9
696,547610000,50,36.741152563153,127.121092420647,51.637990217656,0.0066,0.0068,304.969550,0.8480,9
697,547610100,50,36.741154650692,127.121088877726,51.634870582260,0.0066,0.0068,306.208360,0.8480,9
698,547610150,50,36.741156786896,127.121085375328,51.633064824156,0.0066,0.0068,307.156613,0.8480,9
699,547610200,50,36.741158925194,127.121081855069,51.630160250701,0.0066,0.0068,307.043409,0.8480,9
700,547610250,50,36.741161061055,127.121078326960,51.622786204331,0.0066,0.0068,307.043409,0.8480,9
701,547610300,50,36.741163182676,127.121074813340,51.626358728856,0.0068,0.0069,306.879841,0.8480,9
702,547610300,50,36.741163182676,127.121071275658,51.630332377739,0.0067,0.0069,306.879841,0.8480,9
703,547610400,50,36.741167445202,127.121067767085,51.634798981249,0.0067,0.0069,307.151345,0.8480,9
704,547610450,50,36.741169554892,127.121064267368,51.634031796828,0.0068,0.0070,306.833799,0.8480,9
705,547610500,50,36.741171733628,127.121060737762,51.632581908256,0.0068,0.0070,307.487470,0.8480,9
706,547610500,50,36.741173855835,127.121057236187,51.636353739537,0.0068,0.0070,307.487470,0.8480,9
707,547610600,50,36.741175996840,127.121053688053,51.634533031844,0.0068,0.0070,306.861161,0.8480,9
708,547610600,50,36.741175996840,127.121053688053,51.634533031844,0.0068,0.0070,306.861161,0.8480,9
709,547610700,50,36.741180118140,127.121046561920,51.637501090765,0.0069,0.0070,305.607662,0.8480,9
710,547610700,50,36.741182184124,127.121042958419,51.636310694739,0.0069,0.0070,305.607662,0.8480,9
711,547610800,50,36.741184225758,127.121039309014,51.638349385932,0.0069,0.0070,304.804043,0.8480,9
712,547610800,50,36.741184225758,127.121039309014,51.638349385932,0.0069,0.0070,304.804043,0.8480,9
713,547610900,50,36.741188186407,127.121031940738,51.634470470250,0.0068,0.0070,303.532031,0.8480,9
714,547610950,50,36.741190121664,127.121028216304,51.640887642279,0.0068,0.0069,302.847490,0.8480,9
715,547611000,50,36.741192070454,127.121024451398,51.639509134926,0.0068,0.0069,302.747334,0.8480,9
716,547611050,50,36.741193977377,127.121020707969,51.647643239237,0.0068,0.0069,302.747334,0.8480,9
717,547611100,50,36.741195859024,127.121016905155,51.644054830074,0.0068,0.0069,301.583472,0.8480,9
718,547611150,50,36.741197721765,127.121013084389,51.647192696109,0.0068,0.0069,301.206211,0.8480,9
719,547611200,50,36.741199553219,127.121009243615,51.643072175793,0.0067,0.0069,300.646414,0.8480,9
720,547611200,50,36.741201395136,127.121005417468,51.641598789021,0.0067,0.0069,300.646414,0.8480,9
721,547611300,50,36.741203249934,127.121001550593,51.639052606188,0.0067,0.0069,300.794701,0.8480,9
722,547611350,50,36.741205088640,127.120997657098,51.635574241169,0.0067,0.0069,300.794701,0.8480,9
723,547611400,50,36.741206936789,127.120993780944,51.636593759991,0.0067,0.0069,300.644043,0.8480,9
724,547611400,50,36.741206936789,127.120993780944,51.640333709307,0.0067,0.0069,300.644043,0.8480,9
725,547611500,50,36.741210614290,127.120986008052,51.640994046815,0.0067,0.0069,300.022743,0.8480,9
726,547611550,50,36.741212505957,127.120982144197,51.645399486646,0.0067,0.0069,300.022743,0.8480,9
727,547611600,50,36.741214427330,127.120978265492,51.640335052274,0.0067,0.0069,301.612452,0.8480,9
728,547611600,50,36.741214427330,127.120978265492,51.641168169677,0.0067,0.0069,301.612452,0.8480,9
729,547611700,50,36.741218262620,127.120970548614,51.650658763014,0.0067,0.0069,302.524406,0.8480,9
730,547611750,50,36.741220274348,127.120966693094,51.642614502460,0.0068,0.0069,302.524406,0.8480,9
731,547611800,50,36.741222268756,127.120962863045,51.646350129507,0.0068,0.0069,302.903569,0.8480,9
732,547611800,50,36.741222268756,127.120962863045,51.646350129507,0.0068,0.0069,302.903569,0.8480,9
733,547611900,50,36.741226426091,127.120955279949,51.642789956182,0.0068,0.0069,304.405866,0.8480,9
734,547611950,50,36.741228533844,127.120951543032,51.641035560519,0.0068,0.0070,304.405866,0.8480,9
735,547612000,50,36.741230748916,127.120947813573,51.638363672420,0.0068,0.0070,306.426814,0.8480,9
736,547612000,50,36.741232912007,127.120944081494,51.639120345004,0.0068,0.0070,306.426814,0.8480,9
737,547612100,50,36.741235140465,127.120940401869,51.642726550810,0.0068,0.0070,306.961500,0.8480,9
738,547612150,50,36.741237412598,127.120936732356,51.641939964145,0.0068,0.0069,306.961457,0.8480,9
739,547612200,50,36.741239709298,127.120933075996,51.640380467288,0.0068,0.0069,307.971264,0.8480,9
740,547612250,50,36.741242006170,127.120929396701,51.638570192270,0.0068,0.0070,307.799726,0.8480,9
741,547612300,50,36.741244371218,127.120925796697,51.642414278351,0.0068,0.0070,309.224299,0.8480,9
742,547612350,50,36.741246703258,127.120922179554,51.646883881651,0.0068,0.0070,308.697544,0.8480,9
743,547612400,50,36.741249058053,127.120918517922,51.646352547221,0.0068,0.0070,308.627253,0.8480,9
744,547612450,50,36.741251423166,127.120914896803,51.647862683050,0.0068,0.0070,309.061041,0.8480,9
745,547612500,50,36.741253835130,127.120911269048,51.653823369183,0.0069,0.0070,309.560512,0.8480,9
746,547612550,50,36.741256185568,127.120907582388,51.645514223725,0.0069,0.0070,308.385421,0.8480,9
747,547612600,50,36.741258514887,127.120903927463,51.649852785282,0.0069,0.0070,308.374817,0.8480,9
748,547612650,50,36.741260888205,127.120900237332,51.645273854025,0.0069,0.0070,308.629584,0.8480,9
749,547612700,50,36.741263253433,127.120896541943,51.659485909157,0.0070,0.0070,308.494456,0.8480,9
750,547612750,50,36.741265644891,127.120892824448,51.652071770281,0.0069,0.0070,308.494411,0.8480,9
751,547612800,50,36.741267945154,127.120889061136,51.654443663545,0.0069,0.0070,307.215720,0.8480,9
752,547612850,50,36.741270179307,127.120885243179,51.644659886137,0.0069,0.0070,306.020480,0.8480,9
753,547612900,50,36.741272392642,127.120881383120,51.647709210403,0.0069,0.0070,305.468238,0.8480,9
754,547612950,50,36.741274616274,127.120877524516,51.649531472474,0.0069,0.0070,305.604249,0.8480,9
755,547613000,50,36.741276804485,127.120873673183,51.651013454422,0.0071,0.0071,305.220803,0.8480,9
756,547613050,50,36.741278993102,127.120869775353,51.649882781319,0.0070,0.0071,304.902483,0.8480,9
757,547613100,50,36.741281146583,127.120865849235,51.650832968764,0.0070,0.0071,304.275517,0.8480,9
758,547613150,50,36.741283314228,127.120861905824,51.651232218370,0.0070,0.0071,304.333161,0.8480,9
759,547613200,50,36.741285388436,127.120857897946,51.653486931697,0.0070,0.0071,302.742978,0.8480,9
760,547613250,50,36.741287363404,127.120853806355,51.642957695760,0.0070,0.0071,300.953434,0.8480,9
761,547613300,50,36.741289436349,127.120849783851,51.644367375411,0.0070,0.0071,300.953434,0.8480,9
762,547613350,50,36.741291484475,127.120845769132,51.649376434274,0.0070,0.0071,302.369841,0.8480,9
763,547613400,50,36.741293491578,127.120841684755,51.646459599026,0.0070,0.0071,301.407836,0.8480,9
764,547613450,50,36.741295553019,127.120837635300,51.652155866846,0.0071,0.0071,302.314546,0.8480,9
765,547613500,50,36.741297575955,127.120833601336,51.654697554186,0.0071,0.0071,301.926952,0.8480,9
766,547613550,50,36.741299608846,127.120829517516,51.650794536807,0.0071,0.0071,301.737631,0.8480,9
767,547613600,50,36.741301642076,127.120825463373,51.650592989288,0.0071,0.0071,301.929167,0.8480,9
768,547613650,50,36.741303695116,127.120821391506,51.653290500864,0.0071,0.0071,302.066507,0.8480,9
769,547613700,50,36.741305720648,127.120817366652,51.646414161660,0.0077,0.0075,302.066463,0.8480,9
770,547613750,50,36.741307824652,127.120813346818,51.651405729353,0.0077,0.0075,303.037782,0.8480,9
771,547613800,50,36.741309947837,127.120809348136,51.652092133649,0.0077,0.0075,303.414674,0.8480,9
772,547613850,50,36.741312068738,127.120805347737,51.648387601599,0.0077,0.0075,303.375042,0.8480,9
773,547613900,50,36.741314288498,127.120801422089,51.651715794578,0.0077,0.0075,305.091400,0.8480,9
774,547613950,50,36.741316502157,127.120797559074,51.650157519616,0.0077,0.0075,305.451521,0.8480,9
775,547614000,50,36.741318754190,127.120793644557,51.649217169732,0.0077,0.0075,305.558311,0.8480,9
776,547614050,50,36.741321072877,127.120789811699,51.651718425564,0.0077,0.0075,306.930965,0.8480,9
777,547614100,50,36.741323389287,127.120786007155,51.657947771251,0.0077,0.0075,307.108145,0.8480,9
778,547614150,50,36.741325746417,127.120782216615,51.653670582920,0.0077,0.0075,307.691841,0.8480,9
779,547614200,50,36.741328122165,127.120778476711,51.656576070935,0.0077,0.0075,308.284294,0.8480,9
780,547614250,50,36.741330553744,127.120774817995,51.654063126072,0.0077,0.0075,309.549311,0.8480,9
781,547614300,50,36.741333030693,127.120771173205,51.655045354739,0.0077,0.0075,310.177914,0.8480,9
782,547614350,50,36.741335499891,127.120767531450,51.656739208847,0.0077,0.0075,310.112938,0.8480,9
783,547614400,50,36.741337991360,127.120763909176,51.659522568807,0.0077,0.0075,310.518359,0.8480,9
784,547614450,50,36.741340461363,127.120760284325,51.657715805806,0.0077,0.0075,310.253561,0.8480,9
785,547614500,50,36.741342963421,127.120756670187,51.662431580015,0.0077,0.0075,310.702099,0.8480,9
786,547614500,50,36.741345459581,127.120753049143,51.664009551518,0.0077,0.0075,310.702099,0.8480,9
787,547614600,50,36.741347962826,127.120749459067,51.662021517754,0.0077,0.0075,310.904866,0.8480,9
788,547614650,50,36.741350488015,127.120745862044,51.662783181295,0.0067,0.0069,310.904818,0.8480,9
789,547614700,50,36.741352958944,127.120742241051,51.656357963569,0.0067,0.0069,310.294210,0.8480,9
790,547614750,50,36.741355453349,127.120738653940,51.668825150467,0.0067,0.0069,310.827952,0.8480,9
791,547614800,50,36.741357895268,127.120735009588,51.665098496713,0.0067,0.0069,309.779516,0.8480,9
792,547614850,50,36.741360326497,127.120731337172,51.675284041092,0.0067,0.0069,309.440141,0.8480,9
793,547614900,50,36.741362719823,127.120727652234,51.670558397658,0.0067,0.0069,308.903811,0.8480,9
794,547614950,50,36.741365067788,127.120723924748,51.666269271635,0.0067,0.0069,308.049415,0.8480,9
795,547615000,50,36.741367378811,127.120720190184,51.667082550004,0.0067,0.0069,307.556731,0.8480,9
796,547615050,50,36.741369662085,127.120716476358,51.663306944072,0.0069,0.0070,307.376610,0.8480,9
797,547615100,50,36.741371942001,127.120712702652,51.661117080599,0.0068,0.0069,306.894961,0.8480,9
798,547615150,50,36.741374173565,127.120708922034,51.671943516470,0.0068,0.0069,306.257091,0.8480,9
799,547615200,50,36.741376394730,127.120705066524,51.671962292865,0.0069,0.0070,305.595939,0.8480,9
800,547615250,50,36.741378548238,127.120701258463,51.675453219563,0.0070,0.0071,305.094413,0.8480,9
801,547615300,50,36.741380639621,127.120697358872,51.678717738017,0.0069,0.0070,303.678641,0.8480,9
802,547615350,50,36.741382728905,127.120693496382,51.670265255496,0.0069,0.0070,303.905223,0.8480,9
803,547615400,50,36.741384874572,127.120689654622,51.670263811946,0.0069,0.0070,304.759361,0.8480,9
804,547615450,50,36.741386948929,127.120685747690,51.667076001875,0.0070,0.0070,303.413315,0.8480,9
805,547615500,50,36.741389016361,127.120681851984,51.662849422544,0.0070,0.0070,303.401033,0.8480,9
806,547615550,50,36.741391097478,127.120678005034,51.671129634604,0.0070,0.0070,303.908287,0.8480,9
807,547615600,50,36.741393170844,127.120674139413,51.669615653343,0.0070,0.0070,303.681221,0.8480,9
808,547615650,50,36.741395229908,127.120670276099,51.671843848191,0.0070,0.0070,303.514205,0.8480,9
809,547615700,50,36.741397311711,127.120666445893,51.673115965910,0.0069,0.0070,304.032854,0.8480,9
810,547615750,50,36.741399379229,127.120662590672,51.667186245322,0.0069,0.0070,303.677774,0.8480,9
811,547615800,50,36.741401518087,127.120658777180,51.667936124839,0.0069,0.0070,304.872372,0.8480,9
812,547615850,50,36.741403578785,127.120654967347,51.671158595942,0.0069,0.0070,304.872328,0.8480,9
813,547615900,50,36.741405707509,127.120651205860,51.668054217473,0.0069,0.0069,305.114096,0.8480,9
814,547615950,50,36.741407901648,127.120647500048,51.672586092725,0.0068,0.0069,306.341064,0.8480,9
815,547616000,50,36.741410084268,127.120643786399,51.676086524501,0.0069,0.0070,306.139554,0.8480,9
816,547616050,50,36.741412285088,127.120640159621,51.676087260246,0.0069,0.0070,307.016219,0.8480,9
817,547616050,50,36.741412285088,127.120640159621,51.673828441650,0.0073,0.0072,307.016219,0.8480,9
818,547616150,50,36.741416840650,127.120633007525,51.681969677098,0.0072,0.0072,308.650142,0.8480,9
819,547616200,50,36.741419116435,127.120629451111,51.677392773330,0.0072,0.0072,308.488460,0.8480,9
820,547616250,50,36.741421436316,127.120625935422,51.681364139542,0.0072,0.0072,309.348384,1.1155,8
821,547616250,50,36.741421436316,127.120625935422,51.682048640214,0.0072,0.0072,309.348384,1.1155,8
822,547616350,50,36.741426164156,127.120618960579,51.684160969220,0.0072,0.0072,310.059787,1.1155,8
823,547616400,50,36.741428580521,127.120615530797,51.685651778243,0.0072,0.0072,311.198663,1.1155,8
824,547616450,50,36.741430961025,127.120612126192,51.688002301380,0.0072,0.0072,310.983410,1.1155,8
825,547616450,50,36.741430961025,127.120612126192,51.690574008971,0.0072,0.0072,310.983410,1.1155,8
826,547616550,50,36.741435818006,127.120605379469,51.689131150022,0.0072,0.0072,311.772752,1.1155,8
827,547616550,50,36.741435818006,127.120605379469,51.695499967784,0.0072,0.0072,311.772752,1.1155,8
828,547616650,50,36.741440707187,127.120598686097,51.683793192729,0.0072,0.0072,312.340135,1.1155,8
829,547616700,50,36.741443139964,127.120595342036,51.687744454481,0.0072,0.0072,312.111411,1.1155,8
830,547616750,50,36.741445524512,127.120591962668,51.685390347615,0.0072,0.0072,311.242787,1.1155,8
831,547616750,50,36.741445524512,127.120591962668,51.689210667275,0.0072,0.0072,311.242787,1.1155,8
832,547616850,50,36.741450376037,127.120585277003,51.682314134203,0.0072,0.0072,311.989691,1.1155,8
833,547616850,50,36.741450376037,127.120585277003,51.682314134203,0.0072,0.0072,311.989691,1.1155,8
834,547616950,50,36.741455127987,127.120578496806,51.694379045628,0.0072,0.0072,310.783397,1.1155,8
835,547616950,50,36.741455127987,127.120578496806,51.691279023886,0.0072,0.0072,310.783397,1.1155,8
836,547617050,50,36.741459730048,127.120571613756,51.688099829480,0.0071,0.0072,310.208229,1.1155,8
837,547617050,50,36.741459730048,127.120571613756,51.693785398267,0.0071,0.0072,310.208229,1.1155,8
838,547617150,50,36.741464253652,127.120564644221,51.695859467611,0.0071,0.0072,308.807402,1.1155,8
839,547617150,50,36.741466494717,127.120561114115,51.697849753313,0.0071,0.0072,308.807402,1.1155,8
840,547617250,50,36.741468704306,127.120557566293,51.692204467021,0.0071,0.0072,307.734483,1.1155,8
841,547617300,50,36.741470901887,127.120554046666,51.695714208297,0.0071,0.0072,307.804657,1.1155,8
842,547617350,50,36.741473078272,127.120550469239,51.679919561371,0.0072,0.0072,307.086124,1.1155,8
843,547617400,50,36.741475191871,127.120546868143,51.682217499241,0.0072,0.0072,307.086124,1.1155,8
844,547617450,50,36.741477283350,127.120543261689,51.689481351525,0.0073,0.0072,305.775641,1.1155,8
845,547617500,50,36.741479360963,127.120539619760,51.682476860471,0.0073,0.0072,305.330051,1.1155,8
846,547617550,50,36.741481461557,127.120535939416,51.691044814885,0.0073,0.0073,305.343780,1.1155,8
847,547617550,50,36.741483534468,127.120532323755,51.694121173583,0.0073,0.0073,305.343780,1.1155,8
848,547617650,50,36.741485589858,127.120528630635,51.691799872555,0.0072,0.0072,305.464555,0.8491,9
849,547617700,50,36.741487647356,127.120524954656,51.685503904708,0.0072,0.0072,304.817126,0.8491,9
850,547617750,50,36.741489736032,127.120521319579,51.686258997768,0.0072,0.0072,305.524720,0.8491,9
851,547617800,50,36.741491821855,127.120517708106,51.688499568030,0.0072,0.0072,305.664316,0.8491,9
852,547617850,50,36.741493903586,127.120514077932,51.689058037475,0.0072,0.0072,305.471062,0.8491,9
853,547617850,50,36.741496040089,127.120510492316,51.690517295152,0.0072,0.0072,305.471062,0.8491,9
854,547617950,50,36.741498157430,127.120506897995,51.694073335268,0.0071,0.0072,306.202224,0.8491,9
855,547617950,50,36.741498157430,127.120503358073,51.692361793481,0.0071,0.0072,306.202224,0.8491,9
856,547618050,50,36.741502491639,127.120499823356,51.692377482541,0.0071,0.0072,307.481250,0.8491,9
857,547618100,50,36.741504688900,127.120496365462,51.691847162321,0.0071,0.0072,307.481250,0.8491,9
858,547618150,50,36.741506951184,127.120492851215,51.690998555161,0.0071,0.0072,308.655431,0.8491,9
859,547618200,50,36.741509212335,127.120489459865,51.691036820412,0.0071,0.0072,309.639906,0.8491,9
860,547618250,50,36.741511519321,127.120486081041,51.689980084077,0.0071,0.0072,310.310363,0.8491,9
861,547618300,50,36.741513850267,127.120482699128,51.691663070582,0.0071,0.0072,310.576772,0.8491,9
862,547618350,50,36.741516184336,127.120479388543,51.691451736726,0.0071,0.0072,311.219154,0.8491,9
863,547618400,50,36.741518603314,127.120476098753,51.692117895000,0.0071,0.0072,311.219154,0.8491,9
864,547618450,50,36.741520999560,127.120472797911,51.684742556885,0.0071,0.0072,312.050952,0.8491,9
865,547618500,50,36.741523429908,127.120469575046,51.691916747950,0.0071,0.0072,313.136747,0.8491,9
866,547618550,50,36.741525878487,127.120466348743,51.690933205187,0.0071,0.0072,313.319970,0.8491,9
867,547618600,50,36.741528299034,127.120463134888,51.686050977558,0.0071,0.0072,313.101275,0.8491,9
868,547618650,50,36.741530748945,127.120459882313,51.705191884190,0.0070,0.0071,313.101232,0.8491,9
869,547618700,50,36.741533181345,127.120456643731,51.696182611398,0.0070,0.0071,313.101232,0.8491,9
870,547618750,50,36.741535638562,127.120453448499,51.705118342303,0.0070,0.0071,313.697518,0.8491,9
871,547618800,50,36.741538107228,127.120450216344,51.698227060027,0.0070,0.0071,313.697518,0.8491,9
872,547618850,50,36.741540566995,127.120446944251,51.699540326372,0.0070,0.0071,313.047352,0.8491,9
873,547618900,50,36.741543008782,127.120443684976,51.698624091223,0.0070,0.0071,312.949856,0.8491,9
874,547618950,50,36.741545413123,127.120440413473,51.695704620332,0.0070,0.0071,312.401663,0.8491,9
875,547619000,50,36.741547838820,127.120437142886,51.712459535338,0.0070,0.0071,312.662069,0.8491,9
876,547619050,50,36.741550229263,127.120433857994,51.706894234754,0.0070,0.0071,312.119883,0.8491,9
877,547619100,50,36.741552547962,127.120430528855,51.695963055827,0.0070,0.0071,310.873097,0.8491,9
878,547619150,50,36.741554887951,127.120427202875,51.706234301440,0.0070,0.0072,311.159353,0.8491,9
879,547619200,50,36.741557230411,127.120423853007,51.703111291863,0.0072,0.0072,310.986204,0.8491,9
880,547619250,50,36.741559487837,127.120420422605,51.709014654160,0.0071,0.0072,309.271694,0.8491,9
881,547619300,50,36.741561750010,127.120417020456,51.698762764223,0.0072,0.0072,309.563178,0.8491,9
882,547619350,50,36.741564040963,127.120413592082,51.702687241137,0.0076,0.0074,309.702883,0.8491,9
883,547619400,50,36.741566212997,127.120410141293,51.701992704533,0.0076,0.0074,308.028543,0.9453,8
884,547619450,50,36.741568449014,127.120406651564,51.703401123174,0.0076,0.0074,308.524800,0.9453,8
885,547619500,50,36.741570597746,127.120403127255,51.708756555803,0.0076,0.0074,307.146037,0.8492,9
886,547619550,50,36.741572760663,127.120399626497,51.707690040581,0.0076,0.0074,307.513061,0.9453,8
887,547619600,50,36.741574925705,127.120396091830,51.710179422051,0.0076,0.0074,307.273739,0.8492,9
888,547619650,50,36.741577082643,127.120392567783,51.706278261729,0.0075,0.0074,307.273699,0.8492,9
889,547619700,50,36.741579239689,127.120389026897,51.705017855391,0.0075,0.0074,307.123113,0.8492,9
