0,550385600,50,36.740470722421,127.122952821763,51.678868592717,0.0089,0.0072,109.695970,1.0903,8
1,550385650,50,36.740470723691,127.122952815975,51.676345659420,0.0089,0.0072,285.250677,1.0903,8
2,550385700,50,36.740470724544,127.122952831210,51.678437993862,0.0089,0.0072,86.023432,1.0903,8
3,550385750,50,36.740470738993,127.122952832829,51.677765475586,0.0086,0.0070,86.023432,1.0903,8
4,550385800,50,36.740470744165,127.122952836678,51.673215614632,0.0087,0.0070,30.916732,1.0903,8
5,550385850,50,36.740470754676,127.122952838604,51.675148966722,0.0087,0.0070,8.387031,1.0903,8
6,550385900,50,36.740470730732,127.122952826276,51.675354732201,0.0087,0.0070,202.507402,1.0903,8
7,550385950,50,36.740470739895,127.122952821905,51.675781788304,0.0087,0.0070,338.994359,1.0903,8
8,550386000,50,36.740470750488,127.122952840597,51.672161249444,0.0087,0.0070,54.848065,1.0903,8
9,550386050,50,36.740470742020,127.122952805413,51.671401991509,0.0087,0.0071,253.350953,1.0903,8
10,550386100,50,36.740470752378,127.122952831715,51.667911379598,0.0087,0.0071,63.926042,1.0903,8
11,550386150,50,36.740470763467,127.122952834495,51.667556367815,0.0087,0.0071,11.408057,1.0903,8
12,550386200,50,36.740470746183,127.122952819811,51.673593699932,0.0088,0.0071,214.363094,1.0903,8
13,550386250,50,36.740470749441,127.122952819373,51.670789315365,0.0088,0.0071,353.825087,1.0903,8
14,550386300,50,36.740470755622,127.122952811128,51.667855235748,0.0088,0.0071,312.968731,1.0903,8
15,550386350,50,36.740470771747,127.122952802982,51.664428785443,0.0088,0.0071,337.876602,1.0903,8
16,550386400,50,36.740470755721,127.122952827073,51.668189759366,0.0088,0.0071,129.576994,1.0903,8
17,550386450,50,36.740470751848,127.122952817790,51.672576931305,0.0088,0.0071,242.596396,1.0903,8
18,550386500,50,36.740470768484,127.122952826016,51.669446567073,0.0089,0.0071,21.698240,1.0903,8
19,550386550,50,36.740470755910,127.122952814945,51.666061700322,0.0089,0.0072,215.320866,1.0903,8
20,550386600,50,36.740470756721,127.122952819747,51.666426475160,0.0089,0.0072,78.138580,1.0903,8
21,550386650,50,36.740470765951,127.122952808785,51.667717984878,0.0089,0.0072,316.293958,1.0903,8
22,550386700,50,36.740470746450,127.122952804088,51.664153278805,0.0089,0.0072,190.971325,1.0903,8
23,550386750,50,36.740470765039,127.122952808373,51.661556350067,0.0089,0.0072,10.508875,1.0903,8
24,550386800,50,36.740470757022,127.122952815557,51.661728253588,0.0089,0.0072,144.199736,1.0903,8
25,550386850,50,36.740470745317,127.122952833690,51.671151804738,0.0090,0.0072,128.731786,1.0903,8
26,550386900,50,36.740470769154,127.122952821609,51.666189631447,0.0090,0.0072,337.810068,1.0903,8
27,550386950,50,36.740470766850,127.122952797309,51.660924833268,0.0090,0.0073,263.282065,1.0903,8
28,550387000,50,36.740470751934,127.122952807381,51.666048157029,0.0087,0.0071,263.282065,1.0903,8
29,550387050,50,36.740470738055,127.122952799345,51.662188688293,0.0087,0.0071,204.983990,1.0903,8
30,550387100,50,36.740470740797,127.122952813843,51.666915693320,0.0087,0.0071,76.777397,1.0903,8
31,550387150,50,36.740470737481,127.122952804074,51.667684917338,0.0088,0.0071,247.135746,1.0903,8
32,550387200,50,36.740470742861,127.122952800626,51.665880901739,0.0088,0.0071,332.709202,1.0903,8
33,550387250,50,36.740470741327,127.122952791249,51.665811350569,0.0088,0.0071,258.509492,1.0903,8
34,550387300,50,36.740470751201,127.122952800608,51.664223015308,0.0088,0.0071,37.337312,1.0903,8
35,550387350,50,36.740470745529,127.122952802758,51.662554985844,0.0088,0.0071,163.035287,1.0903,8
36,550387400,50,36.740470750066,127.122952808406,51.666911652312,0.0088,0.0071,45.053793,1.0903,8
37,550387450,50,36.740470753429,127.122952804207,51.659482538700,0.0088,0.0071,314.868486,1.0903,8
38,550387500,50,36.740470759019,127.122952795081,51.662966291420,0.0088,0.0071,307.270561,1.0903,8
39,550387550,50,36.740470745964,127.122952793591,51.665797262453,0.0089,0.0072,185.247642,1.0903,8
40,550387600,50,36.740470739699,127.122952825280,51.676968780346,0.0086,0.0070,185.247642,1.0903,8
41,550387650,50,36.740470738546,127.122952823511,51.676159666851,0.0086,0.0070,230.996951,1.0903,8
42,550387700,50,36.740470737780,127.122952820534,51.678355875425,0.0086,0.0070,252.279075,1.0903,8
43,550387750,50,36.740470746346,127.122952805756,51.675778078847,0.0086,0.0070,305.761566,1.0903,8
44,550387800,50,36.740470716302,127.122952849097,51.678357081488,0.0087,0.0070,130.738869,1.0903,8
45,550387850,50,36.740470734235,127.122952819093,51.677104470320,0.0087,0.0070,306.598843,1.0903,8
46,550387900,50,36.740470741820,127.122952844698,51.673774152994,0.0087,0.0070,69.792405,1.0903,8
47,550387950,50,36.740470736876,127.122952828272,51.673370884731,0.0087,0.0070,249.496202,1.0903,8
48,550388000,50,36.740470728338,127.122952840371,51.674504153430,0.0087,0.0070,131.246124,1.0903,8
49,550388050,50,36.740470729959,127.122952841148,51.677091233432,0.0087,0.0070,21.084704,1.0903,8
50,550388100,50,36.740470735619,127.122952814325,51.671629143879,0.0087,0.0071,284.692713,1.0903,8
51,550388150,50,36.740470738108,127.122952831590,51.674424692057,0.0087,0.0071,79.846950,1.0903,8
52,550388200,50,36.740470738294,127.122952843921,51.676116206683,0.0088,0.0071,88.927766,1.0903,8
53,550388250,50,36.740470741176,127.122952842319,51.675360825844,0.0088,0.0071,335.901524,1.0903,8
54,550388300,50,36.740470740256,127.122952852383,51.677466914058,0.0088,0.0071,96.480951,1.0903,8
55,550388350,50,36.740470754794,127.122952823160,51.671445377171,0.0088,0.0071,301.722175,1.0903,8
56,550388400,50,36.740470736940,127.122952839520,51.676282738335,0.0088,0.0071,143.593431,1.0903,8
57,550388450,50,36.740470742496,127.122952830587,51.671473874711,0.0088,0.0071,307.700636,1.0903,8
58,550388500,50,36.740470732919,127.122952829846,51.673619499430,0.0088,0.0071,183.563413,1.0903,8
59,550388550,50,36.740470744719,127.122952849405,51.672961171716,0.0088,0.0071,53.144057,1.0903,8
60,550388600,50,36.740470733246,127.122952845831,51.672638874501,0.0086,0.0070,53.144057,1.0903,8
61,550388650,50,36.740470731588,127.122952851296,51.681077762507,0.0086,0.0070,110.655708,1.0903,8
62,550388700,50,36.740470726663,127.122952849181,51.677804849111,0.0086,0.0070,199.068369,1.0903,8
63,550388750,50,36.740470724000,127.122952837336,51.676575978287,0.0086,0.0070,254.393076,1.0903,8
64,550388800,50,36.740470721148,127.122952837328,51.675375596620,0.0086,0.0070,180.124689,1.0903,8
65,550388850,50,36.740470734785,127.122952842859,51.673003432341,0.0086,0.0070,18.076518,1.0903,8
66,550388900,50,36.740470722889,127.122952853003,51.676898270845,0.0087,0.0070,145.536871,1.0903,8
67,550388950,50,36.740470734495,127.122952832396,51.675863430835,0.0087,0.0070,304.983126,1.0903,8
68,550389000,50,36.740470718512,127.122952837141,51.674710013904,0.0087,0.0070,166.561530,1.0903,8
69,550389050,50,36.740470729035,127.122952841079,51.671120209619,0.0087,0.0070,16.764214,1.0903,8
70,550389100,50,36.740470730907,127.122952845056,51.670421403833,0.0087,0.0070,59.676413,1.0903,8
71,550389150,50,36.740470721532,127.122952836818,51.674366204068,0.0087,0.0070,215.266013,1.0903,8
72,550389200,50,36.740470721476,127.122952848484,51.674435740337,0.0087,0.0070,90.340248,1.0903,8
73,550389250,50,36.740470726872,127.122952837823,51.671345945448,0.0087,0.0071,302.166645,1.0903,8
74,550389300,50,36.740470726077,127.122952846093,51.676221103407,0.0088,0.0071,96.815345,1.0903,8
75,550389350,50,36.740470726824,127.122952821350,51.673923123628,0.0088,0.0071,272.149275,1.0903,8
76,550389400,50,36.740470706000,127.122952851683,51.676152857952,0.0088,0.0071,130.464521,1.0903,8
77,550389450,50,36.740470723657,127.122952840898,51.674717623740,0.0088,0.0071,333.822781,1.0903,8
78,550389500,50,36.740470719703,127.122952851898,51.676511476748,0.0088,0.0071,114.065867,1.0903,8
79,550389550,50,36.740470728012,127.122952842751,51.676609224640,0.0088,0.0071,318.457578,1.0903,8
80,550389600,50,36.740470705003,127.122952831241,51.679917898960,0.0086,0.0069,318.457578,1.0903,8
81,550389650,50,36.740470710654,127.122952830218,51.682838480920,0.0086,0.0069,351.706014,1.0903,8
82,550389700,50,36.740470704823,127.122952851956,51.681199009530,0.0086,0.0070,108.434019,1.0903,8
83,550389750,50,36.740470707492,127.122952855797,51.686365123838,0.0086,0.0070,49.191868,1.0903,8
84,550389800,50,36.740470707253,127.122952834132,51.682565776631,0.0086,0.0070,269.215343,1.0903,8
85,550389850,50,36.740470700535,127.122952852340,51.684122207575,0.0086,0.0070,114.629879,1.0903,8
86,550389900,50,36.740470698234,127.122952834973,51.683234042488,0.0086,0.0070,260.651776,1.0903,8
87,550389950,50,36.740470704747,127.122952856505,51.681158117019,0.0087,0.0070,69.402067,1.0903,8
88,550390000,50,36.740470708339,127.122952838760,51.686276162043,0.0087,0.0070,284.119428,1.0903,8
89,550390050,50,36.740470695284,127.122952847779,51.685860852711,0.0087,0.0070,150.925584,1.0903,8
90,550390100,50,36.740470707047,127.122952853121,51.688012594357,0.0087,0.0070,20.075412,1.0903,8
91,550390150,50,36.740470709233,127.122952855054,51.684808147140,0.0087,0.0070,35.449294,1.0903,8
92,550390200,50,36.740470694645,127.122952850071,51.687594170682,0.0087,0.0070,195.373911,1.0903,8
93,550390250,50,36.740470710190,127.122952856757,51.681641330943,0.0087,0.0071,19.093259,1.0903,8
94,550390300,50,36.740470688229,127.122952863873,51.690281585790,0.0088,0.0071,165.382766,1.0903,8
95,550390350,50,36.740470695772,127.122952852606,51.687145717442,0.0088,0.0071,309.757307,1.0903,8
96,550390400,50,36.740470692823,127.122952841371,51.686705370434,0.0088,0.0071,251.934204,1.0903,8
97,550390450,50,36.740470694682,127.122952858049,51.683931991458,0.0088,0.0071,82.112842,1.0903,8
98,550390500,50,36.740470682074,127.122952860593,51.688985396177,0.0088,0.0071,170.778583,1.0903,8
99,550390550,50,36.740470702851,127.122952856221,51.691063865088,0.0088,0.0071,350.388381,1.0903,8
100,550390600,50,36.740470698262,127.122952844988,51.686907344498,0.0089,0.0071,243.084310,1.0903,8
101,550390650,50,36.740470703595,127.122952869046,51.689353330992,0.0089,0.0071,74.600029,1.0903,8
102,550390700,50,36.740470702354,127.122952879107,51.688429192640,0.0089,0.0071,98.714667,1.0903,8
103,550390750,50,36.740470714216,127.122952861075,51.692230002955,0.0089,0.0072,309.261545,1.0903,8
104,550390800,50,36.740470711359,127.122952847294,51.681397126056,0.0086,0.0070,309.261545,1.0903,8
105,550390850,50,36.740470711272,127.122952837946,51.681402660906,0.0086,0.0070,269.340332,1.0903,8
106,550390900,50,36.740470715922,127.122952835633,51.686200993136,0.0086,0.0070,338.189318,1.0903,8
107,550390950,50,36.740470722119,127.122952842530,51.685886003077,0.0087,0.0070,41.854398,1.0903,8
108,550391000,50,36.740470715632,127.122952830983,51.684213375673,0.0087,0.0070,235.085156,1.0903,8
109,550391050,50,36.740470708159,127.122952838471,51.683727778494,0.0087,0.0070,141.117128,1.0903,8
110,550391100,50,36.740470722870,127.122952848749,51.684404460713,0.0087,0.0070,29.349599,1.0903,8
111,550391150,50,36.740470715416,127.122952827937,51.676889679395,0.0087,0.0070,246.009577,1.0903,8
112,550391200,50,36.740470700277,127.122952832540,51.684836656787,0.0087,0.0070,166.250742,1.0903,8
113,550391250,50,36.740470713579,127.122952829374,51.683388859034,0.0087,0.0071,349.157344,1.0903,8
114,550391300,50,36.740470729408,127.122952835050,51.682100005448,0.0088,0.0071,16.098831,1.0903,8
115,550391350,50,36.740470720925,127.122952834572,51.681160884909,0.0088,0.0071,182.596368,1.0903,8
116,550391400,50,36.740470696020,127.122952842530,51.684492301196,0.0088,0.0071,165.579148,1.0903,8
117,550391450,50,36.740470717935,127.122952821451,51.677690593526,0.0088,0.0071,322.256389,1.0903,8
118,550391500,50,36.740470723301,127.122952832473,51.673019265756,0.0088,0.0071,58.830358,1.0903,8
119,550391550,50,36.740470725293,127.122952818313,51.680675286800,0.0088,0.0071,279.913282,1.0903,8
120,550391600,50,36.740470722368,127.122952838580,51.677087029442,0.0089,0.0071,100.164895,1.0903,8
121,550391650,50,36.740470724398,127.122952813789,51.678518232889,0.0089,0.0071,275.807670,1.0903,8
122,550391700,50,36.740470713453,127.122952820451,51.674309899099,0.0089,0.0072,153.900983,1.0903,8
123,550391750,50,36.740470730739,127.122952810279,51.676237661391,0.0089,0.0072,334.656570,1.0903,8
124,550391800,50,36.740470722936,127.122952831009,51.676604496315,0.0089,0.0072,115.065311,1.0903,8
125,550391850,50,36.740470737344,127.122952822210,51.672332043760,0.0089,0.0072,333.825981,1.0903,8
126,550391900,50,36.740470733361,127.122952818794,51.670682163909,0.0090,0.0072,214.623711,1.0903,8
127,550391950,50,36.740470728198,127.122952815619,51.671344491653,0.0090,0.0072,206.330790,1.0903,8
128,550392000,50,36.740470738209,127.122952792682,51.672172385268,0.0090,0.0072,298.469700,1.0903,8
129,550392050,50,36.740470742549,127.122952776851,51.674656201154,0.0090,0.0072,288.810601,1.0903,8
130,550392100,50,36.740470743465,127.122952750224,51.669231213629,0.0087,0.0070,288.810601,1.0903,8
131,550392150,50,36.740470760026,127.122952702381,51.671998488717,0.0087,0.0070,293.272056,1.0903,8
132,550392200,50,36.740470789266,127.122952638632,51.672222830355,0.0087,0.0070,299.679179,1.0903,8
133,550392250,50,36.740470807587,127.122952580075,51.674155572429,0.0087,0.0071,291.244040,1.0903,8
134,550392300,50,36.740470833355,127.122952502587,51.676782354712,0.0088,0.0071,292.449674,1.0903,8
135,550392350,50,36.740470878520,127.122952411911,51.672200337984,0.0088,0.0071,301.752690,1.0903,8
136,550392400,50,36.740470908529,127.122952312857,51.677862218581,0.0088,0.0071,290.627816,1.0903,8
137,550392450,50,36.740470960704,127.122952217181,51.676512643695,0.0088,0.0071,304.120561,1.0903,8
138,550392500,50,36.740470996479,127.122952083102,51.680254918523,0.0088,0.0071,288.341906,1.0903,8
139,550392550,50,36.740471054714,127.122951943653,51.674772632308,0.0088,0.0071,297.423808,1.0903,8
140,550392600,50,36.740471107889,127.122951784909,51.684474624693,0.0086,0.0069,297.423808,1.0903,8
141,550392650,50,36.740471160741,127.122951588355,51.678876298480,0.0086,0.0070,288.474790,1.0903,8
142,550392700,50,36.740471256631,127.122951382531,51.673956070095,0.0086,0.0070,300.065151,1.0903,8
143,550392750,50,36.740471321424,127.122951165134,51.673369891010,0.0086,0.0070,290.320300,1.0903,8
144,550392800,50,36.740471406324,127.122950918011,51.673097582534,0.0086,0.0070,293.116251,1.0903,8
145,550392850,50,36.740471511104,127.122950669079,51.670216077007,0.0086,0.0070,297.609366,1.0903,8
146,550392900,50,36.740471577252,127.122950363931,51.675610408187,0.0086,0.0070,285.074592,1.0903,8
147,550392950,50,36.740471706143,127.122950054789,51.679694883525,0.0087,0.0070,297.386023,1.0903,8
148,550393000,50,36.740471854823,127.122949685182,51.673242126592,0.0087,0.0070,296.556785,1.0903,8
149,550393050,50,36.740471988603,127.122949318195,51.672506931238,0.0087,0.0070,294.367608,1.0903,8
150,550393100,50,36.740472144032,127.122948962312,51.673815895803,0.0087,0.0070,298.486749,1.0903,8
151,550393150,50,36.740472304649,127.122948549040,51.670327344909,0.0087,0.0070,295.775876,1.0903,8
152,550393200,50,36.740472454654,127.122948076675,51.671450271271,0.0087,0.0070,291.532878,1.0903,8
153,550393250,50,36.740472591867,127.122947585635,51.675634802319,0.0087,0.0071,289.147016,1.0903,8
154,550393300,50,36.740472803897,127.122947113185,51.671507732011,0.0087,0.0071,299.145123,1.0903,8
155,550393350,50,36.740472991192,127.122946586600,51.677342632785,0.0088,0.0071,293.842266,1.0903,8
156,550393400,50,36.740473208276,127.122946021613,51.673549502157,0.0088,0.0071,295.520199,1.0903,8
157,550393450,50,36.740473415862,127.122945406341,51.664255242795,0.0088,0.0071,292.743935,1.0903,8
158,550393500,50,36.740473642116,127.122944774610,51.665663485415,0.0088,0.0071,293.989261,1.0903,8
159,550393550,50,36.740473895281,127.122944126339,51.669658740051,0.0088,0.0071,295.884028,1.0903,8
160,550393600,50,36.740474111877,127.122943461867,51.666219371371,0.0086,0.0069,295.884026,1.0903,8
161,550393650,50,36.740474383483,127.122942745607,51.666654144414,0.0086,0.0070,295.227955,1.0903,8
162,550393700,50,36.740474661784,127.122942014684,51.668808889575,0.0086,0.0070,295.318345,1.0903,8
163,550393750,50,36.740474952270,127.122941251423,51.668465429917,0.0086,0.0070,295.308632,1.0903,8
164,550393800,50,36.740475237299,127.122940441862,51.669087441638,0.0086,0.0070,293.627535,1.0903,8
165,550393850,50,36.740475572570,127.122939569160,51.663397465833,0.0086,0.0070,295.517146,1.0903,8
166,550393900,50,36.740475892161,127.122938702284,51.668792617507,0.0086,0.0070,294.611426,1.0903,8
167,550393950,50,36.740476235463,127.122937793117,51.670917091891,0.0086,0.0070,295.134730,1.0903,8
168,550394000,50,36.740476597616,127.122936866285,51.675449676812,0.0087,0.0070,295.896715,1.0903,8
169,550394050,50,36.740476947489,127.122935919316,51.665551011451,0.0087,0.0070,294.658262,1.0903,8
170,550394100,50,36.740477307022,127.122934886788,51.666114982218,0.0087,0.0070,293.395761,1.0903,8
171,550394150,50,36.740477714301,127.122933878494,51.666267313063,0.0087,0.0070,296.651438,1.0903,8
172,550394200,50,36.740478102803,127.122932792706,51.669042450376,0.0087,0.0071,293.968929,1.0903,8
173,550394250,50,36.740478532819,127.122931714690,51.671650638804,0.0087,0.0071,296.364511,1.0903,8
174,550394300,50,36.740478930435,127.122930555207,51.673118413426,0.0088,0.0071,293.078335,1.0903,8
175,550394350,50,36.740479350707,127.122929395257,51.669727347791,0.0088,0.0071,294.236609,1.0903,8
176,550394400,50,36.740479792909,127.122928222905,51.670536844060,0.0088,0.0071,295.110860,1.0903,8
177,550394450,50,36.740480268224,127.122927001050,51.669111828320,0.0088,0.0071,295.796841,1.0903,8
178,550394500,50,36.740480747364,127.122925746288,51.673381590284,0.0088,0.0071,295.382580,1.0903,8
179,550394550,50,36.740481201701,127.122924434386,51.669664308429,0.0088,0.0071,293.282518,1.0903,8
180,550394600,50,36.740481663617,127.122923129310,51.678667978384,0.0086,0.0070,293.282511,1.0903,8
181,550394650,50,36.740482153356,127.122921781971,51.679985065944,0.0086,0.0070,294.305634,1.0903,8
182,550394700,50,36.740482653389,127.122920412574,51.684050300159,0.0086,0.0070,294.403868,1.0903,8
183,550394750,50,36.740483189825,127.122919001192,51.675666033290,0.0086,0.0070,295.279094,1.0903,8
184,550394800,50,36.740483713126,127.122917596228,51.681517337449,0.0087,0.0070,294.834421,1.0903,8
185,550394850,50,36.740484296269,127.122916135071,51.679124107584,0.0087,0.0070,296.375976,1.0903,8
186,550394900,50,36.740484845866,127.122914660509,51.682309180498,0.0087,0.0070,294.849248,1.0903,8
187,550394950,50,36.740485411196,127.122913091886,51.671707051806,0.0087,0.0071,294.122848,1.0903,8
188,550395000,50,36.740485972192,127.122911582555,51.683313041925,0.0087,0.0071,294.788607,1.0903,8
189,550395050,50,36.740486561114,127.122910004022,51.678663304076,0.0087,0.0071,294.870485,1.0903,8
190,550395100,50,36.740487142599,127.122908415664,51.682257732376,0.0088,0.0071,294.459565,1.0903,8
191,550395150,50,36.740487748414,127.122906828110,51.682441792451,0.0088,0.0071,295.367787,1.0903,8
192,550395200,50,36.740488407225,127.122905162266,51.683225142770,0.0088,0.0071,296.169093,1.0903,8
193,550395250,50,36.740489012771,127.122903448455,51.678055905737,0.0088,0.0071,293.702481,1.0903,8
194,550395300,50,36.740489624559,127.122901781846,51.680654551834,0.0088,0.0071,294.518145,1.0903,8
195,550395350,50,36.740490288774,127.122900047494,51.685198116116,0.0088,0.0071,295.447529,1.0903,8
196,550395400,50,36.740490933133,127.122898330752,51.684516957030,0.0088,0.0072,295.002591,1.0903,8
197,550395450,50,36.740491584217,127.122896577021,51.671532575041,0.0089,0.0072,294.763491,1.0903,8
198,550395500,50,36.740492254311,127.122894805616,51.676817482337,0.0089,0.0072,295.174590,1.0903,8
199,550395550,50,36.740492932009,127.122893003434,51.680330290459,0.0089,0.0072,295.043767,1.0903,8
200,550395600,50,36.740493637483,127.122891146880,51.676663585007,0.0089,0.0072,295.274072,1.0903,8
201,550395650,50,36.740494338130,127.122889267613,51.679814627394,0.0089,0.0072,294.855748,1.0903,8
202,550395700,50,36.740495021735,127.122887408081,51.676709985361,0.0090,0.0072,294.549762,1.0903,8
203,550395750,50,36.740495745957,127.122885494726,51.675153497607,0.0090,0.0072,295.187712,1.0903,8
204,550395800,50,36.740496449445,127.122883628321,51.675074378029,0.0087,0.0071,295.187697,1.0903,8
205,550395850,50,36.740497188868,127.122881679770,51.677770886570,0.0087,0.0071,295.243900,1.0903,8
206,550395900,50,36.740497929586,127.122879712475,51.678297488019,0.0087,0.0071,295.071419,1.0903,8
207,550395950,50,36.740498662168,127.122877774416,51.672276152298,0.0087,0.0071,295.157906,1.0903,8
208,550396000,50,36.740499410591,127.122875820978,51.677765172906,0.0088,0.0071,295.456572,1.0903,8
209,550396050,50,36.740500150709,127.122873840220,51.673144757748,0.0088,0.0071,294.904009,1.0903,8
210,550396100,50,36.740500894265,127.122871821522,51.674651806243,0.0088,0.0071,294.591720,1.0903,8
211,550396150,50,36.740501636553,127.122869841226,51.681151947007,0.0088,0.0071,294.973272,1.0903,8
212,550396200,50,36.740502473762,127.122867822324,51.668163331226,0.0088,0.0071,297.259882,1.0903,8
213,550396250,50,36.740503200809,127.122865777467,51.673559637740,0.0088,0.0071,293.834631,1.0903,8
214,550396300,50,36.740503984477,127.122863751605,51.671538106166,0.0088,0.0071,295.670969,1.0903,8
215,550396350,50,36.740504753136,127.122861676994,51.669758643955,0.0088,0.0071,294.719478,1.0903,8
216,550396400,50,36.740505526982,127.122859618425,51.670419941656,0.0089,0.0072,295.036301,1.0903,8
217,550396450,50,36.740506288748,127.122857532422,51.667575945146,0.0089,0.0072,294.405729,1.0903,8
218,550396500,50,36.740507106044,127.122855445460,51.664143059403,0.0089,0.0072,295.947255,1.0903,8
219,550396550,50,36.740507889213,127.122853349919,51.671038244851,0.0089,0.0072,294.908552,1.0903,8
220,550396600,50,36.740508716876,127.122851199642,51.669103136286,0.0089,0.0072,295.559757,1.0903,8
221,550396650,50,36.740509529928,127.122849064757,51.668975221924,0.0089,0.0072,295.323515,1.0903,8
222,550396700,50,36.740510353579,127.122846907734,51.660668117926,0.0089,0.0072,295.381984,1.0903,8
223,550396750,50,36.740511188712,127.122844778225,51.673885680735,0.0090,0.0072,295.978997,1.0903,8
224,550396800,50,36.740512039291,127.122842585031,51.663357918151,0.0090,0.0072,295.728488,1.0903,8
225,550396850,50,36.740512855094,127.122840371592,51.664833375253,0.0090,0.0072,294.605482,1.0903,8
226,550396900,50,36.740513700996,127.122838142769,51.661668415181,0.0090,0.0072,295.247148,1.0903,8
227,550396950,50,36.740514589605,127.122835848372,51.662066810764,0.0090,0.0073,295.697802,1.0903,8
228,550397000,50,36.740515449339,127.122833612604,51.660273516551,0.0088,0.0071,295.697780,1.0903,8
229,550397050,50,36.740516323739,127.122831304617,51.668156413361,0.0088,0.0071,295.208087,1.0903,8
230,550397100,50,36.740517194142,127.122828982118,51.667855896056,0.0088,0.0071,294.969375,1.0903,8
231,550397150,50,36.740518119226,127.122826634600,51.659155922942,0.0088,0.0071,296.088028,1.0903,8
232,550397200,50,36.740519036227,127.122824254231,51.665643406101,0.0088,0.0071,295.578550,1.0903,8
233,550397250,50,36.740519944753,127.122821856911,51.664911508560,0.0088,0.0071,295.214946,1.0903,8
234,550397300,50,36.740520859398,127.122819461432,51.668636674993,0.0088,0.0071,295.380517,1.0903,8
235,550397350,50,36.740521854591,127.122816981134,51.659190968610,0.0089,0.0071,296.498368,1.0903,8
236,550397400,50,36.740522810964,127.122814520119,51.663245945238,0.0089,0.0071,295.773671,1.0903,8
237,550397450,50,36.740523754052,127.122811998672,51.669715306722,0.0089,0.0072,294.925865,1.0903,8
238,550397500,50,36.740524754689,127.122809468702,51.656976316124,0.0089,0.0072,296.170951,1.0903,8
239,550397550,50,36.740525755953,127.122806915087,51.662918838672,0.0089,0.0072,295.974669,1.0903,8
240,550397600,50,36.740526756933,127.122804331731,51.657953275368,0.0089,0.0072,295.708071,1.0903,8
241,550397650,50,36.740527778340,127.122801709322,51.661531435326,0.0087,0.0070,295.708045,1.0903,8
242,550397700,50,36.740528795699,127.122799054148,51.661071153358,0.0087,0.0070,295.458321,1.0903,8
243,550397750,50,36.740529838782,127.122796401015,51.670149389654,0.0087,0.0070,296.035333,1.0903,8
244,550397800,50,36.740530858670,127.122793729156,51.664121386595,0.0087,0.0071,295.374317,1.0903,8
245,550397850,50,36.740531941529,127.122791019029,51.669830957428,0.0087,0.0071,296.402523,1.0903,8
246,550397900,50,36.740532998559,127.122788276706,51.663484663703,0.0087,0.0071,295.591041,1.0903,8
247,550397950,50,36.740534061622,127.122785492647,51.667800970376,0.0087,0.0071,295.381567,1.0903,8
248,550398000,50,36.740535173842,127.122782720540,51.661897493526,0.0088,0.0071,296.497149,1.0903,8
249,550398050,50,36.740536288901,127.122779894655,51.664762951434,0.0088,0.0071,296.117828,1.0903,8
250,550398100,50,36.740537373956,127.122777077577,51.662594340742,0.0088,0.0071,295.574832,1.0903,8
251,550398150,50,36.740538495258,127.122774216481,51.664901360869,0.0088,0.0071,295.964142,1.0903,8
252,550398200,50,36.740539660431,127.122771299351,51.664211346768,0.0088,0.0071,296.394777,1.0903,8
253,550398250,50,36.740540750483,127.122768383470,51.667413262650,0.0088,0.0071,294.914529,1.0903,8
254,550398300,50,36.740541926284,127.122765403609,51.669552286156,0.0088,0.0071,296.117533,1.0903,8
255,550398350,50,36.740543081639,127.122762453322,51.665611073375,0.0088,0.0071,295.946553,1.0903,8
256,550398400,50,36.740544262622,127.122759462021,51.659958987497,0.0089,0.0071,296.130362,1.0903,8
257,550398450,50,36.740545468334,127.122756459419,51.663647362962,0.0089,0.0071,296.516416,1.0903,8
258,550398500,50,36.740546646036,127.122753396686,51.665193607099,0.0089,0.0072,295.537540,1.0903,8
259,550398550,50,36.740547862727,127.122750336971,51.664626920596,0.0089,0.0072,296.293249,1.0903,8
260,550398600,50,36.740549086284,127.122747244931,51.668051123619,0.0086,0.0070,296.293219,1.0903,8
261,550398650,50,36.740550329085,127.122744147240,51.658157126047,0.0087,0.0070,296.496229,1.0903,8
262,550398700,50,36.740551577306,127.122740973909,51.665859654546,0.0087,0.0070,296.046583,1.0903,8
263,550398750,50,36.740552806426,127.122737792735,51.662841808982,0.0087,0.0070,295.644452,1.0903,8
264,550398800,50,36.740554053083,127.122734625664,51.669655834325,0.0087,0.0070,296.062906,1.0903,8
265,550398850,50,36.740555366385,127.122731443877,51.667420178652,0.0087,0.0070,297.151257,1.0903,8
266,550398900,50,36.740556640742,127.122728170312,51.668110783212,0.0087,0.0071,295.812833,1.0903,8
267,550398950,50,36.740557933580,127.122724915555,51.666094931774,0.0087,0.0071,296.268432,1.0903,8
268,550399000,50,36.740559222676,127.122721649375,51.665363369510,0.0087,0.0071,296.123132,1.0903,8
269,550399050,50,36.740560566099,127.122718366973,51.665585204959,0.0087,0.0071,296.955033,1.0903,8
270,550399100,50,36.740561886696,127.122715003552,51.666194260120,0.0087,0.0071,296.005659,1.0903,8
271,550399150,50,36.740563237510,127.122711655816,51.666666031815,0.0088,0.0071,296.627175,1.0903,8
272,550399200,50,36.740564583895,127.122708263177,51.669083452784,0.0088,0.0071,296.247819,1.0903,8
273,550399250,50,36.740565942724,127.122704869018,51.666126047261,0.0088,0.0071,296.447259,1.0903,8
274,550399300,50,36.740567315078,127.122701385101,51.669572493993,0.0088,0.0071,296.079022,1.0903,8
275,550399350,50,36.740568719285,127.122697970233,51.669451878406,0.0088,0.0071,297.063722,1.0903,8
276,550399400,50,36.740570104003,127.122694496150,51.669967726804,0.0088,0.0071,296.346848,1.0903,8
277,550399450,50,36.740571516643,127.122691011981,51.667798878625,0.0088,0.0071,296.737700,1.0903,8
278,550399500,50,36.740572925205,127.122687472049,51.668534948491,0.0088,0.0071,296.308036,1.0903,8
279,550399550,50,36.740574351487,127.122683947871,51.667824884877,0.0088,0.0072,296.696133,1.0903,8
280,550399600,50,36.740575797811,127.122680375477,51.673664324917,0.0086,0.0070,296.696096,1.0903,8
281,550399650,50,36.740577238941,127.122676793638,51.672479125671,0.0086,0.0070,296.561286,1.0903,8
282,550399700,50,36.740578688258,127.122673153713,51.678852401674,0.0086,0.0070,296.323218,1.0903,8
283,550399750,50,36.740580189088,127.122669522483,51.669420975260,0.0086,0.0070,297.182577,1.0903,8
284,550399800,50,36.740581671519,127.122665828061,51.670542560518,0.0086,0.0070,296.499660,1.0903,8
285,550399850,50,36.740583188502,127.122662160869,51.673129828647,0.0087,0.0070,297.202395,1.0903,8
286,550399900,50,36.740584688012,127.122658416476,51.666519685648,0.0087,0.0070,296.454377,1.0903,8
287,550399950,50,36.740586192152,127.122654681059,51.675640888512,0.0087,0.0070,296.579875,1.0903,8
288,550400000,50,36.740587732217,127.122650928063,51.677666441537,0.0087,0.0070,297.015849,1.0903,8
289,550400050,50,36.740589263276,127.122647153051,51.681121467613,0.0087,0.0071,296.745188,1.0903,8
290,550400100,50,36.740590819081,127.122643371225,51.677239335142,0.0087,0.0071,297.074243,1.0903,8
291,550400150,50,36.740592359880,127.122639538428,51.674994171597,0.0087,0.0071,296.541942,1.0903,8
292,550400200,50,36.740593930348,127.122635700908,51.676746101119,0.0087,0.0071,296.952790,1.0903,8
293,550400250,50,36.740595490838,127.122631826776,51.673629404046,0.0087,0.0071,296.587140,1.0903,8
294,550400300,50,36.740597076555,127.122627960212,51.673126233742,0.0088,0.0071,297.001966,1.0903,8
295,550400350,50,36.740598692870,127.122624023039,51.673520063981,0.0088,0.0071,297.025507,1.0903,8
296,550400400,50,36.740600268916,127.122620110305,51.684748813510,0.0088,0.0071,296.587279,1.0903,8
297,550400450,50,36.740601912042,127.122616189082,51.684733325616,0.0088,0.0071,297.504049,1.0903,8
298,550400500,50,36.740603506252,127.122612233888,51.679119212553,0.0088,0.0071,296.602550,1.0903,8
299,550400550,50,36.740605124654,127.122608280675,51.680671759881,0.0088,0.0071,296.961211,1.0903,8
300,550400600,50,36.740606766236,127.122604336248,51.681951446459,0.0088,0.0071,297.343827,1.0903,8
301,550400650,50,36.740608403177,127.122600347705,51.685639977455,0.0088,0.0071,297.018981,1.0903,8
302,550400700,50,36.740610043602,127.122596331940,51.680721172132,0.0089,0.0072,296.910702,1.0903,8
303,550400750,50,36.740611714732,127.122592350385,51.682200098410,0.0089,0.0072,297.542353,1.0903,8
304,550400800,50,36.740613348794,127.122588348575,51.681613074616,0.0086,0.0070,297.542311,1.0903,8
305,550400850,50,36.740614982929,127.122584334240,51.682540752925,0.0086,0.0070,296.830155,1.0903,8
306,550400900,50,36.740616710547,127.122580326407,51.683561677113,0.0086,0.0070,298.173474,1.0903,8
307,550400950,50,36.740618389746,127.122576290109,51.681263063103,0.0087,0.0070,297.335230,1.0903,8
308,550401000,50,36.740620086964,127.122572242461,51.681735833175,0.0087,0.0070,297.519472,1.0903,8
309,550401050,50,36.740621755564,127.122568204323,51.683666446246,0.0087,0.0070,297.176899,1.0903,8
310,550401100,50,36.740623476637,127.122564089585,51.678491630591,0.0087,0.0070,297.461259,1.0903,8
311,550401150,50,36.740625186491,127.122560024613,51.681681957096,0.0087,0.0070,297.593419,1.0903,8
312,550401200,50,36.740626880060,127.122555923838,51.683130066842,0.0087,0.0070,297.164357,1.0903,8
313,550401250,50,36.740628599109,127.122551822620,51.679515401833,0.0087,0.0071,297.510879,1.0903,8
314,550401300,50,36.740630311302,127.122547727072,51.680988209322,0.0087,0.0071,297.449583,1.0903,8
315,550401350,50,36.740632072370,127.122543598403,51.689667260274,0.0087,0.0071,297.923192,1.0903,8
316,550401400,50,36.740633789274,127.122539457396,51.678346111439,0.0088,0.0071,297.255740,1.0903,8
317,550401450,50,36.740635521735,127.122535310244,51.681008632295,0.0088,0.0071,297.431940,1.0903,8
318,550401500,50,36.740637290002,127.122531170392,51.683467304334,0.0088,0.0071,297.955808,1.0903,8
319,550401550,50,36.740639011538,127.122527054576,51.693736119196,0.0088,0.0071,297.461439,1.0903,8
320,550401600,50,36.740640744074,127.122522921283,51.689079256728,0.0088,0.0071,297.511479,1.0903,8
321,550401650,50,36.740642534792,127.122518775105,51.687992483377,0.0088,0.0071,298.219731,1.0903,8
322,550401700,50,36.740644279785,127.122514648127,51.687478371896,0.0088,0.0071,297.716036,1.0903,8
323,550401750,50,36.740646034950,127.122510507069,51.692642618902,0.0089,0.0071,297.772857,1.0903,8
324,550401800,50,36.740647795509,127.122506358272,51.692915254273,0.0089,0.0072,297.801243,1.0903,8
325,550401850,50,36.740649558910,127.122502277877,51.692405212671,0.0089,0.0072,298.234578,1.0903,8
326,550401900,50,36.740651333896,127.122498113916,51.695923031308,0.0089,0.0072,297.908062,1.0903,8
327,550401950,50,36.740653129494,127.122493926591,51.695605127141,0.0089,0.0072,298.049312,1.0903,8
328,550402000,50,36.740654905908,127.122489754259,51.694321867079,0.0089,0.0072,297.879543,1.0903,8
329,550402050,50,36.740656686373,127.122485648135,51.689251304604,0.0089,0.0072,298.314525,1.0903,8
330,550402100,50,36.740658487183,127.122481500560,51.698754474521,0.0090,0.0072,298.346059,1.0903,8
331,550402150,50,36.740660294346,127.122477334130,51.688768936321,0.0087,0.0070,298.346011,1.0903,8
332,550402200,50,36.740662093789,127.122473141283,51.689693749882,0.0087,0.0070,298.068813,1.0903,8
333,550402250,50,36.740663883086,127.122468974724,51.690149267204,0.0087,0.0071,298.083925,1.0903,8
334,550402300,50,36.740665702524,127.122464864967,51.691016543657,0.0087,0.0071,298.814198,1.0903,8
335,550402350,50,36.740667486125,127.122460680694,51.689654668793,0.0087,0.0071,297.907464,1.0903,8
336,550402400,50,36.740669290480,127.122456507994,51.693173903972,0.0088,0.0071,298.248640,1.0903,8
337,550402450,50,36.740671100622,127.122452365781,51.692738846876,0.0088,0.0071,298.501031,1.0903,8
338,550402500,50,36.740672935552,127.122448169661,51.693861967884,0.0088,0.0071,298.517153,1.0903,8
339,550402550,50,36.740674740703,127.122444018556,51.698194200173,0.0088,0.0071,298.383346,1.0903,8
340,550402600,50,36.740676575881,127.122439876348,51.698959839530,0.0088,0.0071,298.832333,1.0903,8
341,550402650,50,36.740678388257,127.122435679465,51.685091190040,0.0086,0.0070,298.832284,1.0903,8
342,550402700,50,36.740680205268,127.122431476467,51.690390190110,0.0086,0.0070,298.242752,1.0903,8
343,550402750,50,36.740682047300,127.122427308172,51.686345529743,0.0086,0.0070,298.770606,1.0903,8
344,550402800,50,36.740683858510,127.122423121977,51.689266173169,0.0086,0.0070,298.262059,1.0903,8
345,550402850,50,36.740685713513,127.122418933200,51.695296988823,0.0086,0.0070,298.821777,1.0903,8
346,550402900,50,36.740687539866,127.122414766789,51.689040129073,0.0086,0.0070,298.575335,1.0903,8
347,550402950,50,36.740689393673,127.122410574532,51.685948465951,0.0086,0.0070,298.786097,1.0903,8
348,550403000,50,36.740691222319,127.122406372036,51.686888411641,0.0086,0.0070,298.398348,1.0903,8
349,550403050,50,36.740693086906,127.122402179893,51.686705572531,0.0087,0.0070,298.927182,1.0903,8
350,550403100,50,36.740694936766,127.122397997358,51.688719754107,0.0087,0.0070,298.790700,1.0903,8
351,550403150,50,36.740696789416,127.122393817143,51.688873555511,0.0087,0.0070,298.840587,1.0903,8
352,550403200,50,36.740698645008,127.122389650753,51.684909657575,0.0087,0.0070,298.959374,1.0903,8
353,550403250,50,36.740700509057,127.122385446245,51.688558259979,0.0087,0.0070,298.848816,1.0903,8
354,550403300,50,36.740702392093,127.122381289503,51.683699565940,0.0087,0.0071,299.373878,1.0903,8
355,550403350,50,36.740704276912,127.122377119534,51.686960652471,0.0087,0.0071,299.319279,1.0903,8
356,550403400,50,36.740706152732,127.122372934742,51.688057492487,0.0087,0.0071,299.115846,1.0903,8
357,550403450,50,36.740708021515,127.122368721166,51.678695488721,0.0088,0.0071,298.858092,1.0903,8
358,550403500,50,36.740709889775,127.122364564422,51.685607089661,0.0088,0.0071,299.181330,1.0903,8
359,550403550,50,36.740711791701,127.122360350606,51.689944375306,0.0088,0.0071,299.284455,1.0903,8
360,550403600,50,36.740713690067,127.122356192566,51.682209265418,0.0086,0.0070,299.284405,1.0903,8
361,550403650,50,36.740715545474,127.122351952239,51.679999919608,0.0086,0.0070,298.531973,1.0903,8
362,550403700,50,36.740717459073,127.122347765957,51.679280065000,0.0086,0.0070,299.595252,1.0903,8
363,550403750,50,36.740719362891,127.122343621399,51.686520247720,0.0086,0.0070,299.715773,1.0903,8
364,550403800,50,36.740721240108,127.122339388751,51.684341751039,0.0086,0.0070,298.857739,1.0903,8
365,550403850,50,36.740723124973,127.122335183141,51.680409150198,0.0086,0.0070,299.112125,1.0903,8
366,550403900,50,36.740725030130,127.122331005499,51.683736504987,0.0086,0.0070,299.537350,1.0903,8
367,550403950,50,36.740726934477,127.122326830039,51.685162177309,0.0087,0.0070,299.539720,1.0903,8
368,550404000,50,36.740728868316,127.122322695493,51.685947772115,0.0087,0.0070,300.163427,1.0903,8
369,550404050,50,36.740730787903,127.122318523103,51.676377491094,0.0087,0.0070,299.754179,1.0903,8
370,550404100,50,36.740732685427,127.122314361483,51.678917997517,0.0087,0.0070,299.533128,1.0903,8
371,550404150,50,36.740734516188,127.122310152602,51.682806763798,0.0087,0.0071,298.389687,1.0903,8
372,550404200,50,36.740736256188,127.122305855703,51.688047829084,0.0087,0.0071,296.709247,1.0903,8
373,550404250,50,36.740738040493,127.122301551272,51.681695085950,0.0088,0.0071,297.251110,1.0903,8
374,550404300,50,36.740739802455,127.122297307349,51.682936801575,0.0088,0.0071,297.287419,1.0903,8
375,550404350,50,36.740741663739,127.122293091179,51.682193743065,0.0088,0.0071,298.745931,1.0903,8
376,550404400,50,36.740743561548,127.122288944352,51.682304337621,0.0088,0.0071,299.624436,1.0903,8
377,550404450,50,36.740745468837,127.122284795009,51.676154819317,0.0089,0.0071,299.732291,1.0903,8
378,550404500,50,36.740747347707,127.122280621810,51.680933358148,0.0089,0.0072,299.223130,1.0903,8
379,550404550,50,36.740749146352,127.122276439727,51.676579968072,0.0089,0.0072,298.119482,1.0903,8
380,550404600,50,36.740750948520,127.122272230466,51.679532736540,0.0087,0.0070,298.119432,1.0903,8
381,550404650,50,36.740752844740,127.122268101104,51.677647802979,0.0087,0.0070,299.707744,1.0903,8
382,550404700,50,36.740754742927,127.122264004640,51.680250776000,0.0087,0.0070,299.931101,1.0933,8
383,550404750,50,36.740756681493,127.122259912317,51.674907537177,0.0087,0.0071,300.480672,1.0933,8
384,550404800,50,36.740758565927,127.122255753596,51.675675745122,0.0088,0.0071,299.380395,1.0933,8
385,550404850,50,36.740760365540,127.122251638190,51.668459839188,0.0088,0.0071,298.516863,1.0933,8
386,550404900,50,36.740762235262,127.122247495725,51.674331210554,0.0088,0.0071,299.284447,1.0933,8
387,550404950,50,36.740764158833,127.122243398171,51.669793418609,0.0088,0.0071,300.254686,1.0933,8
388,550405000,50,36.740766105233,127.122239359858,51.673216308467,0.0088,0.0071,300.916274,1.0933,8
389,550405050,50,36.740768076605,127.122235347339,51.670925877057,0.0089,0.0071,301.402237,1.0933,8
390,550405100,50,36.740770050624,127.122231312432,51.677780058235,0.0089,0.0071,301.294757,1.0933,8
391,550405150,50,36.740771973463,127.122227240567,51.672842081636,0.0089,0.0071,300.402247,1.0933,8
392,550405200,50,36.740773840926,127.122223150931,51.668919065967,0.0089,0.0072,299.569521,1.0933,8
393,550405250,50,36.740775789894,127.122219152455,51.675467993133,0.0089,0.0072,301.200709,1.0933,8
394,550405300,50,36.740777770013,127.122215140302,51.672956462018,0.0089,0.0072,301.517500,1.0933,8
395,550405350,50,36.740779792903,127.122211168577,51.671269925311,0.0090,0.0072,302.327410,1.0933,8
396,550405400,50,36.740781833499,127.122207231671,51.666434324346,0.0090,0.0072,302.782712,1.0933,8
397,550405450,50,36.740783791779,127.122203245490,51.674401641823,0.0090,0.0072,301.400284,1.0933,8
398,550405500,50,36.740785731254,127.122199224202,51.675654810853,0.0090,0.0072,300.932991,1.0933,8
399,550405550,50,36.740787688685,127.122195228642,51.668003099971,0.0090,0.0072,301.329398,1.0933,8
400,550405600,50,36.740789675597,127.122191322095,51.662982215174,0.0091,0.0073,302.291226,1.0933,8
401,550405650,50,36.740791757372,127.122187497381,51.670396940783,0.0091,0.0073,304.070418,1.0933,8
402,550405700,50,36.740793823414,127.122183647196,51.666878771968,0.0091,0.0073,303.693259,1.0933,8
403,550405750,50,36.740795868516,127.122179704453,51.660983854905,0.0091,0.0073,302.801626,1.0933,8
404,550405800,50,36.740797806072,127.122175833826,51.674978791736,0.0089,0.0071,302.801576,1.0933,8
405,550405850,50,36.740799787908,127.122171930333,51.669324170798,0.0089,0.0071,302.245246,1.0933,8
406,550405900,50,36.740801851807,127.122168072122,51.666332225315,0.0089,0.0072,303.610755,1.0933,8
407,550405950,50,36.740803935715,127.122164294698,51.668231418356,0.0089,0.0072,304.429319,1.0933,8
408,550406000,50,36.740806071749,127.122160529557,51.669527432881,0.0090,0.0072,305.180164,1.0933,8
409,550406050,50,36.740808195299,127.122156732492,51.665206508711,0.0090,0.0072,304.795146,1.0933,8
410,550406100,50,36.740810212479,127.122152919098,51.669598163106,0.0090,0.0072,303.315249,1.0933,8
411,550406150,50,36.740812256893,127.122149118808,51.672006242909,0.0090,0.0072,303.759925,1.0933,8
412,550406200,50,36.740814317468,127.122145331789,51.665000067092,0.0090,0.0072,304.061601,1.0933,8
413,550406250,50,36.740816474459,127.122141614556,51.668777528219,0.0090,0.0072,305.791389,1.0933,8
414,550406300,50,36.740818655582,127.122137936125,51.669706773013,0.0090,0.0072,306.380984,1.0933,8
415,550406350,50,36.740820824171,127.122134237646,51.662380507216,0.0091,0.0073,306.075093,1.0933,8
416,550406400,50,36.740822905955,127.122130510573,51.668399848975,0.0091,0.0073,304.761374,1.0933,8
417,550406450,50,36.740824974265,127.122126766536,51.669945322908,0.0091,0.0073,304.465810,1.0933,8
418,550406500,50,36.740827078203,127.122123032311,51.670570413582,0.0091,0.0073,304.994379,1.0933,8
419,550406550,50,36.740829294381,127.122119415626,51.672112375498,0.0091,0.0073,307.284668,1.0933,8
420,550406600,50,36.740831502433,127.122115801990,51.669172960334,0.0091,0.0073,307.206556,1.0933,8
421,550406650,50,36.740833682237,127.122112239551,51.672498774715,0.0092,0.0073,307.245011,1.0933,8
422,550406700,50,36.740835843803,127.122108598643,51.670290218666,0.0092,0.0073,306.415108,1.0933,8
423,550406750,50,36.740837942508,127.122104952817,51.676617029123,0.0092,0.0073,305.574328,1.0933,8
424,550406800,50,36.740840080296,127.122101298337,51.672199889086,0.0092,0.0074,306.011413,1.0933,8
425,550406850,50,36.740842292466,127.122097762322,51.671872640029,0.0092,0.0074,307.859168,1.0933,8
426,550406900,50,36.740844521864,127.122094225649,51.681143228896,0.0092,0.0074,308.069582,1.0933,8
427,550406950,50,36.740846769618,127.122090677333,51.671914449893,0.0093,0.0074,308.206320,1.0933,8
428,550407000,50,36.740848973386,127.122087194678,51.697503903881,0.0090,0.0072,308.206273,1.0933,8
429,550407050,50,36.740851122422,127.122083617190,51.696004293859,0.0090,0.0072,306.737481,1.0933,8
430,550407100,50,36.740853303223,127.122080049787,51.699670970440,0.0090,0.0072,307.219182,1.0933,8
431,550407150,50,36.740855522229,127.122076529022,51.698750287294,0.0090,0.0072,308.064977,1.0933,8
432,550407200,50,36.740857799835,127.122073088349,51.698244606145,0.0091,0.0073,309.437472,1.0933,8
433,550407250,50,36.740860071359,127.122069674097,51.698460232466,0.0091,0.0073,309.579074,1.0933,8
434,550407300,50,36.740862336762,127.122066226070,51.704107835889,0.0091,0.0073,309.226607,1.0933,8
435,550407350,50,36.740864573512,127.122062769273,51.700211887248,0.0091,0.0073,308.798710,1.0933,8
436,550407400,50,36.740866781667,127.122059271691,51.701740913093,0.0091,0.0073,308.112414,1.0933,8
437,550407450,50,36.740869022408,127.122055824951,51.706872309558,0.0091,0.0073,308.930171,1.0933,8
438,550407500,50,36.740871346290,127.122052480529,51.701267632656,0.0091,0.0073,310.806317,1.0933,8
439,550407550,50,36.740873683188,127.122049143642,51.708005575463,0.0091,0.0073,311.028680,1.0933,8
440,550407600,50,36.740876007748,127.122045847392,51.713918945752,0.0089,0.0072,311.028636,1.0933,8
441,550407650,50,36.740878281966,127.122042430834,51.713857539929,0.0089,0.0072,309.593401,1.0933,8
442,550407700,50,36.740880539621,127.122039035889,51.718921018764,0.0089,0.0072,309.566296,1.0933,8
443,550407750,50,36.740882808665,127.122035680067,51.720206704922,0.0089,0.0072,310.034683,1.0933,8
444,550407800,50,36.740885144739,127.122032359883,51.717944611795,0.0089,0.0072,311.161049,1.0933,8
445,550407850,50,36.740887529380,127.122029117579,51.718570787460,0.0090,0.0072,312.422488,1.0933,8
446,550407900,50,36.740889923732,127.122025866434,51.719042816199,0.0090,0.0072,312.460741,1.0933,8
447,550407950,50,36.740892252234,127.122022535323,51.720267680474,0.0090,0.0072,310.975684,1.0933,8
448,550408000,50,36.740894582884,127.122019225966,51.722908887081,0.0090,0.0072,311.187815,1.0933,8
449,550408050,50,36.740896876196,127.122015932192,51.724845999852,0.0090,0.0072,310.863517,1.0933,8
450,550408100,50,36.740899217642,127.122012682463,51.725704228505,0.0090,0.0072,311.836240,1.0933,8
451,550408150,50,36.740901621865,127.122009482560,51.726966518909,0.0090,0.0072,313.031963,1.0933,8
452,550408200,50,36.740904041998,127.122006310422,51.727688696235,0.0091,0.0073,313.469757,1.0933,8
453,550408250,50,36.740906440645,127.122003101934,51.725942241028,0.0091,0.0073,312.889049,1.0933,8
454,550408300,50,36.740908778389,127.121999853811,51.722862774506,0.0091,0.0073,311.805282,1.0933,8
455,550408350,50,36.740911092015,127.121996588816,51.727763582952,0.0091,0.0073,311.362937,1.0933,8
456,550408400,50,36.740913512160,127.121993403268,51.736031810753,0.0091,0.0073,313.349233,1.0933,8
457,550408450,50,36.740915944564,127.121990268976,51.730625392869,0.0091,0.0073,313.958005,1.0933,8
458,550408500,50,36.740918396641,127.121987161561,51.744011752307,0.0092,0.0073,314.435297,1.0933,8
459,550408550,50,36.740920865487,127.121984006160,51.732551341876,0.0092,0.0073,314.191610,1.0933,8
460,550408600,50,36.740923284555,127.121980877163,51.740283418447,0.0092,0.0073,313.849034,1.0933,8
