0,549554900,50,36.740458974439,127.122922766999,51.671176579781,0.0077,0.0069,205.704547,1.0454,8
1,549554950,50,36.740458986923,127.122922786568,51.666632674634,0.0077,0.0069,51.597545,1.0454,8
2,549555000,50,36.740458978681,127.122922780213,51.671300017275,0.0077,0.0069,211.820804,1.0454,8
3,549555050,50,36.740458973021,127.122922778418,51.669402962551,0.0077,0.0069,194.322259,1.0454,8
4,549555100,50,36.740458982746,127.122922767599,51.665554624051,0.0077,0.0069,318.163295,1.0454,8
5,549555150,50,36.740458982938,127.122922781369,51.672580600716,0.0077,0.0069,89.007512,1.0454,8
6,549555200,50,36.740458991330,127.122922785936,51.667646643706,0.0077,0.0069,23.657422,1.0454,8
7,549555250,50,36.740458966894,127.122922770173,51.668035304174,0.0077,0.0069,207.438815,1.0454,8
8,549555300,50,36.740458976704,127.122922788297,51.671167351305,0.0077,0.0069,56.079673,1.0454,8
9,549555350,50,36.740458971416,127.122922770579,51.670247766189,0.0077,0.0069,249.653794,1.0454,8
10,549555400,50,36.740458978874,127.122922779538,51.668888881803,0.0077,0.0069,44.033580,1.0454,8
11,549555450,50,36.740458974087,127.122922757777,51.664613553323,0.0078,0.0069,254.711995,1.0454,8
12,549555500,50,36.740458977707,127.122922773363,51.671090875752,0.0078,0.0070,73.901296,1.0454,8
13,549555550,50,36.740458989354,127.122922803019,51.670689025894,0.0078,0.0070,63.988660,1.0454,8
14,549555600,50,36.740458975048,127.122922784245,51.669343628921,0.0078,0.0070,226.564710,1.0454,8
15,549555650,50,36.740459001821,127.122922775320,51.669307835400,0.0078,0.0070,8.185653,1.0454,8
16,549555700,50,36.740458978416,127.122922775320,51.669307835400,0.0078,0.0070,205.241123,1.0454,8
17,549555750,50,36.740458999196,127.122922759926,51.667020764202,0.0078,0.0070,329.195982,1.0454,8
18,549555800,50,36.740458993744,127.122922718939,51.665880972520,0.0078,0.0070,260.614012,1.0454,8
19,549555850,50,36.740458997556,127.122922730769,51.670011006296,0.0078,0.0070,68.174937,1.0454,8
20,549555900,50,36.740459023473,127.122922671458,51.665405754931,0.0077,0.0069,68.174937,1.0454,8
21,549555950,50,36.740459028005,127.122922612762,51.666106742807,0.0077,0.0069,275.479838,1.0454,8
22,549556000,50,36.740459049128,127.122922572229,51.660976938903,0.0077,0.0069,302.922882,1.0454,8
23,549556050,50,36.740459068878,127.122922538632,51.665537282825,0.0077,0.0069,306.145554,1.0454,8
24,549556100,50,36.740459093990,127.122922465672,51.662775697187,0.0077,0.0069,293.154085,1.0454,8
25,549556150,50,36.740459110647,127.122922388169,51.664610663429,0.0077,0.0069,284.951805,1.0454,8
26,549556200,50,36.740459142060,127.122922311564,51.665215718560,0.0077,0.0069,296.999145,1.0454,8
27,549556250,50,36.740459180181,127.122922238573,51.661331284791,0.0077,0.0069,302.980817,1.0454,8
28,549556300,50,36.740459195988,127.122922126599,51.667258509435,0.0077,0.0069,279.948367,1.0454,8
29,549556350,50,36.740459242205,127.122922063350,51.663131430745,0.0077,0.0069,312.237014,1.0454,8
30,549556400,50,36.740459278986,127.122921956390,51.663539467379,0.0077,0.0069,293.135330,1.0454,8
31,549556450,50,36.740459340522,127.122921867872,51.663612761535,0.0078,0.0069,310.819807,1.0454,8
32,549556500,50,36.740459352860,127.122921752930,51.663383296691,0.0078,0.0069,277.596636,1.0454,8
33,549556550,50,36.740459390139,127.122921656390,51.662231585942,0.0078,0.0069,295.631247,1.0454,8
34,549556600,50,36.740459442897,127.122921565550,51.664600361139,0.0078,0.0070,305.815387,1.0454,8
35,549556650,50,36.740459470433,127.122921454548,51.664889100939,0.0078,0.0070,287.130459,1.0454,8
36,549556700,50,36.740459513293,127.122921366004,51.671172511764,0.0078,0.0070,301.025031,1.0454,8
37,549556750,50,36.740459542011,127.122921278698,51.663875071332,0.0078,0.0070,292.229959,1.0454,8
38,549556800,50,36.740459596334,127.122921173434,51.665635926649,0.0078,0.0070,302.668818,1.0454,8
39,549556850,50,36.740459612641,127.122921089188,51.660406378098,0.0078,0.0070,283.523093,1.0454,8
40,549556900,50,36.740459658118,127.122921014009,51.660353073850,0.0078,0.0070,306.928764,1.0454,8
41,549556950,50,36.740459703013,127.122920925575,51.660375365056,0.0078,0.0070,302.242816,1.0454,8
42,549557000,50,36.740459707314,127.122920858952,51.664612624794,0.0077,0.0069,302.242816,1.0454,8
43,549557050,50,36.740459733994,127.122920786942,51.666107905097,0.0077,0.0069,294.719910,1.0454,8
44,549557100,50,36.740459765771,127.122920732240,51.664981132373,0.0077,0.0069,305.821063,1.0454,8
45,549557150,50,36.740459779504,127.122920690395,51.666360752657,0.0077,0.0069,292.184827,1.0454,8
46,549557200,50,36.740459816289,127.122920615092,51.664976643398,0.0077,0.0069,301.255827,1.0454,8
47,549557250,50,36.740459822470,127.122920570763,51.662668992765,0.0077,0.0069,279.829563,1.0454,8
48,549557300,50,36.740459848641,127.122920511597,51.667981881648,0.0077,0.0069,298.792865,1.0454,8
49,549557350,50,36.740459840738,127.122920497228,51.669004838914,0.0077,0.0069,235.652081,1.0454,8
50,549557400,50,36.740459869895,127.122920479770,51.663364009932,0.0078,0.0069,334.270520,1.0454,8
51,549557450,50,36.740459883334,127.122920459644,51.661405633204,0.0077,0.0069,309.681480,1.0454,8
52,549557500,50,36.740459873347,127.122920452870,51.659331529401,0.0078,0.0069,208.631403,1.0454,8
53,549557550,50,36.740459862575,127.122920434305,51.667681159452,0.0078,0.0069,234.211794,1.0454,8
54,549557600,50,36.740459876670,127.122920438686,51.662859410048,0.0077,0.0069,234.211788,1.0454,8
55,549557650,50,36.740459878342,127.122920459247,51.666484481655,0.0077,0.0069,84.231836,1.0454,8
56,549557700,50,36.740459879762,127.122920472724,51.665466659702,0.0077,0.0069,82.543471,1.0454,8
57,549557750,50,36.740459864139,127.122920458592,51.666200370528,0.0077,0.0069,216.055281,1.0454,8
58,549557850,50,36.740459883012,127.122920450510,51.665475337766,0.0077,0.0069,12.674396,1.0454,8
59,549557850,50,36.740459883012,127.122920450510,51.665475337766,0.0077,0.0069,12.674396,1.0454,8
60,549557900,50,36.740459862461,127.122920438504,51.664841565304,0.0077,0.0069,205.182684,1.0454,8
61,549557950,50,36.740459884123,127.122920460491,51.666334585287,0.0077,0.0069,39.245774,1.0454,8
62,549558000,50,36.740459862742,127.122920434765,51.669000166468,0.0077,0.0069,224.079415,1.0454,8
63,549558050,50,36.740459858505,127.122920453500,51.662900776602,0.0077,0.0069,105.694099,1.0454,8
64,549558100,50,36.740459860479,127.122920445634,51.666682321578,0.0077,0.0069,287.318052,1.0454,8
65,549558150,50,36.740459862757,127.122920446780,51.667033843696,0.0077,0.0069,22.028588,1.0454,8
66,549558250,50,36.740459876727,127.122920441645,51.665648597293,0.0077,0.0069,338.337262,1.0454,8
67,549558250,50,36.740459876727,127.122920441645,51.665648597293,0.0077,0.0069,338.337262,1.0454,8
68,549558350,50,36.740459862195,127.122920456743,51.666107349098,0.0077,0.0069,199.706423,1.0454,8
69,549558350,50,36.740459862195,127.122920456743,51.666107349098,0.0077,0.0069,67.557230,1.0454,8
70,549558400,50,36.740459851237,127.122920454737,51.675175474025,0.0077,0.0069,188.381359,1.0454,8
71,549558450,50,36.740459857273,127.122920480201,51.669271587394,0.0077,0.0069,73.589583,1.0454,8
72,549558500,50,36.740459867237,127.122920444598,51.671610623598,0.0078,0.0069,289.174519,1.0454,8
73,549558550,50,36.740459843267,127.122920449137,51.670269232243,0.0078,0.0069,171.334520,1.0454,8
74,549558600,50,36.740459857000,127.122920440272,51.668319716118,0.0078,0.0069,332.546732,1.0454,8
75,549558650,50,36.740459843370,127.122920449881,51.674246162176,0.0078,0.0069,150.430675,1.0454,8
76,549558700,50,36.740459843510,127.122920473298,51.670736619271,0.0077,0.0069,150.430674,1.0454,8
77,549558750,50,36.740459832251,127.122920472100,51.674719401635,0.0077,0.0069,184.894582,1.0454,8
78,549558800,50,36.740459830250,127.122920470754,51.673513164744,0.0077,0.0069,208.430575,1.0454,8
79,549558850,50,36.740459852899,127.122920476506,51.673434047028,0.0077,0.0069,11.552444,1.0454,8
80,549558900,50,36.740459844566,127.122920465152,51.671027489938,0.0077,0.0069,227.640424,1.0454,8
81,549558950,50,36.740459833769,127.122920477107,51.676893892698,0.0077,0.0069,138.293089,1.0454,8
82,549559000,50,36.740459844758,127.122920484982,51.673351801001,0.0077,0.0069,29.973103,1.0454,8
83,549559050,50,36.740459840197,127.122920476803,51.674366475083,0.0077,0.0069,235.281734,1.0454,8
84,549559100,50,36.740459833875,127.122920463265,51.671947339550,0.0077,0.0069,239.875115,1.0454,8
85,549559150,50,36.740459834169,127.122920481636,51.675188354217,0.0077,0.0069,88.860221,1.0454,8
86,549559200,50,36.740459840887,127.122920471390,51.673812408000,0.0077,0.0069,309.169406,1.0454,8
87,549559250,50,36.740459840613,127.122920479608,51.675845622085,0.0077,0.0069,92.369446,1.0454,8
88,549559300,50,36.740459839382,127.122920476676,51.673648051918,0.0077,0.0069,242.458708,1.0454,8
89,549559350,50,36.740459844981,127.122920479535,51.673248086125,0.0077,0.0069,22.339604,1.0454,8
90,549559400,50,36.740459826737,127.122920471363,51.675963447429,0.0077,0.0069,199.823479,1.0454,8
91,549559450,50,36.740459840101,127.122920459873,51.673266205005,0.0077,0.0069,325.317765,1.0454,8
92,549559500,50,36.740459831468,127.122920472109,51.676440428011,0.0078,0.0069,131.237765,1.0454,8
93,549559550,50,36.740459845196,127.122920482611,51.668584302999,0.0078,0.0069,31.619725,1.0454,8
94,549559600,50,36.740459869723,127.122920455615,51.667653996497,0.0077,0.0069,31.619724,1.0454,8
95,549559650,50,36.740459858966,127.122920475029,51.673639846034,0.0077,0.0069,124.548812,1.0454,8
96,549559700,50,36.740459860202,127.122920472652,51.670751838014,0.0077,0.0069,302.865223,1.0454,8
97,549559750,50,36.740459856321,127.122920482638,51.675659522414,0.0077,0.0069,115.774820,1.0454,8
98,549559800,50,36.740459859066,127.122920480149,51.672652099282,0.0077,0.0069,323.880109,1.0454,8
99,549559850,50,36.740459839065,127.122920476947,51.676261859946,0.0077,0.0069,187.341163,1.0454,8
100,549559900,50,36.740459861165,127.122920461057,51.669922759756,0.0077,0.0069,329.943453,1.0454,8
101,549559950,50,36.740459856314,127.122920465225,51.669760322198,0.0077,0.0069,145.336454,1.0454,8
102,549560000,50,36.740459863780,127.122920473295,51.670066332445,0.0077,0.0069,41.017194,1.0454,8
103,549560050,50,36.740459846907,127.122920454373,51.674458754249,0.0077,0.0069,222.067218,1.0454,8
104,549560100,50,36.740459860663,127.122920471364,51.670704516582,0.0077,0.0069,44.829900,1.0454,8
105,549560150,50,36.740459864601,127.122920463323,51.669917033054,0.0077,0.0069,301.320343,1.0454,8
106,549560200,50,36.740459851038,127.122920463879,51.673134010285,0.0077,0.0069,178.111326,1.0454,8
107,549560250,50,36.740459860353,127.122920472309,51.671935033984,0.0077,0.0069,36.070087,1.0454,8
108,549560300,50,36.740459864233,127.122920481417,51.669169048779,0.0077,0.0069,62.101434,1.0454,8
109,549560350,50,36.740459843124,127.122920460717,51.669817708433,0.0077,0.0069,218.280654,1.0454,8
110,549560400,50,36.740459867513,127.122920454280,51.673261513934,0.0077,0.0069,348.008119,1.0454,8
111,549560450,50,36.740459852682,127.122920469344,51.673959203996,0.0077,0.0069,140.735601,1.0454,8
112,549560500,50,36.740459857884,127.122920480633,51.672910745256,0.0077,0.0069,60.206997,1.0454,8
113,549560550,50,36.740459864236,127.122920473663,51.667251355015,0.0077,0.0069,318.553236,1.0454,8
114,549560600,50,36.740459840210,127.122920457344,51.677670367993,0.0077,0.0069,208.663326,1.0454,8
115,549560650,50,36.740459851711,127.122920456956,51.669527427293,0.0078,0.0069,358.444015,1.0454,8
116,549560700,50,36.740459852876,127.122920491231,51.674797720276,0.0078,0.0069,87.581720,1.0454,8
117,549560750,50,36.740459842733,127.122920457957,51.675250381231,0.0078,0.0069,249.255030,1.0454,8
118,549560800,50,36.740459846485,127.122920481483,51.670907543972,0.0077,0.0069,249.255030,1.0454,8
119,549560850,50,36.740459861049,127.122920477085,51.675055363216,0.0077,0.0069,346.337058,1.0454,8
120,549560900,50,36.740459869969,127.122920484814,51.674025968648,0.0077,0.0069,34.892311,1.0454,8
121,549560950,50,36.740459843112,127.122920467062,51.674893516116,0.0077,0.0069,208.012055,1.0454,8
122,549561000,50,36.740459853683,127.122920481550,51.672604085878,0.0077,0.0069,47.804816,1.0454,8
123,549561050,50,36.740459850590,127.122920487792,51.672383245081,0.0077,0.0069,121.621616,1.0454,8
124,549561100,50,36.740459849503,127.122920492012,51.673931330442,0.0077,0.0069,107.743443,1.0454,8
125,549561150,50,36.740459854494,127.122920482357,51.672496499494,0.0077,0.0069,302.713019,1.0454,8
126,549561200,50,36.740459847521,127.122920489551,51.677609758452,0.0077,0.0069,140.293783,1.0454,8
127,549561250,50,36.740459857078,127.122920491576,51.675436573103,0.0077,0.0069,9.674109,1.0454,8
128,549561300,50,36.740459861234,127.122920487919,51.677794430405,0.0077,0.0069,324.690917,1.0454,8
129,549561350,50,36.740459852270,127.122920507322,51.674696131609,0.0077,0.0069,119.856200,1.0454,8
130,549561400,50,36.740459857449,127.122920482177,51.673240181990,0.0077,0.0069,284.353081,1.0454,8
131,549561450,50,36.740459842163,127.122920472816,51.674514201470,0.0078,0.0069,206.236815,1.0454,8
132,549561500,50,36.740459858710,127.122920487264,51.675513420254,0.0078,0.0069,35.095414,1.0454,8
133,549561550,50,36.740459862437,127.122920493515,51.675116434693,0.0078,0.0069,53.472380,1.0454,8
134,549561600,50,36.740459864177,127.122920483843,51.670222949237,0.0078,0.0069,282.603089,1.0454,8
135,549561650,50,36.740459855319,127.122920474245,51.670365229249,0.0078,0.0069,221.091563,1.0454,8
136,549561700,50,36.740459859731,127.122920472927,51.671633738093,0.0078,0.0069,346.477011,1.0454,8
137,549561750,50,36.740459870321,127.122920477046,51.668908187188,0.0078,0.0069,17.383181,1.0454,8
138,549561800,50,36.740459871619,127.122920492338,51.669211961329,0.0078,0.0069,83.978896,1.0454,8
139,549561850,50,36.740459861422,127.122920486759,51.670469806530,0.0078,0.0070,203.766427,1.0454,8
140,549561900,50,36.740459865924,127.122920476250,51.667003079318,0.0078,0.0070,298.028638,1.0454,8
141,549561950,50,36.740459889461,127.122920485499,51.664563944563,0.0078,0.0070,17.549422,1.0454,8
142,549562000,50,36.740459881045,127.122920445704,51.666457468644,0.0078,0.0070,255.278440,1.0454,8
143,549562050,50,36.740459863541,127.122920444098,51.665011909790,0.0078,0.0070,184.222637,1.0454,8
144,549562100,50,36.740459916171,127.122920409552,51.653682507575,0.0077,0.0069,184.222637,1.0454,8
145,549562150,50,36.740459922091,127.122920352897,51.659299086779,0.0077,0.0069,277.397259,1.0454,8
146,549562200,50,36.740459959276,127.122920298756,51.653958567418,0.0077,0.0069,310.477508,1.0454,8
147,549562250,50,36.740459978942,127.122920248045,51.654953302816,0.0077,0.0069,295.726915,1.0454,8
148,549562300,50,36.740459999678,127.122920193337,51.655597267672,0.0077,0.0069,295.217639,1.0454,8
149,549562350,50,36.740460024207,127.122920109085,51.656982211396,0.0077,0.0069,289.887284,1.0454,8
150,549562400,50,36.740460068607,127.122920028756,51.652384521440,0.0077,0.0069,304.480493,1.0454,8
151,549562450,50,36.740460114437,127.122919927918,51.652995805256,0.0078,0.0069,299.453757,1.0454,8
152,549562500,50,36.740460170454,127.122919823277,51.647496159188,0.0078,0.0069,303.629575,1.0454,8
153,549562550,50,36.740460223262,127.122919683895,51.654389020056,0.0078,0.0069,295.209003,1.0454,8
154,549562600,50,36.740460258816,127.122919541128,51.649591741152,0.0078,0.0069,287.193374,1.0454,8
155,549562650,50,36.740460299337,127.122919395949,51.661300288513,0.0077,0.0069,287.193374,1.0454,8
156,549562700,50,36.740460373597,127.122919222741,51.663090294227,0.0077,0.0069,298.044613,1.0454,8
157,549562750,50,36.740460441121,127.122918999189,51.660144385882,0.0077,0.0069,290.571394,1.0454,8
158,549562800,50,36.740460561237,127.122918766197,51.656764585525,0.0077,0.0069,302.641961,1.0454,8
159,549562850,50,36.740460657047,127.122918519176,51.653831904754,0.0077,0.0069,295.730334,1.0454,8
160,549562900,50,36.740460754189,127.122918240293,51.653333343565,0.0077,0.0069,293.402947,1.0454,8
161,549562950,50,36.740460864370,127.122917932737,51.659951998852,0.0077,0.0069,293.995003,1.0454,8
162,549563000,50,36.740461009302,127.122917591709,51.654296902008,0.0077,0.0069,297.836415,1.0454,8
163,549563050,50,36.740461153325,127.122917233202,51.658607835881,0.0077,0.0069,296.526145,1.0454,8
164,549563100,50,36.740461292118,127.122916855965,51.661068782210,0.0077,0.0069,294.567389,1.0454,8
165,549563150,50,36.740461484316,127.122916445829,51.651989524253,0.0077,0.0069,300.210797,1.0454,8
166,549563200,50,36.740461634314,127.122916008533,51.654624800198,0.0077,0.0069,293.083478,1.0454,8
167,549563250,50,36.740461796299,127.122915545698,51.658328293823,0.0077,0.0069,293.502272,1.0454,8
168,549563300,50,36.740461989082,127.122915060867,51.656350465491,0.0077,0.0069,296.292100,1.0454,8
169,549563350,50,36.740462214057,127.122914515821,51.652064154856,0.0078,0.0069,297.151648,1.0454,8
170,549563400,50,36.740462449177,127.122913961700,51.657288774848,0.0078,0.0069,297.798719,1.0454,8
171,549563450,50,36.740462665497,127.122913346550,51.662333284505,0.0078,0.0069,293.602181,1.0454,8
172,549563500,50,36.740462879478,127.122912706137,51.658279738389,0.0078,0.0070,292.546307,1.0454,8
173,549563550,50,36.740463160452,127.122912065668,51.660593380220,0.0078,0.0070,298.594401,1.0454,8
174,549563600,50,36.740463416721,127.122911370313,51.655905856751,0.0078,0.0070,294.603990,1.0454,8
175,549563650,50,36.740463718883,127.122910633673,51.658780822530,0.0077,0.0069,294.603989,1.0454,8
176,549563700,50,36.740464011982,127.122909871633,51.661211638711,0.0077,0.0069,295.543098,1.0454,8
177,549563750,50,36.740464312277,127.122909058020,51.663163226098,0.0077,0.0069,294.636028,1.0454,8
178,549563800,50,36.740464672869,127.122908260826,51.659732653759,0.0077,0.0069,299.336934,1.0454,8
179,549563850,50,36.740464990765,127.122907301277,51.653490870260,0.0077,0.0069,292.374087,1.0454,8
180,549563900,50,36.740465351239,127.122906455432,51.659929615445,0.0077,0.0069,297.902180,1.0454,8
181,549563950,50,36.740465730899,127.122905499301,51.658682123758,0.0077,0.0069,296.260626,1.0454,8
182,549564000,50,36.740466120625,127.122904512652,51.653661346994,0.0077,0.0069,296.141428,1.0454,8
183,549564050,50,36.740466497123,127.122903472107,51.655712102540,0.0077,0.0069,294.207509,1.0454,8
184,549564100,50,36.740466942568,127.122902430025,51.661277462728,0.0078,0.0070,297.973654,1.0454,8
185,549564150,50,36.740467363233,127.122901316399,51.658315474167,0.0078,0.0070,295.143051,1.0454,8
186,549564200,50,36.740467827146,127.122900174674,51.661078647710,0.0078,0.0070,296.787614,1.0454,8
187,549564250,50,36.740468303955,127.122899026479,51.656629402190,0.0078,0.0070,297.292636,1.0454,8
188,549564300,50,36.740468772039,127.122897856461,51.649871370755,0.0078,0.0070,296.431395,1.0454,8
189,549564350,50,36.740469210368,127.122896600506,51.653599924408,0.0078,0.0070,293.443321,1.0454,8
190,549564400,50,36.740469735801,127.122894028061,51.665140129626,0.0078,0.0070,297.910435,1.0454,8
191,549564450,50,36.740470223402,127.122894028061,51.665140129626,0.0078,0.0070,294.329757,1.0454,8
192,549564500,50,36.740470737174,127.122892723482,51.651757830754,0.0078,0.0070,296.073814,1.0454,8
193,549564550,50,36.740471301925,127.122891385522,51.655590525828,0.0078,0.0070,297.675336,1.0454,8
194,549564600,50,36.740471839175,127.122890005353,51.653700926341,0.0077,0.0070,297.675328,1.0454,8
195,549564650,50,36.740472379208,127.122888581998,51.655019257218,0.0077,0.0070,295.240127,1.0454,8
196,549564700,50,36.740472918159,127.122887180489,51.658637342043,0.0078,0.0070,295.538851,1.0454,8
197,549564750,50,36.740473520471,127.122885748076,51.654832001776,0.0078,0.0070,297.585329,1.0454,8
198,549564800,50,36.740474100962,127.122884247752,51.660263235681,0.0078,0.0070,295.675503,1.0454,8
199,549564850,50,36.740474681345,127.122882750728,51.655044837855,0.0078,0.0070,295.720628,1.0454,8
200,549564900,50,36.740475282376,127.122881202401,51.654611140490,0.0078,0.0070,295.748942,1.0454,8
201,549564950,50,36.740475909136,127.122879667889,51.652164520696,0.0078,0.0070,296.907541,1.0454,8
202,549565000,50,36.740476513074,127.122878091181,51.651110099629,0.0078,0.0070,295.451138,1.0454,8
203,549565050,50,36.740477132022,127.122876552552,51.655938945711,0.0078,0.0070,296.557209,1.0454,8
204,549565100,50,36.740477780434,127.122874933263,51.654677777551,0.0078,0.0070,296.452135,1.0454,8
205,549565150,50,36.740478445115,127.122873315699,51.657047936693,0.0078,0.0070,297.047332,1.0454,8
206,549565200,50,36.740479076165,127.122871660118,51.649701649323,0.0078,0.0070,295.342369,1.0454,8
207,549565250,50,36.740479745603,127.122870034479,51.653573279269,0.0078,0.0070,297.097335,1.0454,8
208,549565300,50,36.740480406252,127.122868330972,51.655425130390,0.0078,0.0070,295.727889,1.0454,8
209,549565350,50,36.740481089887,127.122866614474,51.651542718522,0.0078,0.0070,296.328976,1.0454,8
210,549565400,50,36.740481746242,127.122864900296,51.658376242034,0.0078,0.0070,295.443015,1.0454,8
211,549565450,50,36.740482437464,127.122863168698,51.652502109297,0.0079,0.0070,296.380878,1.0454,8
212,549565500,50,36.740483122403,127.122861379627,51.653194244020,0.0079,0.0070,295.440033,1.0454,8
213,549565550,50,36.740483808986,127.122859592476,51.659741733223,0.0079,0.0070,295.517243,1.0454,8
214,549565600,50,36.740484547873,127.122857811558,51.656205645762,0.0079,0.0070,297.271474,1.0454,8
215,549565650,50,36.740485262462,127.122856002986,51.656795721501,0.0079,0.0070,296.147924,1.0454,8
216,549565700,50,36.740485993071,127.122854164457,51.655704348348,0.0079,0.0070,296.278305,1.0454,8
217,549565750,50,36.740486671476,127.122852332256,51.660845680162,0.0078,0.0070,296.278289,1.0454,8
218,549565800,50,36.740487439951,127.122850471450,51.659558636136,0.0078,0.0070,297.163839,1.0454,8
219,549565850,50,36.740488200455,127.122848623550,51.662809470668,0.0078,0.0070,297.083221,1.0454,8
220,549565900,50,36.740488964508,127.122846725429,51.657524428330,0.0078,0.0070,296.571948,1.0454,8
221,549565950,50,36.740489680025,127.122844828310,51.666509207338,0.0078,0.0070,295.109014,1.0454,8
222,549566000,50,36.740490465908,127.122842921131,51.666623876430,0.0078,0.0070,297.112287,1.0454,8
223,549566050,50,36.740491229639,127.122841016869,51.661401709542,0.0078,0.0070,296.488353,1.0454,8
224,549566100,50,36.740492001803,127.122839067340,51.663541500457,0.0078,0.0070,296.203227,1.0454,8
225,549566150,50,36.740492781409,127.122837146117,51.660923698917,0.0078,0.0070,296.757006,1.0454,8
226,549566200,50,36.740493547846,127.122835223395,51.658145181835,0.0078,0.0070,296.348835,1.0454,8
227,549566250,50,36.740494339489,127.122833286625,51.661826550961,0.0078,0.0070,296.924632,1.0454,8
228,549566300,50,36.740495150727,127.122831269510,51.658816896379,0.0079,0.0070,296.551812,1.0454,8
229,549566350,50,36.740495917604,127.122829278711,51.661078116857,0.0079,0.0070,295.577133,1.0454,8
230,549566400,50,36.740496733312,127.122827265630,51.666279909201,0.0079,0.0070,296.723950,1.0454,8
231,549566450,50,36.740497549572,127.122825271138,51.666981237009,0.0079,0.0070,296.953682,1.0454,8
232,549566500,50,36.740498360194,127.122823280227,51.662025297061,0.0079,0.0070,296.835003,1.0454,8
233,549566550,50,36.740499191535,127.122821268805,51.661242770031,0.0079,0.0070,297.182477,1.0454,8
234,549566600,50,36.740500046369,127.122819218740,51.667154085822,0.0079,0.0070,297.388792,1.0454,8
235,549566650,50,36.740500866746,127.122817079205,51.667204104364,0.0079,0.0070,295.474336,1.0454,8
236,549566700,50,36.740501702854,127.122815006644,51.661779982969,0.0079,0.0070,296.622406,1.0454,8
237,549566750,50,36.740502543216,127.122812919989,51.667405675165,0.0079,0.0070,296.583386,1.0454,8
238,549566800,50,36.740503419696,127.122810769010,51.664716073312,0.0079,0.0070,296.853054,1.0454,8
239,549566850,50,36.740504255029,127.122808639022,51.669329662807,0.0079,0.0070,295.979328,1.0454,8
240,549566900,50,36.740505158817,127.122806477436,51.666645571589,0.0079,0.0070,297.452401,1.0454,8
241,549566950,50,36.740506066668,127.122804272388,51.671851850115,0.0079,0.0070,297.092560,1.0454,8
242,549567000,50,36.740506956863,127.122802008090,51.665273887105,0.0078,0.0070,297.092539,1.0454,8
243,549567050,50,36.740507872096,127.122799778576,51.667029553093,0.0078,0.0070,297.024379,1.0454,8
244,549567100,50,36.740508811636,127.122797460407,51.664319943637,0.0078,0.0070,296.729066,1.0454,8
245,549567150,50,36.740509735838,127.122795178567,51.667723776773,0.0078,0.0070,296.713770,1.0454,8
246,549567200,50,36.740510710931,127.122792836964,51.665564994328,0.0078,0.0070,297.357474,1.0454,8
247,549567250,50,36.740511667978,127.122790497584,51.665754968300,0.0078,0.0070,296.944942,1.0454,8
248,549567300,50,36.740512634427,127.122788112434,51.667054298334,0.0078,0.0070,296.723418,1.0454,8
249,549567350,50,36.740513609847,127.122785681964,51.665551222861,0.0078,0.0070,296.503501,1.0454,8
250,549567400,50,36.740514618379,127.122783213705,51.665235053748,0.0078,0.0070,296.916546,1.0454,8
251,549567450,50,36.740515584583,127.122780758395,51.672826357186,0.0078,0.0070,296.056289,1.0454,8
252,549567500,50,36.740516620769,127.122778209374,51.671121777035,0.0079,0.0070,296.797714,1.0454,8
253,549567550,50,36.740517675266,127.122775670802,51.674115735106,0.0079,0.0070,297.299522,1.0454,8
254,549567600,50,36.740518733567,127.122773148956,51.665384897962,0.0078,0.0069,297.299497,1.0454,8
255,549567650,50,36.740519755476,127.122770566169,51.664085536264,0.0078,0.0070,296.179404,1.0454,8
256,549567700,50,36.740520842424,127.122767963573,51.664862341247,0.0078,0.0070,297.425866,1.0454,8
257,549567750,50,36.740521923480,127.122765341629,51.666095122695,0.0078,0.0070,297.126126,1.0454,8
258,549567800,50,36.740523028679,127.122762648535,51.664701612666,0.0078,0.0070,297.017317,1.0454,8
259,549567850,50,36.740524127006,127.122759965947,51.672544230707,0.0078,0.0070,296.963359,1.0454,8
260,549567900,50,36.740525244115,127.122757265256,51.668486259878,0.0078,0.0070,297.200965,1.0454,8
261,549567950,50,36.740526336321,127.122754484738,51.665285306051,0.0078,0.0070,296.015503,1.0454,8
262,549568000,50,36.740527480321,127.122751727066,51.663946189918,0.0078,0.0070,297.268744,1.0454,8
263,549568050,50,36.740528628062,127.122748938870,51.660714350641,0.0078,0.0070,297.088492,1.0454,8
264,549568150,50,36.740530966145,127.122743278210,51.671478504315,0.0078,0.0070,297.345348,1.0454,8
265,549568150,50,36.740530966145,127.122743278210,51.671478504315,0.0078,0.0070,296.992529,1.0454,8
266,549568200,50,36.740532158685,127.122740404193,51.664884395897,0.0078,0.0070,297.274154,1.0454,8
267,549568250,50,36.740533359564,127.122737493213,51.667707018554,0.0078,0.0070,297.138754,1.0454,8
268,549568300,50,36.740534571369,127.122734558438,51.675561726093,0.0078,0.0070,297.160081,1.0454,8
269,549568350,50,36.740535821010,127.122731618529,51.672215462662,0.0078,0.0070,297.840551,1.0454,8
270,549568400,50,36.740537020589,127.122728620455,51.667234345339,0.0078,0.0070,296.434305,1.0454,8
271,549568450,50,36.740538259962,127.122725631693,51.669407483190,0.0078,0.0070,297.259480,1.0454,8
272,549568500,50,36.740539496818,127.122722595738,51.668431423604,0.0078,0.0070,296.848711,1.0454,8
273,549568550,50,36.740540761356,127.122719528008,51.674091711640,0.0078,0.0070,297.120306,1.0454,8
274,549568650,50,36.740543330984,127.122713340363,51.665706335567,0.0078,0.0069,297.273535,1.0454,8
275,549568650,50,36.740543330984,127.122713340363,51.665706335567,0.0078,0.0069,297.273535,1.0454,8
276,549568700,50,36.740544602754,127.122710202582,51.670011062175,0.0078,0.0069,296.729905,1.0454,8
277,549568750,50,36.740545929027,127.122707049426,51.661826776341,0.0078,0.0069,297.592631,1.0454,8
278,549568800,50,36.740547237732,127.122703861181,51.670222105458,0.0078,0.0069,297.022718,1.0454,8
279,549568850,50,36.740548570167,127.122700651442,51.657589752227,0.0078,0.0069,297.284480,1.0454,8
280,549568900,50,36.740549914053,127.122697438472,51.668049180880,0.0078,0.0069,297.461153,1.0454,8
281,549568950,50,36.740551240136,127.122694207706,51.666447062045,0.0078,0.0070,297.021403,1.0454,8
282,549569000,50,36.740552615892,127.122690898537,51.671414621174,0.0078,0.0070,297.319246,1.0454,8
283,549569050,50,36.740553980105,127.122687603636,51.666743659414,0.0078,0.0070,297.223450,1.0454,8
284,549569100,50,36.740555363708,127.122684301316,51.667481488548,0.0078,0.0070,297.500949,1.0454,8
285,549569150,50,36.740556753413,127.122680993218,51.666381711140,0.0078,0.0070,297.563220,1.0454,8
286,549569200,50,36.740558177606,127.122677624303,51.662985356525,0.0078,0.0070,297.711500,1.0454,8
287,549569250,50,36.740559569145,127.122674243447,51.664720509201,0.0078,0.0070,297.085715,1.0454,8
288,549569300,50,36.740561015051,127.122670843405,51.662576404400,0.0078,0.0070,297.851694,1.0454,8
289,549569350,50,36.740562457739,127.122667425957,51.669700354338,0.0078,0.0070,297.678476,1.0454,8
290,549569400,50,36.740563921022,127.122663931999,51.670895114541,0.0078,0.0070,297.491139,1.0454,8
291,549569450,50,36.740565394101,127.122660456539,51.669393640012,0.0078,0.0070,297.773180,1.0454,8
292,549569500,50,36.740566883594,127.122656967109,51.665428205393,0.0078,0.0070,297.940525,1.0454,8
293,549569550,50,36.740568356747,127.122653456747,51.670591815375,0.0078,0.0070,297.539006,1.0454,8
294,549569600,50,36.740569874084,127.122649893135,51.669889403507,0.0078,0.0069,297.538970,1.0454,8
295,549569650,50,36.740571363363,127.122646319145,51.670237693004,0.0078,0.0069,297.373086,1.0454,8
296,549569700,50,36.740572888190,127.122642720797,51.666166509502,0.0078,0.0069,297.767926,1.0454,8
297,549569750,50,36.740574441892,127.122639080567,51.666621947661,0.0078,0.0069,297.938034,1.0454,8
298,549569800,50,36.740575988041,127.122635427920,51.662741967477,0.0078,0.0069,297.742184,1.0454,8
299,549569850,50,36.740577520108,127.122631773568,51.666328984313,0.0078,0.0069,297.515797,1.0454,8
300,549569900,50,36.740579112987,127.122628085178,51.671875935048,0.0078,0.0069,298.217840,1.0454,8
301,549569950,50,36.740580702738,127.122624346117,51.674538269639,0.0078,0.0069,297.846838,1.0454,8
302,549570000,50,36.740582301895,127.122620615853,51.666918178089,0.0078,0.0069,298.042614,1.0454,8
303,549570050,50,36.740583894261,127.122616835799,51.668945895508,0.0078,0.0070,297.628271,1.0454,8
304,549570100,50,36.740585525841,127.122613071227,51.671540282667,0.0078,0.0070,298.302959,1.0454,8
305,549570150,50,36.740587128795,127.122609252859,51.672964017838,0.0078,0.0070,297.546962,1.0454,8
306,549570200,50,36.740588756487,127.122605448504,51.671825006604,0.0078,0.0070,297.995570,1.0454,8
307,549570250,50,36.740590428775,127.122601624333,51.671078017913,0.0078,0.0070,298.517232,1.0454,8
308,549570300,50,36.740592036569,127.122597724252,51.666989853606,0.0078,0.0070,297.122561,1.0454,8
309,549570350,50,36.740593705100,127.122593875211,51.671534295194,0.0078,0.0070,298.307877,1.0454,8
310,549570400,50,36.740595390715,127.122589988115,51.664653477259,0.0078,0.0070,298.316209,1.0454,8
311,549570450,50,36.740597062810,127.122586084232,51.669904504903,0.0078,0.0070,298.021449,1.0454,8
312,549570500,50,36.740598729184,127.122582181850,51.671242497861,0.0078,0.0070,297.949214,1.0454,8
313,549570550,50,36.740600399029,127.122578242702,51.675344100222,0.0078,0.0070,297.776481,1.0454,8
314,549570600,50,36.740602118159,127.122574323516,51.672144925222,0.0078,0.0070,298.591425,1.0454,8
315,549570650,50,36.740603794257,127.122570384269,51.665678546764,0.0078,0.0070,297.864285,1.0454,8
316,549570700,50,36.740605508889,127.122566470613,51.677061146125,0.0078,0.0070,298.562362,1.0454,8
317,549570750,50,36.740607187923,127.122562507122,51.677334754728,0.0078,0.0070,297.760597,1.0454,8
318,549570800,50,36.740608923699,127.122558526597,51.667679815553,0.0078,0.0069,297.760555,1.0454,8
319,549570850,50,36.740610635963,127.122554524612,51.669785147533,0.0078,0.0069,297.995782,1.0454,8
320,549570900,50,36.740612348103,127.122550523185,51.664098540321,0.0078,0.0069,297.997381,1.0454,8
321,549570950,50,36.740614114661,127.122546549282,51.668465659022,0.0078,0.0069,298.913963,1.0454,8
322,549571000,50,36.740615862493,127.122542513758,51.664521035738,0.0078,0.0069,298.286835,1.0454,8
323,549571100,50,36.740619374231,127.122534423101,51.669937043451,0.0078,0.0069,298.344364,1.0454,8
324,549571100,50,36.740619374231,127.122534423101,51.669937043451,0.0078,0.0069,298.344364,1.0454,8
325,549571150,50,36.740621155226,127.122530372495,51.662049844861,0.0078,0.0069,298.648540,1.0454,8
326,549571200,50,36.740622932492,127.122526298963,51.668610056862,0.0078,0.0069,298.462353,1.0454,8
327,549571250,50,36.740624697396,127.122522204257,51.668951715343,0.0078,0.0069,298.171315,1.0454,8
328,549571300,50,36.740626514666,127.122518133428,51.670549169183,0.0078,0.0069,299.016056,1.0454,8
329,549571350,50,36.740628299202,127.122514035698,51.664819147438,0.0078,0.0069,298.418211,1.0454,8
330,549571400,50,36.740630091091,127.122509964099,51.664656138979,0.0078,0.0069,298.670957,1.0454,8
331,549571450,50,36.740631881058,127.122505862695,51.670704237185,0.0078,0.0069,298.469622,1.0454,8
332,549571500,50,36.740633690237,127.122501745184,51.670587829314,0.0078,0.0069,298.632138,1.0454,8
333,549571550,50,36.740635472898,127.122497671540,51.665687175468,0.0078,0.0069,298.534541,1.0454,8
334,549571600,50,36.740637275283,127.122493582429,51.663865990937,0.0078,0.0069,298.708333,1.0454,8
335,549571650,50,36.740639105476,127.122489469357,51.661665953696,0.0078,0.0069,298.937460,1.0454,8
336,549571700,50,36.740640915967,127.122485381539,51.668562352657,0.0078,0.0069,298.824451,1.0454,8
337,549571750,50,36.740642734053,127.122481279481,51.666567902081,0.0078,0.0070,298.841602,1.0454,8
338,549571800,50,36.740644565143,127.122477159400,51.666280487552,0.0078,0.0070,298.908072,1.0454,8
339,549571850,50,36.740646391275,127.122473012414,51.669032953680,0.0078,0.0070,298.685065,1.0454,8
340,549571900,50,36.740648199082,127.122468894048,51.668878872879,0.0078,0.0070,298.608884,1.0454,8
341,549571950,50,36.740650050544,127.122464737364,51.666191093624,0.0078,0.0070,298.961917,1.0454,8
342,549572000,50,36.740651905227,127.122460650581,51.669114019722,0.0078,0.0070,299.418045,1.0454,8
343,549572050,50,36.740653758842,127.122456553575,51.673935820349,0.0078,0.0070,299.342743,1.0454,8
344,549572100,50,36.740655560494,127.122452360305,51.668417702429,0.0077,0.0069,299.342697,1.0454,8
345,549572150,50,36.740657427921,127.122448261611,51.664423312061,0.0077,0.0069,299.514620,1.0454,8
346,549572200,50,36.740659301545,127.122444160630,51.667300970294,0.0078,0.0069,299.582352,1.0454,8
347,549572250,50,36.740661159190,127.122439997917,51.673799693584,0.0078,0.0069,299.007654,1.0454,8
348,549572300,50,36.740663019182,127.122435863186,51.666137471795,0.0078,0.0069,299.202651,1.0454,8
349,549572350,50,36.740664872705,127.122431699011,51.663340013474,0.0078,0.0069,298.945201,1.0454,8
350,549572450,50,36.740668609264,127.122423404615,51.672930503264,0.0078,0.0069,299.467341,1.0454,8
351,549572450,50,36.740668609264,127.122423404615,51.672930503264,0.0078,0.0069,299.467341,1.0454,8
352,549572500,50,36.740670498478,127.122419220564,51.675803278573,0.0078,0.0069,299.293793,1.0454,8
353,549572550,50,36.740672366910,127.122415063930,51.667953243479,0.0078,0.0069,299.184216,1.0454,8
354,549572600,50,36.740674245203,127.122410909017,51.665785961784,0.0077,0.0069,299.184167,1.0454,8
355,549572650,50,36.740676114915,127.122406747687,51.677059951238,0.0077,0.0069,299.173337,1.0454,8
356,549572700,50,36.740678032313,127.122402589259,51.668850474060,0.0077,0.0069,299.808764,1.0454,8
357,549572750,50,36.740679918139,127.122398424583,51.668505070731,0.0077,0.0069,299.363412,1.0454,8
358,549572800,50,36.740681813564,127.122394237709,51.665739291348,0.0077,0.0069,299.357548,1.0454,8
359,549572850,50,36.740683683037,127.122390081606,51.668843020685,0.0077,0.0069,299.200899,1.0454,8
360,549572900,50,36.740685576165,127.122385941165,51.663612482138,0.0077,0.0069,299.601529,1.0454,8
361,549572950,50,36.740687467470,127.122381744690,51.666126593016,0.0077,0.0069,299.248345,1.0454,8
362,549573000,50,36.740689363348,127.122377577427,51.667986363173,0.0077,0.0069,299.478514,1.0454,8
363,549573050,50,36.740691277494,127.122373402982,51.659636929631,0.0077,0.0069,299.672020,1.0454,8
364,549573100,50,36.740693142159,127.122369224234,51.669084962457,0.0077,0.0069,299.005900,1.0454,8
365,549573150,50,36.740695057603,127.122365047028,51.669648826122,0.0078,0.0069,299.672443,1.0454,8
366,549573200,50,36.740696988336,127.122360846820,51.658055962995,0.0078,0.0069,299.733066,1.0454,8
367,549573250,50,36.740698875731,127.122356680402,51.672713545151,0.0078,0.0069,299.373559,1.0454,8
368,549573300,50,36.740700798777,127.122352503404,51.677236248739,0.0078,0.0069,299.771388,1.0454,8
369,549573350,50,36.740702696513,127.122348291904,51.671194168739,0.0078,0.0069,299.243992,1.0454,8
370,549573400,50,36.740704642820,127.122344106016,51.670420940034,0.0078,0.0069,300.016419,1.0454,8
371,549573450,50,36.740706562853,127.122339925988,51.667447837070,0.0078,0.0069,299.714800,1.0454,8
372,549573500,50,36.740708507448,127.122335786925,51.669856647030,0.0078,0.0069,300.274439,1.0454,8
373,549573550,50,36.740710416857,127.122331570875,51.670899813995,0.0078,0.0069,299.367560,1.0454,8
374,549573650,50,36.740714312482,127.122323215181,51.675660043024,0.0077,0.0069,299.922870,1.0454,8
375,549573650,50,36.740714312482,127.122323215181,51.675660043024,0.0077,0.0069,299.922820,1.0454,8
376,549573700,50,36.740716223676,127.122319038194,51.672065080144,0.0077,0.0069,299.619000,1.0454,8
377,549573750,50,36.740718159244,127.122314857307,51.674100780860,0.0077,0.0069,299.908858,1.0454,8
378,549573800,50,36.740720121638,127.122310678821,51.667117903940,0.0077,0.0069,300.265228,1.0454,8
379,549573850,50,36.740722045774,127.122306524576,51.678907881491,0.0077,0.0069,299.920488,1.0454,8
380,549573900,50,36.740723960815,127.122302345491,51.675121225417,0.0077,0.0069,299.656165,1.0454,8
381,549573950,50,36.740725920689,127.122298196553,51.672958220355,0.0078,0.0069,300.410397,1.0454,8
382,549574000,50,36.740727879637,127.122294036856,51.666483291425,0.0078,0.0069,300.333844,1.0454,8
383,549574050,50,36.740729844369,127.122289877670,51.663037558086,0.0078,0.0069,300.410615,1.0454,8
384,549574100,50,36.740731752078,127.122285682730,51.671130834147,0.0078,0.0069,299.468762,1.0454,8
385,549574150,50,36.740733705729,127.122281539012,51.670434178784,0.0078,0.0069,300.362358,1.0454,8
386,549574200,50,36.740735651262,127.122277403714,51.669768747874,0.0078,0.0069,300.309181,1.0454,8
387,549574250,50,36.740737603866,127.122273274318,51.666204110719,0.0078,0.0069,300.435550,1.0454,8
388,549574300,50,36.740739551406,127.122269113100,51.670702059753,0.0078,0.0069,300.179109,1.0454,8
389,549574350,50,36.740741474712,127.122264991408,51.665839640424,0.0078,0.0069,300.105032,1.0454,8
390,549574400,50,36.740743435893,127.122260862914,51.666243582964,0.0078,0.0069,300.550835,1.0454,8
391,549574450,50,36.740745394094,127.122256758007,51.662551735528,0.0078,0.0069,300.656512,1.0454,8
392,549574500,50,36.740747358253,127.122252668391,51.662069107406,0.0078,0.0069,300.826926,1.0454,8
393,549574550,50,36.740749276715,127.122248511332,51.662525821477,0.0078,0.0069,299.830683,1.0454,8
394,549574600,50,36.740751250204,127.122244448967,51.664951597340,0.0078,0.0069,301.115774,1.0454,8
395,549574650,50,36.740753202783,127.122240369732,51.670789229684,0.0077,0.0069,301.115724,1.0454,8
396,549574700,50,36.740755125635,127.122236260661,51.669759220444,0.0077,0.0069,300.175431,1.0454,8
397,549574750,50,36.740757071054,127.122232194881,51.667773778550,0.0077,0.0069,300.732648,1.0454,8
398,549574800,50,36.740759004226,127.122228113502,51.673121056519,0.0077,0.0069,300.477949,1.0454,8
399,549574850,50,36.740760956358,127.122224057402,51.676504849456,0.0077,0.0069,300.879559,1.0454,8
400,549574900,50,36.740762930739,127.122219972195,51.674684563652,0.0078,0.0069,300.985210,1.0454,8
401,549574950,50,36.740764880148,127.122215936493,51.674791919068,0.0077,0.0069,300.971652,1.0454,8
402,549575000,50,36.740766815927,127.122211854556,51.680410875939,0.0078,0.0069,300.508296,1.0454,8
403,549575050,50,36.740768789988,127.122207775713,51.678945654072,0.0078,0.0069,301.020558,1.0454,8
404,549575100,50,36.740770751391,127.122203707283,51.674318628386,0.0078,0.0069,300.922557,1.0454,8
405,549575150,50,36.740772697196,127.122199681559,51.680625695735,0.0078,0.0069,300.987463,1.0454,8
406,549575200,50,36.740774642277,127.122195628006,51.684372969903,0.0078,0.0069,300.804156,1.0454,8
407,549575250,50,36.740776584222,127.122191609872,51.677727119997,0.0078,0.0069,300.984971,1.0454,8
408,549575300,50,36.740778508261,127.122187583127,51.683761092834,0.0078,0.0069,300.697383,1.0454,8
409,549575350,50,36.740780459197,127.122183538950,51.687751877122,0.0078,0.0069,300.938435,1.0454,8
410,549575400,50,36.740782418198,127.122179525101,51.680553809740,0.0078,0.0069,301.233667,1.0454,8
411,549575450,50,36.740784343819,127.122175544630,51.679982287809,0.0078,0.0069,301.009677,1.0454,8
412,549575500,50,36.740786297099,127.122171570571,51.683008334599,0.0078,0.0069,301.412748,1.0454,8
413,549575550,50,36.740788222953,127.122167560302,51.681711823680,0.0078,0.0069,300.824379,1.0454,8
414,549575600,50,36.740790174677,127.122163590262,51.679435891099,0.0078,0.0069,301.418227,1.0454,8
415,549575650,50,36.740792101513,127.122159571475,51.679795240052,0.0078,0.0069,300.783749,1.0454,8
416,549575700,50,36.740794041780,127.122155626103,51.678449055180,0.0078,0.0069,301.427049,1.0454,8
417,549575750,50,36.740795990215,127.122151660028,51.688223113306,0.0077,0.0069,301.427000,1.0454,8
418,549575800,50,36.740797917785,127.122147711310,51.685953148641,0.0077,0.0069,301.238343,1.0454,8
419,549575900,50,36.740801797564,127.122139810876,51.681833437644,0.0077,0.0069,301.576352,1.0454,8
420,549575900,50,36.740801797564,127.122139810876,51.681833437644,0.0077,0.0069,301.576352,1.0454,8
421,549575950,50,36.740803733790,127.122135921953,51.688806459308,0.0077,0.0069,301.742108,1.0454,8
422,549576000,50,36.740805675204,127.122131949795,51.686881112866,0.0077,0.0069,301.269816,1.0454,8
423,549576050,50,36.740807620582,127.122128016763,51.687561674975,0.0077,0.0069,301.574130,1.0454,8
424,549576100,50,36.740809579618,127.122124081679,51.684730774723,0.0077,0.0069,301.739862,1.0454,8
425,549576150,50,36.740811514835,127.122120165300,51.689493210986,0.0077,0.0069,301.548742,1.0454,8
426,549576200,50,36.740813453401,127.122116240429,51.688266083598,0.0077,0.0069,301.537592,1.0454,8
427,549576250,50,36.740815410375,127.122112345237,51.688077067956,0.0077,0.0069,301.974520,1.0454,8
428,549576300,50,36.740817351739,127.122108462048,51.690806427971,0.0078,0.0069,301.848000,1.0454,8
429,549576350,50,36.740819254527,127.122104543511,51.693171329796,0.0078,0.0069,301.104706,1.0454,8
430,549576400,50,36.740821175617,127.122100659807,51.687151785940,0.0078,0.0069,301.575630,1.0454,8
431,549576450,50,36.740823159561,127.122096794222,51.689223117195,0.0078,0.0069,302.525745,1.0454,8
432,549576500,50,36.740825088446,127.122092900712,51.688135937788,0.0078,0.0069,301.614692,1.0454,8
433,549576550,50,36.740827050337,127.122089015492,51.695178100839,0.0078,0.0069,302.105253,1.0454,8
434,549576600,50,36.740828924573,127.122085091334,51.686404369771,0.0078,0.0069,300.686868,1.0454,8
435,549576650,50,36.740830750059,127.122081121012,51.689613024704,0.0078,0.0069,299.738890,1.0454,8
436,549576700,50,36.740832561605,127.122077189088,51.691344613209,0.0078,0.0069,299.789591,1.0454,8
437,549576750,50,36.740834398540,127.122073322425,51.695169284940,0.0078,0.0069,300.552695,1.0454,8
438,549576800,50,36.740836325993,127.122069480598,51.693526256830,0.0078,0.0069,301.938414,1.0454,8
439,549576850,50,36.740838247144,127.122065601335,51.685151719488,0.0078,0.0070,301.605724,1.0454,8
440,549576900,50,36.740840127610,127.122061766035,51.684445430525,0.0079,0.0070,301.350384,1.0454,8
441,549576950,50,36.740842012660,127.122057914351,51.689118890092,0.0079,0.0070,301.303855,1.0454,8
442,549577000,50,36.740843951024,127.122054118311,51.692371942103,0.0079,0.0070,302.393762,1.0454,8
443,549577050,50,36.740845956302,127.122050336481,51.683329772204,0.0079,0.0070,303.378293,1.0454,8
444,549577100,50,36.740847897157,127.122046546764,51.686363904737,0.0079,0.0070,302.470305,1.0454,8
445,549577150,50,36.740849765605,127.122042756699,51.689310017042,0.0079,0.0070,301.489390,1.0454,8
446,549577200,50,36.740851666290,127.122038908124,51.691598078236,0.0078,0.0069,301.489296,1.0454,8
447,549577250,50,36.740853610647,127.122035133197,51.682558351196,0.0078,0.0069,302.618657,1.0454,8
448,549577300,50,36.740855620097,127.122031425608,51.690904183313,0.0078,0.0069,303.957264,1.0454,8
449,549577350,50,36.740857576694,127.122027690813,51.682434614748,0.0079,0.0070,303.061498,1.0454,8
450,549577400,50,36.740859507973,127.122023922377,51.685361735523,0.0079,0.0070,302.488013,1.0454,8
451,549577450,50,36.740861408047,127.122020205883,51.690691214055,0.0079,0.0070,302.425490,1.0454,8
452,549577500,50,36.740863428715,127.122016521846,51.691887771711,0.0079,0.0070,304.274939,1.0454,8
453,549577550,50,36.740865457300,127.122012868797,51.688443000428,0.0079,0.0070,304.605161,1.0454,8
454,549577600,50,36.740867466252,127.122009250433,51.695068184286,0.0078,0.0069,304.605161,1.0454,8
455,549577650,50,36.740869406990,127.122005516940,51.696470189840,0.0078,0.0069,302.857787,1.0454,8
456,549577700,50,36.740871378371,127.122001847180,51.694967502728,0.0078,0.0069,303.722187,1.0454,8
457,549577750,50,36.740873354739,127.121998211443,51.698757757433,0.0079,0.0070,304.036162,1.0454,8
458,549577800,50,36.740875428537,127.121994586003,51.697595048696,0.0079,0.0070,305.402822,1.0454,8
459,549577850,50,36.740877481656,127.121990994148,51.694307082333,0.0079,0.0070,305.383506,1.0454,8
460,549577900,50,36.740879485116,127.121987369494,51.700273868628,0.0079,0.0070,304.480486,1.0454,8
461,549577950,50,36.740881483740,127.121983744116,51.700859962031,0.0079,0.0070,304.410572,1.0454,8
462,549578000,50,36.740883536805,127.121980185992,51.706383661367,0.0079,0.0070,305.638397,1.0454,8
463,549578050,50,36.740885628096,127.121976656447,51.701768764295,0.0079,0.0070,306.360719,1.0454,8
464,549578100,50,36.740887677192,127.121973120250,51.710204668343,0.0079,0.0070,305.753693,1.0454,8
465,549578150,50,36.740889681335,127.121969544375,51.704760141671,0.0079,0.0070,304.852813,1.0454,8
466,549578200,50,36.740891704450,127.121965976373,51.705551703461,0.0079,0.0070,305.165828,1.0454,8
467,549578250,50,36.740893790589,127.121962459839,51.706644978374,0.0079,0.0070,306.394294,1.0454,8
468,549578300,50,36.740895910354,127.121958955793,51.704116928391,0.0079,0.0070,306.930734,1.0454,8
469,549578350,50,36.740898013250,127.121955468579,51.707387877628,0.0079,0.0070,306.843421,1.0454,8
470,549578400,50,36.740900088992,127.121951914009,51.704411320388,0.0079,0.0070,305.964191,1.0454,8
471,549578450,50,36.740902140153,127.121948434795,51.717174347490,0.0080,0.0070,306.223707,1.0454,8
472,549578500,50,36.740904235558,127.121944905664,51.707919274457,0.0080,0.0070,306.417740,1.0454,8
473,549578550,50,36.740906379456,127.121941472178,51.711539697833,0.0080,0.0070,307.805782,1.0454,8
474,549578600,50,36.740908499949,127.121938029701,51.711729330942,0.0079,0.0070,307.805738,1.0454,8
475,549578650,50,36.740910601017,127.121934557556,51.713959837332,0.0079,0.0070,306.938583,1.0454,8
476,549578700,50,36.740912701549,127.121931080270,51.716556427069,0.0079,0.0070,306.890871,1.0454,8
477,549578750,50,36.740914842730,127.121927653369,51.713201653212,0.0079,0.0070,307.823821,1.0454,8
478,549578800,50,36.740917026711,127.121924244526,51.720989175141,0.0079,0.0070,308.521867,1.0454,8
479,549578850,50,36.740919196737,127.121920816105,51.714116117917,0.0079,0.0070,308.183488,1.0454,8
480,549578900,50,36.740921308605,127.121917383045,51.716922032647,0.0079,0.0070,307.392294,1.0454,8
481,549578950,50,36.740923458277,127.121913916534,51.722535713576,0.0079,0.0070,307.614929,1.0454,8
482,549579000,50,36.740925637291,127.121910531475,51.717564937659,0.0079,0.0070,308.653854,1.0454,8
483,549579050,50,36.740927845566,127.121907195489,51.725603917614,0.0079,0.0070,309.437086,1.0454,8
484,549579100,50,36.740930044715,127.121903799323,51.720621985383,0.0079,0.0070,308.819478,1.0454,8
485,549579150,50,36.740932244071,127.121900408821,51.722680639476,0.0079,0.0070,308.868826,1.0454,8
486,549579200,50,36.740934437118,127.121897028192,51.723721961491,0.0079,0.0070,308.870058,1.0454,8
487,549579250,50,36.740936671916,127.121893627631,51.718705954030,0.0079,0.0070,309.233932,1.0454,8
488,549579300,50,36.740938918482,127.121890326443,51.724894292653,0.0079,0.0070,310.217074,1.0454,8
489,549579350,50,36.740941182383,127.121886998674,51.722009411082,0.0079,0.0070,310.207666,1.0454,8
490,549579400,50,36.740943396704,127.121883628511,51.724568238482,0.0079,0.0070,309.227603,1.0454,8
491,549579450,50,36.740945644766,127.121880216502,51.727988993749,0.0079,0.0070,309.305722,1.0454,8
492,549579500,50,36.740947914960,127.121876905483,51.727551869117,0.0079,0.0070,310.428777,1.0454,8
493,549579550,50,36.740950263384,127.121873589660,51.724922965281,0.0079,0.0070,311.348207,1.0454,8
494,549579600,50,36.740952614056,127.121870235798,51.731784960255,0.0078,0.0069,311.348165,1.0454,8
495,549579650,50,36.740954938705,127.121866872549,51.731198207475,0.0078,0.0069,310.656633,1.0454,8
496,549579700,50,36.740957246631,127.121863494155,51.729911549017,0.0078,0.0069,310.325242,1.0454,8
497,549579750,50,36.740959573261,127.121860118364,51.738078820519,0.0078,0.0069,310.575368,1.0454,8
498,549579800,50,36.740961978962,127.121856843142,51.735024559312,0.0078,0.0069,312.385166,1.0454,8
499,549579850,50,36.740964337681,127.121853488641,51.741639629006,0.0078,0.0069,311.143041,1.0454,8
500,549579900,50,36.740966692528,127.121850112711,51.737397480756,0.0078,0.0069,310.915743,1.0454,8
501,549579950,50,36.740969055791,127.121846736406,51.740598949604,0.0078,0.0069,311.013807,1.0454,8
502,549580000,50,36.740971435918,127.121843436361,51.743173405528,0.0078,0.0069,311.865336,1.0454,8
503,549580050,50,36.740973894150,127.121840117604,51.747312680818,0.0078,0.0069,312.624808,1.0454,8
504,549580100,50,36.740976374090,127.121836828304,51.743212733418,0.0078,0.0069,313.130687,1.0454,8
505,549580150,50,36.740978773245,127.121833460739,51.750488678925,0.0078,0.0069,311.515580,1.0454,8
506,549580200,50,36.740981174840,127.121830076639,51.746718930081,0.0078,0.0069,311.405234,1.0454,8
507,549580250,50,36.740983671084,127.121826741463,51.751299981028,0.0078,0.0070,312.922139,1.0454,8
508,549580300,50,36.740986173226,127.121823408703,51.754099047743,0.0078,0.0070,313.010285,1.0454,8
509,549580350,50,36.740988718277,127.121820163690,51.748463978060,0.0078,0.0070,314.260236,1.0454,8
510,549580400,50,36.740991198021,127.121816810412,51.752335327677,0.0079,0.0070,312.578153,1.0454,8
511,549580450,50,36.740993709011,127.121813425545,51.757683480158,0.0078,0.0070,312.667953,1.0454,8
512,549580500,50,36.740996245844,127.121810129592,51.754871117882,0.0079,0.0070,313.721721,1.0454,8
513,549580550,50,36.740998821423,127.121806867758,51.752348518930,0.0079,0.0070,314.453675,1.0454,8
514,549580600,50,36.741001439191,127.121803604334,51.757124857977,0.0079,0.0070,314.905154,1.0454,8
515,549580650,50,36.741003994496,127.121800286267,51.757265030406,0.0079,0.0070,313.737996,1.0454,8
516,549580700,50,36.741006546773,127.121796923556,51.760558999144,0.0079,0.0070,313.321702,1.0454,8
517,549580750,50,36.741009139788,127.121793595282,51.765215423889,0.0079,0.0070,314.069438,1.0454,8
518,549580800,50,36.741011773907,127.121790345543,51.757492107339,0.0078,0.0069,314.069398,1.0454,8
519,549580850,50,36.741014425475,127.121787014233,51.759709020145,0.0078,0.0069,314.682840,1.0454,8
520,549580900,50,36.741017027062,127.121783695319,51.762815206312,0.0078,0.0069,314.244566,1.0454,8
521,549580950,50,36.741019634483,127.121780368874,51.765177523717,0.0078,0.0070,314.243808,1.0454,8
522,549581000,50,36.741022327523,127.121777060209,51.762882934883,0.0078,0.0070,315.322832,1.0454,8
523,549581050,50,36.741025047992,127.121773797709,51.761427985504,0.0078,0.0070,316.015478,1.0454,8
