0,547744800,50,36.741943506170,127.119545306454,51.787736146711,0.0068,0.0070,50.651333,0.9502,8
1,547744850,50,36.741943511213,127.119545315453,51.784222618677,0.0068,0.0070,55.152326,0.9502,8
2,547744900,50,36.741943498849,127.119545275464,51.792146506719,0.0068,0.0070,248.984132,0.8563,9
3,547744950,50,36.741943486185,127.119545286217,51.788014080375,0.0068,0.0070,145.650506,0.8563,9
4,547745000,50,36.741943496018,127.119545295574,51.789866250940,0.0068,0.0070,37.447283,0.8563,9
5,547745050,50,36.741943492171,127.119545288706,51.789836490527,0.0068,0.0070,235.166280,0.8563,9
6,547745100,50,36.741943488019,127.119545283288,51.791667274199,0.0069,0.0070,226.402812,0.8563,9
7,547745150,50,36.741943491699,127.119545271561,51.791022254154,0.0069,0.0070,291.297937,0.8563,9
8,547745200,50,36.741943494925,127.119545263820,51.792344766669,0.0069,0.0070,297.381636,0.8563,9
9,547745250,50,36.741943473025,127.119545274176,51.788693213835,0.0069,0.0070,159.165504,0.8563,9
10,547745300,50,36.741943482736,127.119545254548,51.793393408880,0.0069,0.0070,301.583506,0.8563,9
11,547745350,50,36.741943485138,127.119545266070,51.794794500805,0.0069,0.0070,75.482135,0.8563,9
12,547745400,50,36.741943492677,127.119545274526,51.793130527250,0.0069,0.0070,42.072127,0.8563,9
13,547745450,50,36.741943483219,127.119545286813,51.792081031017,0.0069,0.0070,133.725741,0.8563,9
14,547745500,50,36.741943489053,127.119545258996,51.791239358485,0.0069,0.0070,284.607440,0.8563,9
15,547745550,50,36.741943487450,127.119545266787,51.788856568746,0.0069,0.0070,104.342430,0.8563,9
16,547745600,50,36.741943477564,127.119545269779,51.793798009865,0.0069,0.0070,166.312008,0.8563,9
17,547745650,50,36.741943488151,127.119545281219,51.789815326221,0.0069,0.0070,41.011853,0.8563,9
18,547745700,50,36.741943498642,127.119545296933,51.793625930324,0.0069,0.0070,50.323469,0.8563,9
19,547745750,50,36.741943504991,127.119545276790,51.790891935118,0.0069,0.0070,291.387309,0.8563,9
20,547745800,50,36.741943481685,127.119545273733,51.791430516168,0.0069,0.0070,186.024384,0.9504,8
21,547745850,50,36.741943498262,127.119545278101,51.790905665606,0.0068,0.0069,186.024383,0.9504,8
22,547745900,50,36.741943495591,127.119545265813,51.793871420436,0.0068,0.0069,254.883290,0.9504,8
23,547745950,50,36.741943495747,127.119545276249,51.795370686799,0.0068,0.0069,88.933253,0.9504,8
24,547746000,50,36.741943486123,127.119545290929,51.793317244388,0.0068,0.0069,129.166387,0.9504,8
25,547746050,50,36.741943496292,127.119545279039,51.790370875038,0.0068,0.0069,316.740760,0.9504,8
26,547746100,50,36.741943490910,127.119545270533,51.791393932886,0.0068,0.0069,231.825345,0.9504,8
27,547746150,50,36.741943487069,127.119545252116,51.795254245400,0.0068,0.0069,255.474721,0.9504,8
28,547746200,50,36.741943484291,127.119545277483,51.798894886859,0.0068,0.0069,97.750128,0.9504,8
29,547746250,50,36.741943475456,127.119545284832,51.792945254594,0.0068,0.0069,146.201248,0.9504,8
30,547746300,50,36.741943495614,127.119545278707,51.795609588735,0.0068,0.0070,346.258569,0.9504,8
31,547746350,50,36.741943476739,127.119545295260,51.794925894588,0.0068,0.0070,144.786198,0.9504,8
32,547746400,50,36.741943472940,127.119545306497,51.796090571210,0.0069,0.0070,112.781516,0.9504,8
33,547746450,50,36.741943475337,127.119545331886,51.800526209176,0.0069,0.0070,83.310183,0.9504,8
34,547746500,50,36.741943438329,127.119545363212,51.796625842340,0.0069,0.0070,145.735129,0.9504,8
35,547746550,50,36.741943452701,127.119545427519,51.798030501232,0.0069,0.0070,74.479770,0.9504,8
36,547746600,50,36.741943413732,127.119545465352,51.792734350078,0.0069,0.0070,141.998182,0.9504,8
37,547746650,50,36.741943412407,127.119545545715,51.801436934620,0.0069,0.0070,91.173215,0.9504,8
38,547746700,50,36.741943368523,127.119545624744,51.795533273369,0.0069,0.0070,124.605118,0.9504,8
39,547746750,50,36.741943322051,127.119545703961,51.797102011740,0.0069,0.0070,126.088952,0.9504,8
40,547746800,50,36.741943288872,127.119545815580,51.800387937576,0.0069,0.0070,110.271452,0.9504,8
41,547746850,50,36.741943238372,127.119545890920,51.793155419640,0.0069,0.0070,129.789491,0.9504,8
42,547746900,50,36.741943214755,127.119546003548,51.797294687480,0.0069,0.0070,104.604078,0.9504,8
43,547746950,50,36.741943159227,127.119546099332,51.797863725573,0.0069,0.0070,125.765804,0.9504,8
44,547747000,50,36.741943091933,127.119546216911,51.792930931784,0.0069,0.0070,125.418440,0.9504,8
45,547747050,50,36.741943107310,127.119546337791,51.798516646028,0.0069,0.0069,125.418440,0.9504,8
46,547747100,50,36.741943030553,127.119546462490,51.793600273319,0.0069,0.0069,127.409876,0.9504,8
47,547747150,50,36.741942964010,127.119546588832,51.796156939119,0.0069,0.0070,123.201613,0.9504,8
48,547747200,50,36.741942945922,127.119546723588,51.800547097810,0.0069,0.0070,99.469102,0.9504,8
49,547747250,50,36.741942880157,127.119546856540,51.801092226058,0.0069,0.0070,121.575877,0.8564,9
50,547747300,50,36.741942865641,127.119547022874,51.802552793175,0.0069,0.0070,96.188584,0.8564,9
51,547747350,50,36.741942798052,127.119547137210,51.804802018218,0.0069,0.0070,126.297839,0.8564,9
52,547747400,50,36.741942748002,127.119547297655,51.802126158029,0.0069,0.0070,111.186596,0.8564,9
53,547747450,50,36.741942696113,127.119547410145,51.797772021033,0.0069,0.0070,119.819398,0.8564,9
54,547747500,50,36.741942655688,127.119547549083,51.798647612333,0.0069,0.0070,109.876010,0.8564,9
55,547747550,50,36.741942609930,127.119547693125,51.798212998547,0.0069,0.0070,111.539970,0.8564,9
56,547747600,50,36.741942552954,127.119547806453,51.793754124083,0.0069,0.0070,121.992597,0.8564,9
57,547747650,50,36.741942530646,127.119547933631,51.797609726898,0.0068,0.0070,121.992597,0.8564,9
58,547747700,50,36.741942477721,127.119548051548,51.794924105518,0.0068,0.0070,119.147682,0.8564,9
59,547747750,50,36.741942441541,127.119548189268,51.795748600736,0.0068,0.0070,108.077921,0.8564,9
60,547747800,50,36.741942376676,127.119548269042,51.793797679245,0.0068,0.0070,135.294144,0.8564,9
61,547747850,50,36.741942352618,127.119548371680,51.794113286771,0.0069,0.0070,106.238385,0.8564,9
62,547747900,50,36.741942326103,127.119548474615,51.793284204789,0.0069,0.0070,107.747758,0.8564,9
63,547747950,50,36.741942293832,127.119548545457,51.798574483953,0.0069,0.0070,119.510709,0.8564,9
64,547748000,50,36.741942254396,127.119548629127,51.798242540099,0.0069,0.0070,120.355153,0.8564,9
65,547748050,50,36.741942220213,127.119548707898,51.798242611811,0.0069,0.0070,118.333282,0.8564,9
66,547748100,50,36.741942198456,127.119548784880,51.795517045073,0.0069,0.0070,109.349924,0.8564,9
67,547748150,50,36.741942189194,127.119548857944,51.799371280707,0.0069,0.0070,98.951306,0.8564,9
68,547748200,50,36.741942155860,127.119548918854,51.797783822753,0.0069,0.0070,124.215747,0.8564,9
69,547748250,50,36.741942149266,127.119548997039,51.795327712782,0.0069,0.0070,95.982178,0.8564,9
70,547748300,50,36.741942137886,127.119549062833,51.794753853232,0.0069,0.0070,102.129251,0.8564,9
71,547748350,50,36.741942089876,127.119549091131,51.794156630524,0.0069,0.0070,154.621910,0.8564,9
72,547748400,50,36.741942073379,127.119549190451,51.794050612487,0.0069,0.0070,101.661223,0.8564,9
73,547748450,50,36.741942049041,127.119549276432,51.795104829594,0.0069,0.0070,109.377608,0.8564,9
74,547748500,50,36.741942012477,127.119549380600,51.792892450467,0.0069,0.0070,113.564199,0.8564,9
75,547748550,50,36.741941966870,127.119549478773,51.797255088575,0.0069,0.0070,119.995133,0.8564,9
76,547748600,50,36.741941917275,127.119549607101,51.794634688646,0.0069,0.0070,115.650272,0.8564,9
77,547748650,50,36.741941878781,127.119549731499,51.790204531513,0.0068,0.0070,115.650273,0.8564,9
78,547748700,50,36.741941788929,127.119549836851,51.789604051970,0.0068,0.0070,136.660876,0.8564,9
79,547748750,50,36.741941741320,127.119549997741,51.790323567577,0.0068,0.0070,110.187561,0.8564,9
80,547748800,50,36.741941680010,127.119550141933,51.793036025017,0.0068,0.0070,117.848346,0.8564,9
81,547748850,50,36.741941609417,127.119550301872,51.791636501439,0.0068,0.0070,118.741507,0.8564,9
82,547748900,50,36.741941537791,127.119550485050,51.788551708683,0.0068,0.0070,115.913222,0.8564,9
83,547748950,50,36.741941461506,127.119550678225,51.794213402085,0.0068,0.0070,116.135962,0.8564,9
84,547749000,50,36.741941385531,127.119550881433,51.797590330243,0.0068,0.0070,114.917664,0.8564,9
85,547749050,50,36.741941314686,127.119551101881,51.795538225211,0.0068,0.0070,111.767438,0.8564,9
86,547749100,50,36.741941247494,127.119551303184,51.796217418276,0.0068,0.0070,112.525556,0.8564,9
87,547749150,50,36.741941183389,127.119551413047,51.790377851576,0.0068,0.0070,125.942918,0.8564,9
88,547749200,50,36.741941154922,127.119551519352,51.789345216006,0.0068,0.0070,108.403810,0.8564,9
89,547749250,50,36.741941148124,127.119551622435,51.788248958997,0.0068,0.0070,94.684542,0.8564,9
90,547749300,50,36.741941121047,127.119551622136,51.789765468799,0.0068,0.0070,180.509391,0.8564,9
91,547749350,50,36.741941110224,127.119551632489,51.790412196890,0.0068,0.0070,142.406908,0.8564,9
92,547749400,50,36.741941119762,127.119551649719,51.790086278692,0.0068,0.0070,55.477148,0.8564,9
93,547749450,50,36.741941128418,127.119551611826,51.790138163604,0.0069,0.0070,285.845500,0.8564,9
94,547749500,50,36.741941127761,127.119551587829,51.792543306947,0.0069,0.0070,268.050231,0.8564,9
95,547749550,50,36.741941127037,127.119551563055,51.792142380960,0.0069,0.0070,267.920975,0.8564,9
96,547749600,50,36.741941156983,127.119551563062,51.792536596768,0.0069,0.0070,0.009618,0.8564,9
97,547749650,50,36.741941173709,127.119551570906,51.794717782177,0.0068,0.0069,0.009619,0.8564,9
98,547749700,50,36.741941166493,127.119551557751,51.795606564730,0.0068,0.0069,235.722181,0.8564,9
99,547749750,50,36.741941154690,127.119551539846,51.795709687285,0.0068,0.0069,230.679540,0.8564,9
100,547749800,50,36.741941176719,127.119551580330,51.793632029556,0.0068,0.0070,55.936260,0.8564,9
101,547749850,50,36.741941163990,127.119551564607,51.795665832236,0.0068,0.0070,224.831368,0.8564,9
102,547749900,50,36.741941181416,127.119551567980,51.795243948698,0.0068,0.0070,8.856281,0.8564,9
103,547749950,50,36.741941170027,127.119551579548,51.793317582458,0.0068,0.0070,140.736037,0.8564,9
104,547750000,50,36.741941182175,127.119551557543,51.798994837329,0.0068,0.0070,304.446851,0.8564,9
105,547750050,50,36.741941180791,127.119551580310,51.795798923820,0.0068,0.0070,94.316920,0.8564,9
106,547750100,50,36.741941181544,127.119551583331,51.788524507545,0.0068,0.0070,72.802908,0.8564,9
107,547750150,50,36.741941167660,127.119551578953,51.789128581062,0.0069,0.0070,216.205228,0.8564,9
108,547750200,50,36.741941167660,127.119551578953,51.789128581062,0.0069,0.0070,101.315626,0.8564,9
109,547750250,50,36.741941173017,127.119551560227,51.795356410556,0.0069,0.0070,289.569932,0.8564,9
110,547750300,50,36.741941173129,127.119551580823,51.793792209588,0.0069,0.0070,89.613458,0.8564,9
111,547750350,50,36.741941156869,127.119551561591,51.794108483009,0.0069,0.0070,223.588961,0.8564,9
112,547750400,50,36.741941170868,127.119551580694,51.797382537276,0.0069,0.0070,47.681239,0.8564,9
113,547750450,50,36.741941174666,127.119551590520,51.794437346980,0.0069,0.0070,64.344795,0.8564,9
114,547750500,50,36.741941176992,127.119551599412,51.792496130802,0.0069,0.0070,71.993161,0.8564,9
115,547750550,50,36.741941186640,127.119551603066,51.796424763277,0.0069,0.0070,16.949947,0.8564,9
116,547750600,50,36.741941175573,127.119551607383,51.793353935704,0.0069,0.0070,162.567165,0.8564,9
117,547750650,50,36.741941169366,127.119551581179,51.797577423044,0.0069,0.0070,253.599910,0.8564,9
118,547750700,50,36.741941160207,127.119551576244,51.796349382959,0.0069,0.0070,203.444147,0.8564,9
119,547750750,50,36.741941163775,127.119551594393,51.793175058439,0.0069,0.0070,76.272075,0.8564,9
120,547750800,50,36.741941176305,127.119551585512,51.796060603112,0.0069,0.0070,330.295476,0.8564,9
121,547750850,50,36.741941168038,127.119551592432,51.792869779281,0.0068,0.0070,330.295473,0.8564,9
122,547750900,50,36.741941166017,127.119551581078,51.789894452319,0.0068,0.0070,257.528233,0.8564,9
123,547750950,50,36.741941170679,127.119551555742,51.794566446915,0.0068,0.0070,282.877365,0.8564,9
124,547751000,50,36.741941157037,127.119551578677,51.791371179745,0.0068,0.0070,126.465593,0.8564,9
125,547751050,50,36.741941170530,127.119551575908,51.789709628560,0.0068,0.0070,350.619445,0.8564,9
126,547751100,50,36.741941158327,127.119551572139,51.795367482118,0.0068,0.0070,193.959406,0.8564,9
127,547751150,50,36.741941180070,127.119551593735,51.791639985517,0.0068,0.0070,38.636669,0.8564,9
128,547751200,50,36.741941172647,127.119551582542,51.794580326416,0.0068,0.0070,230.508308,0.8564,9
129,547751250,50,36.741941164747,127.119551557479,51.793128109537,0.0068,0.0070,248.611952,0.8564,9
130,547751300,50,36.741941163893,127.119551566433,51.794736000709,0.0068,0.0070,96.756329,0.8564,9
131,547751350,50,36.741941171568,127.119551595523,51.794082110748,0.0068,0.0070,71.850141,0.8564,9
132,547751400,50,36.741941171198,127.119551577196,51.793972597457,0.0068,0.0070,268.562155,0.8564,9
133,547751450,50,36.741941157643,127.119551580865,51.790639643557,0.0068,0.0070,167.711313,0.8564,9
134,547751500,50,36.741941167512,127.119551562574,51.795831281692,0.0068,0.0070,303.838719,0.8564,9
135,547751550,50,36.741941161300,127.119551556921,51.796085763723,0.0068,0.0070,216.217675,0.8564,9
136,547751600,50,36.741941171931,127.119551569452,51.798598441295,0.0068,0.0070,43.489219,0.8564,9
137,547751650,50,36.741941165417,127.119551601848,51.792008484714,0.0068,0.0070,104.027269,0.8564,9
138,547751700,50,36.741941139700,127.119551564278,51.795632760972,0.0068,0.0070,229.618275,0.8564,9
139,547751750,50,36.741941164153,127.119551588610,51.796147051267,0.0069,0.0070,38.688317,0.9507,8
140,547751800,50,36.741941163353,127.119551570860,51.794059624895,0.0069,0.0070,266.794422,0.9507,8
141,547751850,50,36.741941167443,127.119551573284,51.795070717111,0.0069,0.0070,25.493203,0.8567,9
142,547751900,50,36.741941168531,127.119551584732,51.794432730414,0.0069,0.0070,83.266156,0.8567,9
143,547751950,50,36.741941171360,127.119551576708,51.794239203446,0.0069,0.0070,293.656053,0.8567,9
144,547752000,50,36.741941172916,127.119551564685,51.796535980888,0.0069,0.0070,279.134105,0.8567,9
145,547752050,50,36.741941199552,127.119551593428,51.793370978907,0.0069,0.0070,40.973957,0.8567,9
146,547752100,50,36.741941190348,127.119551590300,51.793481284752,0.0069,0.0070,195.299813,0.8567,9
147,547752150,50,36.741941177162,127.119551556707,51.791686981916,0.0070,0.0075,195.299813,0.8567,9
148,547752200,50,36.741941183078,127.119551571648,51.791051650420,0.0070,0.0075,63.802165,0.9507,8
149,547752250,50,36.741941187820,127.119551573881,51.790746260434,0.0070,0.0075,20.761735,0.9507,8
150,547752300,50,36.741941172824,127.119551565065,51.789854810573,0.0070,0.0075,205.321645,0.9507,8
151,547752350,50,36.741941178692,127.119551556812,51.796870220453,0.0070,0.0075,311.458509,0.9507,8
152,547752400,50,36.741941169912,127.119551558896,51.795152274892,0.0070,0.0075,169.183786,0.9507,8
153,547752450,50,36.741941173711,127.119551559757,51.790324165486,0.0070,0.0075,10.341712,0.9507,8
154,547752500,50,36.741941182045,127.119551566749,51.795106718317,0.0070,0.0075,34.026044,0.9507,8
155,547752550,50,36.741941176310,127.119551553352,51.790777348913,0.0070,0.0075,241.992367,0.9507,8
156,547752600,50,36.741941191225,127.119551578172,51.791929712519,0.0070,0.0075,53.254446,0.9507,8
157,547752650,50,36.741941183530,127.119551561179,51.788160426542,0.0068,0.0069,53.254446,0.9507,8
158,547752700,50,36.741941175346,127.119551570271,51.786937508732,0.0068,0.0069,138.201741,0.9507,8
159,547752750,50,36.741941182747,127.119551552648,51.791698413901,0.0068,0.0069,297.557434,0.9507,8
160,547752800,50,36.741941174499,127.119551550329,51.788222380914,0.0068,0.0069,192.750985,0.9507,8
161,547752850,50,36.741941181073,127.119551549243,51.787349008955,0.0068,0.0069,352.425631,0.9507,8
162,547752900,50,36.741941185557,127.119551567523,51.787283088081,0.0068,0.0069,73.050137,0.9507,8
163,547752950,50,36.741941167417,127.119551566729,51.785513218492,0.0068,0.0069,182.018567,0.9507,8
164,547753000,50,36.741941177274,127.119551567718,51.791343648918,0.0068,0.0069,4.617624,0.9507,8
165,547753050,50,36.741941169537,127.119551592529,51.785182789899,0.0068,0.0069,111.178083,0.9507,8
166,547753100,50,36.741941178437,127.119551583320,51.787173104472,0.0068,0.0069,320.213399,0.9507,8
167,547753150,50,36.741941182119,127.119551571198,51.788658767939,0.0068,0.0069,290.676541,0.9507,8
168,547753200,50,36.741941179927,127.119551580707,51.784512992017,0.0068,0.0069,105.982086,0.9507,8
169,547753250,50,36.741941197727,127.119551593224,51.785702812485,0.0068,0.0069,29.507836,0.9507,8
170,547753300,50,36.741941172519,127.119551587193,51.785184912384,0.0068,0.0069,190.900277,0.9507,8
171,547753350,50,36.741941193471,127.119551586073,51.787366463803,0.0068,0.0069,357.538240,0.9507,8
172,547753400,50,36.741941197463,127.119551616274,51.782404930331,0.0068,0.0070,80.673194,0.9507,8
173,547753450,50,36.741941177127,127.119551587530,51.784870470874,0.0068,0.0070,228.681432,0.9507,8
174,547753500,50,36.741941177381,127.119551584335,51.786751975305,0.0068,0.0070,275.638176,0.9507,8
175,547753550,50,36.741941198936,127.119551594801,51.786403465085,0.0068,0.0070,21.344205,0.9507,8
176,547753600,50,36.741941182620,127.119551605236,51.781699289568,0.0068,0.0070,152.765917,0.9507,8
177,547753650,50,36.741941182771,127.119551565117,51.793566429056,0.0068,0.0069,152.765918,0.9507,8
178,547753700,50,36.741941179610,127.119551557916,51.787749400362,0.0068,0.0069,241.391729,0.9507,8
179,547753750,50,36.741941178251,127.119551571460,51.791514581069,0.0068,0.0069,97.106694,0.9507,8
180,547753800,50,36.741941178120,127.119551566580,51.791660159826,0.0068,0.0069,268.089393,0.9507,8
181,547753850,50,36.741941172749,127.119551575895,51.790742541663,0.0068,0.0069,125.616934,0.9507,8
182,547753900,50,36.741941194573,127.119551570643,51.786101835780,0.0068,0.0069,349.039051,0.9507,8
183,547753950,50,36.741941191236,127.119551587700,51.789916426875,0.0068,0.0069,103.664070,0.9507,8
184,547754000,50,36.741941187788,127.119551562813,51.791564322077,0.0068,0.0069,260.233858,0.9507,8
185,547754050,50,36.741941196001,127.119551578957,51.789825347252,0.0068,0.0069,57.704528,0.9507,8
186,547754100,50,36.741941185904,127.119551561119,51.787583278492,0.0068,0.0069,234.882624,0.9507,8
187,547754150,50,36.741941208239,127.119551593490,51.790506944992,0.0068,0.0069,49.393122,0.9507,8
188,547754200,50,36.741941204886,127.119551562687,51.794531580992,0.0068,0.0069,262.296047,0.9507,8
189,547754250,50,36.741941201786,127.119551575994,51.789390739985,0.0068,0.0069,106.142181,0.9507,8
190,547754300,50,36.741941191613,127.119551575901,51.793513730168,0.0068,0.0069,180.421363,0.9507,8
191,547754350,50,36.741941177419,127.119551560328,51.794404792599,0.0068,0.0070,221.444440,0.9507,8
192,547754400,50,36.741941174808,127.119551572286,51.793981710449,0.0068,0.0070,105.179843,0.9507,8
193,547754450,50,36.741941186077,127.119551579306,51.791527897120,0.0068,0.0070,26.625339,0.9507,8
194,547754500,50,36.741941176442,127.119551564812,51.790450084023,0.0068,0.0070,230.444987,0.9507,8
195,547754550,50,36.741941184086,127.119551561747,51.792891792953,0.0068,0.0070,342.117623,0.9507,8
196,547754600,50,36.741941194350,127.119551567372,51.791517133825,0.0068,0.0070,23.800498,0.9507,8
197,547754650,50,36.741941177852,127.119551568621,51.794885068201,0.0068,0.0069,23.800498,0.9507,8
198,547754700,50,36.741941177453,127.119551578482,51.792772871442,0.0068,0.0069,92.878177,0.9507,8
199,547754750,50,36.741941176495,127.119551575033,51.793670489453,0.0068,0.0069,250.954331,0.9507,8
200,547754800,50,36.741941156798,127.119551569835,51.796346402727,0.0068,0.0069,191.990816,0.9507,8
201,547754850,50,36.741941173769,127.119551564359,51.797406943515,0.0068,0.0069,345.444721,0.9507,8
202,547754900,50,36.741941174547,127.119551568524,51.794810255989,0.0068,0.0069,76.934629,0.9507,8
203,547754950,50,36.741941160735,127.119551562699,51.793532006443,0.0068,0.0069,198.747711,0.9507,8
204,547755000,50,36.741941161662,127.119551572295,51.792577562854,0.0068,0.0069,83.160664,0.9507,8
205,547755050,50,36.741941166436,127.119551569723,51.792577562854,0.0068,0.0069,336.557756,0.9507,8
206,547755100,50,36.741941163496,127.119551568767,51.791849055327,0.0068,0.0069,194.654885,0.9507,8
207,547755150,50,36.741941182841,127.119551584383,51.790557727218,0.0068,0.0069,33.009790,0.9507,8
208,547755200,50,36.741941195658,127.119551581151,51.794413877651,0.0068,0.0069,348.529290,0.9507,8
209,547755250,50,36.741941164027,127.119551575549,51.788849384524,0.0068,0.0069,188.112300,0.9507,8
210,547755300,50,36.741941172954,127.119551582492,51.787732520141,0.0068,0.0069,32.045703,0.9507,8
211,547755350,50,36.741941169320,127.119551576449,51.787017082796,0.0068,0.0069,233.237304,0.9507,8
212,547755400,50,36.741941168919,127.119551566652,51.793767041527,0.0068,0.0069,267.087208,0.9507,8
213,547755450,50,36.741941181829,127.119551584295,51.787441588938,0.0068,0.0069,47.724503,0.9507,8
214,547755500,50,36.741941184291,127.119551587008,51.790939766914,0.0068,0.0069,41.557555,0.9507,8
215,547755550,50,36.741941168194,127.119551552271,51.792699688114,0.0068,0.0069,240.066408,0.9507,8
216,547755600,50,36.741941183548,127.119551589410,51.788418898359,0.0068,0.0070,62.811021,0.9507,8
217,547755650,50,36.741941173323,127.119551588178,51.790413985960,0.0068,0.0070,185.537939,0.9507,8
218,547755700,50,36.741941181132,127.119551589610,51.790477764793,0.0069,0.0070,8.394756,0.9507,8
219,547755750,50,36.741941174455,127.119551579032,51.791398101486,0.0069,0.0070,231.893103,0.9507,8
220,547755800,50,36.741941173087,127.119551584024,51.789890428074,0.0069,0.0070,108.800407,0.9507,8
221,547755850,50,36.741941176505,127.119551583155,51.790483294055,0.0069,0.0070,348.436050,0.9507,8
222,547755900,50,36.741941174996,127.119551562298,51.791322539560,0.0068,0.0069,348.436050,0.9507,8
223,547755950,50,36.741941177976,127.119551577513,51.788927631453,0.0068,0.0069,76.319922,0.9507,8
224,547756000,50,36.741941177536,127.119551581449,51.789955486543,0.0068,0.0069,97.918718,0.9507,8
225,547756050,50,36.741941187499,127.119551589411,51.791791323572,0.0068,0.0069,32.747058,0.9507,8
226,547756100,50,36.741941164520,127.119551548115,51.791440837085,0.0068,0.0069,235.339781,0.9507,8
227,547756150,50,36.741941169630,127.119551558800,51.788092072122,0.0068,0.0069,59.279517,0.9507,8
228,547756200,50,36.741941178496,127.119551577596,51.792472089641,0.0068,0.0069,59.623106,0.9507,8
229,547756250,50,36.741941172467,127.119551585572,51.795473692007,0.0068,0.0069,133.209158,0.9507,8
230,547756300,50,36.741941167345,127.119551585039,51.787523549981,0.0068,0.0069,184.781587,0.9507,8
231,547756350,50,36.741941175155,127.119551576386,51.794216595590,0.0068,0.0070,318.277741,0.9507,8
232,547756400,50,36.741941176114,127.119551574501,51.793960415758,0.0068,0.0070,302.312873,0.9507,8
233,547756450,50,36.741941167262,127.119551564550,51.792576174252,0.0068,0.0070,222.134247,0.9507,8
234,547756500,50,36.741941176645,127.119551575003,51.791547356173,0.0068,0.0069,41.876791,0.9507,8
235,547756550,50,36.741941184361,127.119551588270,51.789188021794,0.0068,0.0070,54.147126,0.9507,8
236,547756600,50,36.741941164760,127.119551579385,51.791540958919,0.0068,0.0070,200.042626,0.9507,8
237,547756650,50,36.741941175342,127.119551585956,51.793489094824,0.0068,0.0070,26.555677,0.9507,8
238,547756700,50,36.741941182773,127.119551585598,51.792147377506,0.0068,0.0070,357.773932,0.9507,8
239,547756750,50,36.741941177674,127.119551572530,51.791668755002,0.0068,0.0070,244.132143,0.9507,8
240,547756800,50,36.741941178293,127.119551582658,51.793046935461,0.0068,0.0070,85.656472,0.9507,8
241,547756850,50,36.741941179331,127.119551570472,51.793585612439,0.0069,0.0070,276.040701,0.9507,8
242,547756900,50,36.741941179695,127.119551581146,51.795161214657,0.0069,0.0070,87.573837,0.9507,8
243,547756950,50,36.741941196794,127.119551569297,51.794271198101,0.0069,0.0070,330.850317,0.9507,8
244,547757000,50,36.741941164861,127.119551579681,51.791908299550,0.0068,0.0069,330.850317,0.9507,8
245,547757050,50,36.741941176217,127.119551581953,51.797664301470,0.0068,0.0069,9.149016,0.9507,8
246,547757100,50,36.741941171544,127.119551582059,51.793625981547,0.0068,0.0069,178.955162,0.9507,8
247,547757150,50,36.741941170424,127.119551591201,51.794943917543,0.0068,0.0069,98.653859,0.9507,8
248,547757200,50,36.741941168379,127.119551560001,51.793124349788,0.0068,0.0069,265.342575,0.9507,8
249,547757250,50,36.741941164511,127.119551584467,51.789733891375,0.0068,0.0069,101.113569,0.9507,8
250,547757300,50,36.741941155358,127.119551626311,51.793658027425,0.0068,0.0069,105.205614,0.9507,8
251,547757350,50,36.741941152316,127.119551624704,51.791435167193,0.0068,0.0069,203.029052,0.9507,8
252,547757400,50,36.741941143507,127.119551690955,51.785814322531,0.0068,0.0069,99.382154,0.9507,8
253,547757450,50,36.741941119048,127.119551748603,51.789328709245,0.0068,0.0069,117.797391,0.9507,8
254,547757500,50,36.741941088740,127.119551794929,51.791101931594,0.0068,0.0069,129.107640,0.9507,8
255,547757550,50,36.741941044973,127.119551902106,51.784580372274,0.0068,0.0069,116.903460,0.9507,8
256,547757600,50,36.741941006053,127.119551984606,51.786503531039,0.0068,0.0069,120.377959,0.9507,8
257,547757650,50,36.741940976878,127.119552077943,51.787387226708,0.0068,0.0069,120.377959,0.9507,8
258,547757700,50,36.741940910297,127.119552194042,51.786177741364,0.0068,0.0069,125.472981,0.9507,8
259,547757750,50,36.741940864277,127.119552317813,51.787642510608,0.0068,0.0069,114.796634,0.9507,8
260,547757800,50,36.741940812475,127.119552435552,51.795908147469,0.0068,0.0069,118.664544,0.9507,8
261,547757850,50,36.741940768874,127.119552640915,51.790249280632,0.0068,0.0069,104.778223,0.9507,8
262,547757900,50,36.741940702453,127.119552767761,51.792972929776,0.0068,0.0069,123.049282,0.9507,8
263,547757950,50,36.741940642530,127.119552987587,51.789584996179,0.0068,0.0069,108.711648,0.9507,8
264,547758000,50,36.741940563913,127.119553215136,51.795237116516,0.0068,0.0069,113.233197,0.9507,8
265,547758050,50,36.741940470117,127.119553483805,51.791591473855,0.0068,0.0069,113.450759,0.9507,8
266,547758100,50,36.741940376842,127.119553781898,51.796171680093,0.0068,0.0069,111.245860,0.9507,8
267,547758150,50,36.741940238865,127.119554072088,51.792297583073,0.0068,0.0069,120.574186,0.9507,8
268,547758200,50,36.741940102163,127.119554393954,51.786518285051,0.0068,0.0069,117.821729,0.9507,8
269,547758250,50,36.741939962870,127.119554753740,51.787323678844,0.0068,0.0069,115.690077,0.9507,8
270,547758300,50,36.741939838511,127.119555149967,51.791137501597,0.0068,0.0069,111.304754,0.9507,8
271,547758350,50,36.741939689221,127.119555568642,51.795321104117,0.0068,0.0069,113.896192,0.9507,8
272,547758400,50,36.741939540518,127.119556015801,51.782050122507,0.0068,0.0070,112.450701,0.9507,8
273,547758450,50,36.741939363935,127.119556503441,51.785994059406,0.0068,0.0069,114.225126,0.9507,8
274,547758500,50,36.741939137631,127.119556978041,51.796633792110,0.0068,0.0070,120.645817,0.9507,8
275,547758550,50,36.741938962942,127.119557495556,51.786969030276,0.0069,0.0070,112.754265,0.9507,8
276,547758600,50,36.741938736667,127.119558020950,51.794097521342,0.0069,0.0070,118.152616,0.9507,8
277,547758650,50,36.741938480457,127.119558587156,51.788354855031,0.0068,0.0069,118.152617,0.9507,8
278,547758700,50,36.741938267655,127.119559203657,51.783593745902,0.0068,0.0069,113.214322,0.8571,9
279,547758750,50,36.741938067033,127.119559930140,51.783401333727,0.0068,0.0069,108.938696,0.8571,9
280,547758800,50,36.741937758612,127.119560585253,51.777389098890,0.0070,0.0074,120.326554,0.8571,9
281,547758850,50,36.741937477693,127.119561314043,51.772621389478,0.0070,0.0074,115.591958,0.8571,9
282,547758900,50,36.741937210344,127.119562068178,51.773966890760,0.0070,0.0074,113.773075,0.8571,9
283,547758950,50,36.741936927076,127.119562817240,51.784036975354,0.0070,0.0074,115.168020,0.8571,9
284,547759000,50,36.741936609212,127.119563635387,51.786004973575,0.0070,0.0076,115.768700,0.8571,9
285,547759050,50,36.741936301940,127.119564487359,51.785942773335,0.0070,0.0076,114.138741,0.8571,9
286,547759100,50,36.741935995370,127.119565420336,51.778248982504,0.0071,0.0076,112.209598,0.8571,9
287,547759150,50,36.741935682618,127.119566323768,51.775003672577,0.0071,0.0076,113.274643,0.8571,9
288,547759200,50,36.741935281892,127.119567275027,51.778066815808,0.0071,0.0076,117.628857,0.8571,9
289,547759250,50,36.741934953820,127.119568255282,51.785487046465,0.0071,0.0076,112.580095,0.8571,9
290,547759300,50,36.741934540432,127.119569300368,51.784007253125,0.0071,0.0076,116.173645,0.8571,9
291,547759350,50,36.741934151704,127.119570355400,51.775500597432,0.0071,0.0076,114.598947,0.8571,9
292,547759400,50,36.741933731168,127.119571419795,51.780323576182,0.0071,0.0076,116.147268,0.8571,9
293,547759450,50,36.741933316725,127.119572577817,51.777818002738,0.0071,0.0076,113.974195,0.8571,9
294,547759500,50,36.741932888323,127.119573772526,51.777731112204,0.0071,0.0075,114.015400,0.8571,9
295,547759550,50,36.741932451354,127.119574894677,51.782013213262,0.0071,0.0075,115.819893,0.8571,9
296,547759600,50,36.741932009258,127.119576163658,51.770784738474,0.0071,0.0075,113.406934,0.8571,9
297,547759650,50,36.741931538970,127.119577423127,51.772466104478,0.0070,0.0075,113.406940,0.8571,9
298,547759700,50,36.741931043395,127.119578632298,51.771243714727,0.0070,0.0075,116.987410,0.8571,9
299,547759750,50,36.741930537606,127.119579936849,51.777993109077,0.0070,0.0075,115.722198,0.8571,9
300,547759800,50,36.741930028431,127.119581330613,51.776707044803,0.0070,0.0075,114.414608,0.8571,9
301,547759850,50,36.741929534042,127.119582727618,51.775819216855,0.0070,0.0075,113.736203,0.8571,9
302,547759900,50,36.741929033126,127.119584175472,51.767754472792,0.0071,0.0078,113.261967,0.8571,9
303,547759950,50,36.741928450211,127.119585561410,51.768116060644,0.0071,0.0078,117.591597,0.8571,9
304,547760000,50,36.741927897748,127.119587019083,51.774705681950,0.0072,0.0079,115.216932,0.8571,9
305,547760050,50,36.741927325016,127.119588482337,51.770840205252,0.0072,0.0079,115.935498,0.8571,9
306,547760100,50,36.741926747099,127.119590046577,51.775652022101,0.0072,0.0079,114.658046,0.9510,8
307,547760150,50,36.741926191512,127.119591563942,51.777362626046,0.0072,0.0079,114.463496,0.8572,9
308,547760200,50,36.741925600007,127.119593184024,51.774885827675,0.0072,0.0079,114.401855,0.8572,9
309,547760250,50,36.741924977596,127.119594782125,51.777258253656,0.0072,0.0079,115.823662,0.8572,9
310,547760300,50,36.741924370362,127.119596355402,51.775630476885,0.0072,0.0079,115.621349,0.8572,9
311,547760350,50,36.741923790268,127.119598057086,51.775354449637,0.0072,0.0079,112.956204,0.8572,9
312,547760400,50,36.741923111769,127.119599696853,51.772440136410,0.0072,0.0079,117.209192,0.9510,8
313,547760450,50,36.741922493089,127.119601432082,51.773466004990,0.0072,0.0079,113.894001,0.9510,8
314,547760500,50,36.741921874394,127.119603154040,51.768896903843,0.0072,0.0078,114.057853,0.8572,9
315,547760550,50,36.741921202870,127.119604824162,51.780405972153,0.0072,0.0078,116.546672,0.9510,8
316,547760600,50,36.741920554545,127.119606614887,51.773880179971,0.0072,0.0078,114.220807,0.9510,8
317,547760650,50,36.741919877491,127.119608353611,51.769823109731,0.0072,0.0078,115.819511,0.9510,8
318,547760700,50,36.741919204127,127.119610174356,51.775422568433,0.0072,0.0078,114.679958,0.8572,9
319,547760750,50,36.741918469270,127.119611943858,51.777891645208,0.0072,0.0078,117.294296,0.8572,9
320,547760800,50,36.741917793977,127.119613810455,51.767090176232,0.0072,0.0078,114.204928,0.8572,9
321,547760850,50,36.741917112682,127.119615697300,51.772813824005,0.0071,0.0078,114.204942,0.8572,9
322,547760900,50,36.741916381096,127.119617525115,51.776379493065,0.0072,0.0078,116.442366,0.8572,9
323,547760950,50,36.741915649735,127.119619446000,51.774707426317,0.0073,0.0080,115.318128,0.8572,9
324,547761000,50,36.741914929235,127.119621346410,51.771447022445,0.0073,0.0081,115.224178,0.8572,9
325,547761050,50,36.741914181022,127.119623302473,51.762592018582,0.0073,0.0081,115.420900,0.8572,9
326,547761100,50,36.741913459305,127.119625187343,51.773073777556,0.0073,0.0082,115.443510,0.8572,9
327,547761150,50,36.741912704165,127.119627135540,51.774139533751,0.0073,0.0081,115.716310,0.8572,9
328,547761200,50,36.741911971328,127.119629121814,51.775071213022,0.0073,0.0081,114.628311,0.8572,9
329,547761250,50,36.741911244439,127.119631172954,51.759619954973,0.0073,0.0081,113.765489,0.8572,9
330,547761300,50,36.741910516589,127.119633119916,51.769211614504,0.0073,0.0081,114.915203,0.8572,9
331,547761350,50,36.741909733420,127.119635091693,51.762647437863,0.0073,0.0081,116.267311,0.8572,9
332,547761400,50,36.741908975144,127.119637135222,51.774871861562,0.0073,0.0081,114.752409,0.8572,9
333,547761450,50,36.741908215826,127.119639124205,51.766478510574,0.0073,0.0081,115.377402,0.8572,9
334,547761500,50,36.741907396323,127.119641134890,51.769369466230,0.0073,0.0080,116.858766,0.8572,9
335,547761550,50,36.741906630750,127.119643193684,51.769273116253,0.0073,0.0080,114.798955,0.8572,9
336,547761600,50,36.741905806253,127.119645223457,51.765154500492,0.0073,0.0080,116.780941,0.8572,9
337,547761650,50,36.741905030412,127.119647266872,51.763485657051,0.0073,0.0080,115.256204,0.8572,9
338,547761700,50,36.741904227769,127.119649357449,51.767719011754,0.0073,0.0080,115.503487,0.8572,9
339,547761750,50,36.741903395049,127.119651376879,51.769520290196,0.0073,0.0080,117.128938,0.8572,9
340,547761800,50,36.741902597204,127.119653480060,51.768198035657,0.0073,0.0079,115.237177,0.8572,9
341,547761850,50,36.741901809057,127.119655615725,51.759063110687,0.0073,0.0080,114.633573,0.8572,9
342,547761900,50,36.741900952451,127.119657767737,51.761974820867,0.0073,0.0079,116.316499,0.8572,9
343,547761950,50,36.741900076556,127.119659884873,51.761565692723,0.0073,0.0080,117.205738,0.8572,9
344,547762000,50,36.741899254460,127.119662067679,51.768913639709,0.0073,0.0078,115.078025,0.8572,9
345,547762050,50,36.741898377569,127.119664231898,51.770719181746,0.0073,0.0078,116.722761,0.8572,9
346,547762100,50,36.741897572575,127.119666480747,51.781077370048,0.0073,0.0078,113.978285,0.8572,9
347,547762150,50,36.741896697681,127.119668735942,51.767882940359,0.0072,0.0078,113.978304,0.8572,9
348,547762200,50,36.741895783686,127.119670984590,51.779375809245,0.0072,0.0078,116.795827,0.8572,9
349,547762250,50,36.741894876399,127.119673258056,51.760292340070,0.0072,0.0078,116.375250,0.8572,9
350,547762300,50,36.741893974150,127.119675570085,51.769683745690,0.0073,0.0078,115.868171,0.9511,8
351,547762350,50,36.741893039943,127.119677904673,51.766308816150,0.0073,0.0078,116.437072,0.8573,9
352,547762400,50,36.741892120704,127.119680246809,51.766378171742,0.0072,0.0078,115.997036,0.8573,9
353,547762450,50,36.741891152208,127.119682661519,51.773927588016,0.0072,0.0077,116.489688,0.8573,9
354,547762500,50,36.741890181800,127.119685034648,51.767873268574,0.0073,0.0078,116.934678,0.8573,9
355,547762550,50,36.741889279503,127.119687522547,51.767263867892,0.0073,0.0078,114.257979,0.8573,9
356,547762600,50,36.741888251253,127.119689933932,51.763986299746,0.0073,0.0078,117.916174,0.8573,9
357,547762650,50,36.741887268007,127.119692482997,51.767809553072,0.0072,0.0077,117.916197,0.8573,9
358,547762700,50,36.741886317523,127.119694985304,51.758580298163,0.0072,0.0077,115.265800,0.8573,9
359,547762750,50,36.741885246968,127.119697491217,51.773459635675,0.0072,0.0077,117.960461,0.8573,9
360,547762800,50,36.741884241991,127.119700068625,51.770415654406,0.0072,0.0077,115.849542,0.8573,9
361,547762850,50,36.741883224327,127.119702655112,51.765752348118,0.0072,0.0077,116.053065,0.8573,9
362,547762900,50,36.741882194315,127.119705263037,51.756847078912,0.0072,0.0077,116.139230,0.8573,9
363,547762950,50,36.741881122390,127.119707877003,51.779560741968,0.0072,0.0077,117.000364,0.9511,8
364,547763000,50,36.741880060413,127.119710589732,51.779044483788,0.0072,0.0077,115.939485,0.9511,8
365,547763050,50,36.741878992575,127.119713267581,51.758352734149,0.0072,0.0077,116.357551,0.9511,8
366,547763100,50,36.741877888166,127.119715982088,51.767398676835,0.0072,0.0077,116.817955,0.9511,8
367,547763150,50,36.741876784374,127.119718722367,51.763294716366,0.0072,0.0077,116.587757,0.8573,9
368,547763200,50,36.741875589194,127.119721516187,51.777125154622,0.0072,0.0077,117.992809,0.9511,8
369,547763250,50,36.741874456347,127.119724278688,51.778225084767,0.0072,0.0077,117.000578,0.9511,8
370,547763300,50,36.741873323656,127.119727115020,51.776315890253,0.0072,0.0077,116.390882,0.9511,8
371,547763350,50,36.741872196422,127.119730024784,51.763063464314,0.0072,0.0077,115.703995,0.9511,8
372,547763400,50,36.741870995982,127.119732896556,51.772633772343,0.0072,0.0077,117.447168,0.9511,8
373,547763450,50,36.741869821163,127.119735805830,51.768087322824,0.0072,0.0076,116.645553,0.8573,9
374,547763500,50,36.741868619490,127.119738714311,51.773239402100,0.0072,0.0075,117.174450,0.8573,9
375,547763550,50,36.741867466563,127.119741677943,51.761587194167,0.0072,0.0075,115.798015,0.9512,8
376,547763600,50,36.741866179442,127.119744674231,51.773730657063,0.0072,0.0075,118.091373,0.8574,9
377,547763650,50,36.741864937372,127.119747684463,51.773109471425,0.0071,0.0075,118.091403,0.8574,9
378,547763700,50,36.741863686018,127.119750718421,51.767884981818,0.0071,0.0075,117.134326,0.9512,8
379,547763750,50,36.741862456048,127.119753715005,51.775412735529,0.0071,0.0075,117.021888,0.9512,8
380,547763800,50,36.741861187722,127.119756845378,51.779377291910,0.0071,0.0075,116.722239,0.9512,8
381,547763850,50,36.741859884317,127.119759889312,51.785668237135,0.0071,0.0075,118.015184,0.9512,8
382,547763900,50,36.741858594668,127.119763082707,51.793782545254,0.0096,0.0100,116.647307,0.9512,8
383,547763950,50,36.741857362569,127.119766210422,51.777874920517,0.0072,0.0075,116.080360,0.9512,8
384,547764000,50,36.741856044307,127.119769369825,51.786661240272,0.0071,0.0074,117.404358,0.9512,8
385,547764050,50,36.741854714085,127.119772598125,51.790912207216,0.0071,0.0074,117.111788,0.9512,8
386,547764100,50,36.741853397790,127.119775761810,51.774793075398,0.0071,0.0074,117.337729,0.9512,8
387,547764150,50,36.741852049148,127.119779002560,51.774475360289,0.0071,0.0074,117.342643,0.9512,8
388,547764200,50,36.741850690006,127.119782284538,51.779900033958,0.0071,0.0074,117.228585,0.9512,8
389,547764250,50,36.741849356704,127.119785571126,51.765282042325,0.0072,0.0074,116.751293,0.9512,8
390,547764300,50,36.741847979711,127.119788890498,51.766127911396,0.0072,0.0074,117.268662,0.9512,8
391,547764350,50,36.741846566556,127.119792227211,51.769131533802,0.0072,0.0074,117.754842,0.9512,8
392,547764400,50,36.741845183193,127.119795609649,51.764697762206,0.0072,0.0074,116.938554,0.9512,8
393,547764450,50,36.741843729691,127.119798971029,51.775603149086,0.0072,0.0074,118.248522,0.9512,8
394,547764500,50,36.741842312784,127.119802412078,51.775928440504,0.0072,0.0073,117.095732,0.9512,8
395,547764550,50,36.741840939546,127.119805820351,51.777280795388,0.0072,0.0073,116.594025,0.9512,8
396,547764600,50,36.741839435966,127.119809301156,51.771799177863,0.0072,0.0073,118.223686,0.9512,8
397,547764650,50,36.741837972108,127.119812778319,51.767609339207,0.0071,0.0073,118.223721,0.9512,8
398,547764700,50,36.741836506010,127.119816265857,51.766169923358,0.0071,0.0073,117.579781,0.9512,8
399,547764750,50,36.741835025285,127.119819768156,51.777184548788,0.0071,0.0073,117.714111,0.9512,8
400,547764800,50,36.741833504884,127.119823283591,51.770740853623,0.0071,0.0073,118.252980,0.9512,8
401,547764850,50,36.741832023978,127.119826905395,51.767269503325,0.0071,0.0073,116.933046,0.9512,8
402,547764900,50,36.741830520760,127.119830468103,51.756575027481,0.0071,0.0073,117.666371,0.9512,8
403,547764950,50,36.741828936527,127.119834132259,51.755947664380,0.0073,0.0074,118.245610,0.9512,8
404,547765000,50,36.741827407195,127.119837780819,51.753368037753,0.0072,0.0074,117.511398,0.9512,8
405,547765050,50,36.741825852470,127.119841442063,51.769363621250,0.0073,0.0074,117.817644,0.9512,8
406,547765100,50,36.741824284158,127.119845147723,51.766272119246,0.0073,0.0074,117.738305,0.9512,8
407,547765150,50,36.741822675656,127.119848858265,51.757129478268,0.0073,0.0074,118.308303,0.9512,8
408,547765200,50,36.741821105760,127.119852601758,51.762223196216,0.0073,0.0074,117.522931,0.9512,8
409,547765250,50,36.741819517042,127.119856341061,51.754720069468,0.0073,0.0074,117.830209,0.9512,8
410,547765300,50,36.741817867881,127.119860121625,51.752178777941,0.0073,0.0074,118.458488,0.9512,8
411,547765350,50,36.741816249774,127.119863923107,51.755459340289,0.0073,0.0074,117.873706,0.9512,8
412,547765400,50,36.741814595787,127.119867703064,51.752257960849,0.0073,0.0074,118.532543,0.9512,8
413,547765450,50,36.741812943573,127.119871602841,51.756326715462,0.0073,0.0074,117.763275,0.9512,8
414,547765500,50,36.741811283952,127.119875465055,51.754226664081,0.0073,0.0073,118.098838,0.8575,9
415,547765550,50,36.741809583454,127.119879317004,51.755654465407,0.0072,0.0073,118.746206,0.8575,9
416,547765600,50,36.741807904727,127.119883222548,51.755472920835,0.0072,0.0073,118.105733,0.8575,9
417,547765650,50,36.741806225019,127.119887138554,51.750551858917,0.0072,0.0073,118.055976,0.8575,9
418,547765700,50,36.741804549979,127.119891028296,51.743836907670,0.0072,0.0073,118.149939,0.8575,9
419,547765750,50,36.741802812411,127.119894958251,51.740958306007,0.0072,0.0073,118.782851,0.8575,9
420,547765800,50,36.741801100876,127.119898872747,51.737986317836,0.0072,0.0073,118.513959,0.8575,9
421,547765850,50,36.741799382385,127.119902854462,51.751289444044,0.0072,0.0073,118.514000,0.8575,9
422,547765900,50,36.741797647600,127.119906805856,51.748818837106,0.0072,0.0072,118.612901,0.8575,9
423,547765950,50,36.741795898721,127.119910756801,51.749801324680,0.0071,0.0072,118.810992,0.8575,9
424,547766000,50,36.741794162001,127.119914732440,51.747998573817,0.0071,0.0072,118.492566,0.8575,9
425,547766050,50,36.741792400970,127.119918727897,51.744610589929,0.0071,0.0072,118.707574,0.8575,9
426,547766100,50,36.741790642190,127.119922757093,51.751448417082,0.0071,0.0072,118.474321,0.9513,8
427,547766150,50,36.741788839766,127.119926778157,51.747711333446,0.0071,0.0072,119.116011,0.9513,8
428,547766200,50,36.741787083662,127.119930825299,51.745686121285,0.0071,0.0072,118.331282,0.8575,9
429,547766250,50,36.741785277696,127.119934857693,51.747033819556,0.0071,0.0072,119.095288,0.8575,9
430,547766300,50,36.741783485056,127.119938927628,51.741912811995,0.0071,0.0072,118.691162,0.8575,9
431,547766350,50,36.741781677345,127.119942989375,51.738378921524,0.0071,0.0072,118.942477,0.8575,9
432,547766400,50,36.741779886614,127.119947093790,51.743298762478,0.0071,0.0072,118.462474,0.8575,9
433,547766450,50,36.741778034249,127.119951159643,51.742696754634,0.0071,0.0072,119.513559,0.9513,8
434,547766500,50,36.741776189148,127.119955244298,51.744600092992,0.0071,0.0072,119.304156,0.8575,9
435,547766550,50,36.741774353736,127.119959355266,51.738117682748,0.0071,0.0072,119.019267,0.9513,8
436,547766600,50,36.741772507379,127.119963441276,51.734022253193,0.0071,0.0072,119.312692,0.9513,8
437,547766650,50,36.741770659899,127.119967559667,51.731800050475,0.0071,0.0072,119.134827,0.9513,8
438,547766700,50,36.741768825372,127.119971687299,51.739527980797,0.0071,0.0072,118.909330,0.9513,8
439,547766750,50,36.741766950297,127.119975764448,51.737018913031,0.0071,0.0072,119.745261,0.9513,8
440,547766800,50,36.741765091381,127.119979856923,51.738965757191,0.0071,0.0072,119.439990,0.9513,8
441,547766850,50,36.741763213486,127.119983980094,51.734263057820,0.0071,0.0072,119.505898,0.9513,8
442,547766900,50,36.741761332937,127.119988119122,51.729174563661,0.0071,0.0072,119.446335,0.9513,8
443,547766950,50,36.741759488781,127.119992223724,51.738832024857,0.0071,0.0072,119.172671,0.9513,8
444,547767000,50,36.741757575252,127.119996357543,51.737522737123,0.0070,0.0071,119.172717,0.9513,8
445,547767050,50,36.741755660918,127.120000451915,51.732427055947,0.0070,0.0071,120.154368,0.9513,8
446,547767100,50,36.741753748761,127.120004533064,51.733092126437,0.0070,0.0071,120.206587,0.9513,8
447,547767150,50,36.741751895358,127.120008683099,51.732495876960,0.0070,0.0071,119.026456,0.9513,8
448,547767200,50,36.741749990162,127.120012811507,51.723503298126,0.0070,0.0071,119.830303,0.9513,8
449,547767250,50,36.741748063516,127.120016931178,51.730800498277,0.0070,0.0071,120.160610,0.9513,8
450,547767300,50,36.741746134193,127.120021060618,51.732299007475,0.0070,0.0071,120.136203,0.9513,8
451,547767350,50,36.741744194722,127.120025172871,51.734836562537,0.0070,0.0071,120.371023,0.9513,8
452,547767400,50,36.741742305730,127.120029336412,51.726430210285,0.0070,0.0071,119.411408,0.9513,8
453,547767450,50,36.741740350305,127.120033457356,51.730458402075,0.0070,0.0071,120.523224,0.9513,8
454,547767500,50,36.741738412112,127.120037584434,51.725944022648,0.0071,0.0072,120.264702,0.9513,8
455,547767550,50,36.741736456008,127.120041716859,51.736228312366,0.0072,0.0073,120.462227,0.9513,8
456,547767600,50,36.741734500254,127.120045815416,51.731325856410,0.0072,0.0073,120.664168,0.9513,8
457,547767650,50,36.741732559437,127.120049945131,51.725826148875,0.0072,0.0073,120.282508,0.9513,8
458,547767700,50,36.741730610595,127.120054064440,51.724635588005,0.0071,0.0072,120.282557,0.9513,8
459,547767750,50,36.741728623152,127.120058202622,51.729821293615,0.0072,0.0072,120.826613,0.9513,8
460,547767800,50,36.741726659863,127.120062320671,51.732680532150,0.0072,0.0072,120.641613,0.9513,8
461,547767850,50,36.741724704190,127.120066449094,51.721381689422,0.0072,0.0072,120.480995,0.9513,8
462,547767900,50,36.741722759529,127.120070656866,51.728221247904,0.0072,0.0072,119.866465,0.8576,9
463,547767950,50,36.741720743527,127.120074774961,51.727153277025,0.0072,0.0072,121.311190,0.8576,9
464,547768000,50,36.741718749257,127.120078878767,51.731661083177,0.0072,0.0072,121.124211,0.8576,9
465,547768050,50,36.741716796824,127.120083031397,51.727474879473,0.0072,0.0072,120.293360,0.8576,9
466,547768100,50,36.741714798960,127.120087187401,51.719808919355,0.0072,0.0072,120.850109,0.8576,9
467,547768150,50,36.741712827625,127.120091307945,51.727278131992,0.0072,0.0072,120.729196,0.8576,9
468,547768200,50,36.741710819086,127.120095431181,51.722411070019,0.0072,0.0072,121.185230,0.9513,8
469,547768250,50,36.741708813607,127.120099558006,51.722093474120,0.0072,0.0072,121.124478,0.9513,8
470,547768300,50,36.741706830750,127.120103718529,51.726481834427,0.0072,0.0072,120.632955,0.8576,9
471,547768350,50,36.741704853731,127.120107819671,51.721476066858,0.0072,0.0072,120.920769,0.8576,9
472,547768400,50,36.741702855338,127.120111947717,51.717670705169,0.0072,0.0072,121.027323,0.9514,8
473,547768450,50,36.741700829656,127.120116066505,51.720512994565,0.0072,0.0072,121.428854,0.8576,9
474,547768500,50,36.741698842264,127.120120209414,51.719704938121,0.0072,0.0072,120.797153,0.8576,9
475,547768550,50,36.741696816330,127.120124343360,51.722069090232,0.0072,0.0072,121.338458,0.8576,9
476,547768600,50,36.741694790305,127.120128449578,51.715036763810,0.0072,0.0072,121.511133,0.8576,9
477,547768650,50,36.741692756646,127.120132561292,51.725228250958,0.0071,0.0072,121.511183,0.8576,9
478,547768700,50,36.741690704869,127.120136663640,51.723486507311,0.0071,0.0072,121.858791,0.8576,9
479,547768750,50,36.741688688732,127.120140730433,51.723872305825,0.0071,0.0072,121.632717,0.8576,9
480,547768800,50,36.741686679663,127.120144836374,51.726204340346,0.0071,0.0072,121.298751,0.8576,9
481,547768850,50,36.741684648500,127.120148891794,51.719322480261,0.0071,0.0072,121.894940,0.8576,9
482,547768900,50,36.741682632070,127.120152983145,51.731334852055,0.0071,0.0072,121.482585,0.8576,9
483,547768950,50,36.741680610002,127.120157036849,51.723837787285,0.0071,0.0072,121.790562,0.8576,9
484,547769000,50,36.741678599211,127.120161133299,51.720092878677,0.0071,0.0072,121.379445,0.8576,9
485,547769050,50,36.741676567582,127.120165228539,51.722551815212,0.0071,0.0072,121.650200,0.8576,9
486,547769100,50,36.741674524823,127.120169277925,51.719231418334,0.0071,0.0072,122.079810,0.9514,8
487,547769150,50,36.741672498382,127.120173360077,51.733777821064,0.0071,0.0072,121.666678,0.9514,8
488,547769200,50,36.741670430063,127.120177365415,51.723660361022,0.0071,0.0072,122.685454,0.8577,9
489,547769250,50,36.741668434098,127.120181453499,51.727983131073,0.0071,0.0072,121.243163,0.8577,9
490,547769300,50,36.741666349002,127.120185470591,51.725914345123,0.0071,0.0072,122.819668,0.9514,8
491,547769350,50,36.741664307175,127.120189513996,51.723316336982,0.0071,0.0072,122.106143,0.9514,8
492,547769400,50,36.741662201517,127.120193519522,51.723552472889,0.0071,0.0072,123.151851,0.8577,9
493,547769450,50,36.741660217774,127.120197545818,51.727142359130,0.0071,0.0072,121.474529,0.8577,9
494,547769500,50,36.741658251503,127.120201615062,51.721608315594,0.0071,0.0072,120.980310,0.8577,9
495,547769550,50,36.741656366343,127.120205765899,51.723013706505,0.0071,0.0072,119.436506,0.9514,8
496,547769600,50,36.741654533712,127.120209932069,51.719027893618,0.0071,0.0072,118.659596,0.9514,8
497,547769650,50,36.741652713906,127.120214091639,51.728768167086,0.0071,0.0071,118.659645,0.8577,9
498,547769700,50,36.741650932558,127.120218266439,51.721144840121,0.0071,0.0071,117.931437,0.8577,9
499,547769750,50,36.741649206095,127.120222465377,51.724565667100,0.0071,0.0071,117.061876,0.8577,9
500,547769800,50,36.741647456672,127.120226686103,51.718071493320,0.0071,0.0071,117.248834,0.8577,9
501,547769850,50,36.741645732345,127.120230887792,51.724832171574,0.0071,0.0071,117.017946,0.8577,9
502,547769900,50,36.741643971798,127.120235075114,51.727145834826,0.0071,0.0071,117.583357,0.8577,9
503,547769950,50,36.741642177604,127.120239204940,51.731590745039,0.0071,0.0072,118.360779,0.8577,9
504,547770000,50,36.741640368563,127.120243369007,51.727927294560,0.0071,0.0071,118.360396,0.8577,9
505,547770050,50,36.741638489928,127.120247437652,51.722318378277,0.0071,0.0071,119.843697,0.8577,9
506,547770100,50,36.741636615761,127.120251447331,51.728283142671,0.0071,0.0071,120.146773,0.8577,9
507,547770150,50,36.741634631673,127.120255460811,51.725971576758,0.0071,0.0072,121.560374,0.8577,9
508,547770200,50,36.741632657335,127.120259409717,51.724906939082,0.0071,0.0072,121.849694,0.8577,9
509,547770250,50,36.741630641597,127.120263327385,51.723485996947,0.0071,0.0072,122.591260,0.8577,9
510,547770300,50,36.741628559916,127.120267257913,51.721448457800,0.0071,0.0072,123.347533,0.8577,9
511,547770350,50,36.741626491455,127.120271157886,51.722940096632,0.0071,0.0072,123.385281,0.8577,9
512,547770400,50,36.741624349497,127.120275001240,51.717155982740,0.0071,0.0072,124.701773,0.8577,9
513,547770450,50,36.741622273419,127.120278840046,51.724483068101,0.0071,0.0072,123.900139,0.8577,9
514,547770500,50,36.741620151180,127.120282662133,51.717918375507,0.0071,0.0072,124.602614,0.8577,9
515,547770550,50,36.741618095157,127.120286552950,51.721515178680,0.0071,0.0072,123.288423,0.8577,9
516,547770600,50,36.741616024141,127.120290429573,51.725167648867,0.0071,0.0072,123.576109,0.8577,9
517,547770650,50,36.741613971092,127.120294335864,51.717990520410,0.0071,0.0072,123.146182,0.8577,9
518,547770700,50,36.741611982215,127.120298243816,51.728810461238,0.0071,0.0072,122.307615,0.8577,9
519,547770750,50,36.741610029927,127.120302241744,51.719867229462,0.0071,0.0072,121.247569,0.8577,9
520,547770800,50,36.741608150549,127.120306209659,51.728392438032,0.0071,0.0072,120.477426,0.8577,9
521,547770850,50,36.741606303021,127.120310212103,51.720064438879,0.0071,0.0071,119.836418,0.8577,9
522,547770900,50,36.741604530310,127.120314215116,51.723346507177,0.0071,0.0071,119.836468,0.8577,9
523,547770950,50,36.741602695777,127.120318197545,51.714468674734,0.0071,0.0072,119.785910,0.8577,9
524,547771000,50,36.741600959575,127.120322217739,51.721357083879,0.0071,0.0072,118.218489,0.8577,9
525,547771050,50,36.741599191472,127.120326282840,51.716768370941,0.0071,0.0072,118.388268,0.8577,9
526,547771100,50,36.741597439012,127.120330351985,51.720070465468,0.0071,0.0072,118.152108,0.8577,9
527,547771150,50,36.741595703901,127.120334422854,51.724075535312,0.0071,0.0072,117.905597,0.8577,9
528,547771200,50,36.741593856700,127.120338433985,51.722802353092,0.0071,0.0072,119.778480,0.8577,9
529,547771250,50,36.741592008355,127.120342408300,51.724006153643,0.0071,0.0072,120.022126,0.8577,9
530,547771300,50,36.741590169500,127.120346354468,51.721097846515,0.0071,0.0072,120.070799,0.8577,9
531,547771350,50,36.741588251208,127.120350222021,51.723763585091,0.0071,0.0072,121.645061,0.8577,9
532,547771400,50,36.741586302293,127.120354039021,51.715405942872,0.0071,0.0072,122.391835,0.8577,9
533,547771450,50,36.741584353524,127.120357841257,51.722449102439,0.0071,0.0072,122.490414,0.8577,9
534,547771500,50,36.741582326925,127.120361639419,51.721148966812,0.0071,0.0072,123.543565,0.8577,9
535,547771550,50,36.741580277055,127.120365404274,51.716915780678,0.0071,0.0072,124.079323,0.8577,9
536,547771600,50,36.741578203119,127.120369112082,51.713132964447,0.0071,0.0072,124.799224,0.8577,9
537,547771650,50,36.741576122028,127.120372824485,51.712911088951,0.0071,0.0072,124.858475,0.8577,9
538,547771700,50,36.741574035847,127.120376540044,51.729726503603,0.0071,0.0072,124.901287,0.8577,9
539,547771750,50,36.741571923507,127.120380241456,51.716711681336,0.0071,0.0072,125.340102,0.8577,9
540,547771800,50,36.741569856164,127.120383975707,51.712324524298,0.0071,0.0072,124.523416,0.9515,8
541,547771850,50,36.741567795915,127.120387699836,51.716277157888,0.0071,0.0072,124.504072,0.9515,8
542,547771900,50,36.741565765596,127.120391426949,51.715738038532,0.0071,0.0072,124.092383,0.8578,9
543,547771950,50,36.741563827936,127.120395212590,51.715980216861,0.0071,0.0072,122.455532,0.8578,9
544,547772000,50,36.741561900555,127.120399028079,51.708522897214,0.0071,0.0072,122.114727,0.8578,9
545,547772050,50,36.741560000610,127.120402864077,51.718174116686,0.0071,0.0072,121.608757,0.8578,9
546,547772100,50,36.741558140142,127.120406744462,51.725653686561,0.0071,0.0072,120.783694,0.8578,9
547,547772150,50,36.741556346892,127.120410629102,51.721882112324,0.0071,0.0071,120.783742,0.8578,9
548,547772200,50,36.741554593442,127.120414579028,51.731067214161,0.0071,0.0071,118.880331,0.8578,9
549,547772250,50,36.741552840592,127.120418484356,51.722604458220,0.0071,0.0072,119.147970,0.8578,9
550,547772300,50,36.741551032638,127.120422346211,51.725926897489,0.0072,0.0072,120.186444,0.8578,9
551,547772350,50,36.741549288987,127.120426279980,51.723850646056,0.0072,0.0072,118.843879,0.8578,9
552,547772400,50,36.741547469855,127.120430094187,51.722496015020,0.0072,0.0072,120.651202,0.8578,9
553,547772450,50,36.741545719821,127.120434005402,51.727624333464,0.0072,0.0073,119.072129,0.8578,9
554,547772500,50,36.741543888352,127.120437757550,51.724252900109,0.0072,0.0073,121.236472,0.8578,9
555,547772550,50,36.741542039696,127.120441564684,51.729329189286,0.0073,0.0073,121.104332,0.8578,9
556,547772600,50,36.741540141625,127.120445333491,51.722594534047,0.0073,0.0073,122.037037,0.8578,9
557,547772650,50,36.741538173368,127.120449066881,51.714459718205,0.0072,0.0073,122.037082,0.8578,9
558,547772700,50,36.741536177340,127.120452746881,51.718311144039,0.0072,0.0073,123.977824,0.8578,9
559,547772750,50,36.741534179300,127.120456392078,51.724251450039,0.0072,0.0073,124.257442,0.8578,9
560,547772800,50,36.741532127953,127.120460023995,51.719078790396,0.0072,0.0073,125.060929,0.8578,9
561,547772850,50,36.741530059676,127.120463624346,51.720614896156,0.0072,0.0073,125.518813,0.8578,9
562,547772900,50,36.741527968635,127.120467189529,51.717433962040,0.0072,0.0073,126.083200,0.8578,9
563,547772950,50,36.741525889889,127.120470775652,51.720996740274,0.0072,0.0073,125.763240,0.8578,9
564,547773000,50,36.741523783642,127.120474326976,51.714789774269,0.0072,0.0073,126.387525,0.8578,9
565,547773050,50,36.741521733209,127.120477887319,51.710977725685,0.0072,0.0073,125.586828,0.8578,9
566,547773100,50,36.741519654356,127.120481443551,51.701965105720,0.0072,0.0073,125.992374,0.8578,9
567,547773150,50,36.741517638808,127.120485051601,51.715715006925,0.0072,0.0073,124.764778,0.8578,9
568,547773200,50,36.741515671570,127.120488698850,51.717739159241,0.0072,0.0073,123.829531,0.8578,9
569,547773250,50,36.741513706063,127.120492365114,51.713527387939,0.0072,0.0072,123.668624,0.8578,9
570,547773300,50,36.741511830476,127.120496050633,51.711942944676,0.0072,0.0072,122.306404,0.8578,9
571,547773350,50,36.741509958102,127.120499781545,51.714559167624,0.0072,0.0072,121.946288,0.8578,9
572,547773400,50,36.741508121603,127.120503533036,51.721944482066,0.0072,0.0072,121.310644,0.8578,9
573,547773450,50,36.741506273231,127.120507333204,51.707635873929,0.0072,0.0072,121.146868,0.8578,9
574,547773500,50,36.741504511765,127.120511108925,51.724342389032,0.0072,0.0072,120.099511,0.8578,9
575,547773550,50,36.741502709175,127.120514901122,51.718057028018,0.0072,0.0072,120.567124,0.8578,9
576,547773600,50,36.741500970559,127.120518692772,51.717965785414,0.0072,0.0072,119.672104,0.8578,9
577,547773650,50,36.741499155719,127.120522452471,51.714313721284,0.0071,0.0072,119.672149,0.8578,9
578,547773700,50,36.741497346239,127.120526217967,51.714365743101,0.0071,0.0072,120.840857,0.8578,9
579,547773750,50,36.741495453237,127.120529932190,51.713187022135,0.0071,0.0072,122.344851,0.8578,9
580,547773800,50,36.741493583806,127.120533615866,51.720591139980,0.0071,0.0072,122.234335,0.8578,9
581,547773850,50,36.741491659795,127.120537265283,51.713300301693,0.0071,0.0072,123.227724,0.8578,9
582,547773900,50,36.741489682203,127.120540871954,51.708328526467,0.0071,0.0072,124.266449,0.8578,9
583,547773950,50,36.741487673418,127.120544481985,51.716259802692,0.0071,0.0072,124.659903,0.8578,9
584,547774000,50,36.741485627093,127.120548041732,51.717551570386,0.0071,0.0072,125.537001,0.8578,9
585,547774050,50,36.741483577593,127.120551554983,51.711472685449,0.0071,0.0072,125.936222,0.8578,9
586,547774100,50,36.741481485880,127.120555067609,51.715324115939,0.0071,0.0072,126.497905,0.8578,9
587,547774150,50,36.741479326832,127.120558575478,51.712134634145,0.0071,0.0072,127.407262,0.8578,9
588,547774200,50,36.741477203192,127.120562095484,51.701783996075,0.0071,0.0072,126.856076,0.8578,9
589,547774250,50,36.741475080860,127.120565603665,51.707727215253,0.0071,0.0072,126.931676,0.8578,9
590,547774300,50,36.741472946684,127.120569134115,51.711538119242,0.0071,0.0072,126.910702,0.8578,9
591,547774350,50,36.741470890803,127.120572775819,51.716215975583,0.0071,0.0072,125.047861,0.8578,9
592,547774400,50,36.741468787493,127.120576357301,51.713466752321,0.0071,0.0072,126.118315,0.8578,9
593,547774450,50,36.741466757520,127.120580010766,51.714762636460,0.0071,0.0072,124.620564,0.8578,9
594,547774500,50,36.741464765777,127.120583663638,51.719667096622,0.0071,0.0072,124.117301,0.8578,9
595,547774550,50,36.741462810813,127.120587368033,51.723222303204,0.0071,0.0072,123.254151,0.8578,9
596,547774600,50,36.741460852903,127.120591097395,51.716785049997,0.0072,0.0072,123.117354,0.8578,9
597,547774650,50,36.741458948437,127.120594874484,51.703267167322,0.0075,0.0074,123.117398,0.8578,9
598,547774700,50,36.741457021564,127.120598617963,51.704985968769,0.0075,0.0074,122.601462,1.1484,8
599,547774750,50,36.741455162603,127.120602466588,51.711143569089,0.0075,0.0074,120.970688,0.8580,9
600,547774800,50,36.741453294186,127.120606299072,51.710558122955,0.0075,0.0074,121.205696,0.8580,9
601,547774850,50,36.741451425645,127.120610124168,51.710909575224,0.0075,0.0074,121.256425,0.8580,9
602,547774900,50,36.741449556850,127.120613985228,51.711070936173,0.0075,0.0074,121.022521,0.8580,9
603,547774950,50,36.741447634420,127.120617834229,51.711498625576,0.0075,0.0074,121.823508,0.8580,9
604,547775000,50,36.741445676073,127.120621626040,51.715370714664,0.0075,0.0074,122.689251,0.8580,9
605,547775050,50,36.741443730106,127.120625424319,51.708180199377,0.0075,0.0074,122.480079,0.8580,9
606,547775100,50,36.741441679269,127.120629144822,51.706826034933,0.0075,0.0075,124.407699,0.8580,9
607,547775150,50,36.741439617747,127.120632896840,51.701493423432,0.0075,0.0075,124.321249,0.8580,9
608,547775200,50,36.741437455822,127.120636572497,51.704378503375,0.0075,0.0075,126.160109,0.8580,9
609,547775250,50,36.741435308326,127.120640252460,51.715978534892,0.0075,0.0075,125.945629,0.8580,9
610,547775300,50,36.741433129347,127.120643916438,51.712111889385,0.0075,0.0075,126.461927,0.8580,9
611,547775350,50,36.741430861406,127.120647509996,51.710675258189,0.0075,0.0075,128.102605,0.8580,9
612,547775400,50,36.741428615879,127.120651123265,51.709635967389,0.0075,0.0075,127.674869,0.8580,9
613,547775450,50,36.741426339291,127.120654766061,51.704436485656,0.0075,0.0075,127.830178,0.8580,9
614,547775500,50,36.741424043478,127.120658416527,51.708966412582,0.0075,0.0075,128.005336,0.8580,9
615,547775550,50,36.741421746753,127.120662046496,51.702827419154,0.0075,0.0075,128.172996,0.8580,9
616,547775600,50,36.741419472704,127.120665694003,51.705744215287,0.0075,0.0075,127.763345,0.8580,9
617,547775650,50,36.741417226899,127.120669448732,51.708759657107,0.0075,0.0075,126.619262,0.8580,9
618,547775700,50,36.741414998095,127.120673175056,51.693774094805,0.0075,0.0075,126.619113,0.8580,9
619,547775750,50,36.741412880172,127.120676951167,51.710376812145,0.0076,0.0075,124.872615,0.8580,9
620,547775800,50,36.741410689360,127.120680741030,51.699307535775,0.0075,0.0074,124.872660,0.8580,9
621,547775850,50,36.741408623370,127.120684662896,51.697171098553,0.0075,0.0075,123.206625,0.8580,9
622,547775900,50,36.741406550839,127.120688558900,51.696858413517,0.0075,0.0075,123.463809,0.8580,9
623,547775950,50,36.741404521133,127.120692532318,51.697966943495,0.0075,0.0075,122.403627,0.8580,9
624,547776000,50,36.741402488151,127.120696531315,51.700225624256,0.0075,0.0075,122.279215,0.8580,9
625,547776050,50,36.741400469245,127.120700494087,51.700790553354,0.0075,0.0075,122.334901,0.8580,9
626,547776100,50,36.741398504782,127.120704524659,51.698293807916,0.0075,0.0075,121.198873,0.8580,9
627,547776150,50,36.741396471135,127.120708469132,51.702109467238,0.0075,0.0075,122.643900,0.8580,9
628,547776200,50,36.741394422154,127.120712472134,51.699522473849,0.0075,0.0075,122.456355,0.8580,9
629,547776250,50,36.741392350958,127.120716439303,51.703230586834,0.0075,0.0075,122.971550,0.8580,9
630,547776300,50,36.741390252027,127.120720374004,51.706316964701,0.0075,0.0075,123.536948,0.8580,9
631,547776350,50,36.741388063802,127.120724239538,51.697678513825,0.0076,0.0075,125.121607,0.8580,9
632,547776400,50,36.741385876474,127.120728082150,51.703185302205,0.0076,0.0075,125.271060,0.8580,9
633,547776450,50,36.741383629418,127.120731931607,51.706415280700,0.0076,0.0075,125.953452,0.8580,9
634,547776500,50,36.741381341506,127.120735747581,51.698346870020,0.0076,0.0075,126.684989,0.8580,9
635,547776550,50,36.741378992257,127.120739516844,51.707882325165,0.0076,0.0075,127.754961,0.8580,9
636,547776600,50,36.741376634977,127.120743263928,51.704798288643,0.0076,0.0075,128.013593,0.8580,9
637,547776650,50,36.741374208241,127.120746978787,51.691817124374,0.0076,0.0075,129.065532,0.8580,9
638,547776700,50,36.741371816058,127.120750741853,51.700359114446,0.0076,0.0075,128.304243,0.8580,9
639,547776750,50,36.741369429891,127.120754469614,51.691053437069,0.0076,0.0075,128.496904,0.8580,9
640,547776800,50,36.741366981793,127.120758182992,51.696261392906,0.0076,0.0076,129.322668,0.8580,9
641,547776850,50,36.741364585825,127.120761927100,51.692174528725,0.0076,0.0076,128.489176,0.8580,9
642,547776900,50,36.741362220056,127.120765695656,51.694953288883,0.0076,0.0076,127.954676,0.8580,9
643,547776950,50,36.741359898299,127.120769476785,51.693647745065,0.0076,0.0076,127.342038,0.8580,9
644,547777000,50,36.741357627098,127.120773330169,51.682859562337,0.0076,0.0075,127.342082,0.8580,9
645,547777050,50,36.741355334854,127.120777218419,51.683929380029,0.0076,0.0075,126.223019,0.8580,9
646,547777100,50,36.741353108825,127.120781119428,51.695867957547,0.0076,0.0076,125.337410,0.8580,9
647,547777150,50,36.741350923634,127.120785099422,51.688067259267,0.0076,0.0076,124.301798,0.8580,9
648,547777200,50,36.741348763871,127.120789062509,51.688752657734,0.0076,0.0076,124.103417,0.8580,9
649,547777250,50,36.741346655411,127.120793106537,51.691312549636,0.0076,0.0076,122.936059,0.8580,9
650,547777300,50,36.741344541630,127.120797127295,51.699662115425,0.0076,0.0076,123.153187,0.8580,9
651,547777350,50,36.741342422374,127.120801167371,51.695192817599,0.0076,0.0076,123.095341,0.8580,9
652,547777400,50,36.741340336672,127.120805194414,51.687336822040,0.0076,0.0076,122.762593,0.8580,9
653,547777450,50,36.741338211226,127.120809183178,51.692266484722,0.0076,0.0076,123.508086,0.8580,9
654,547777500,50,36.741336066803,127.120813180012,51.695421672426,0.0076,0.0076,123.689444,0.8580,9
655,547777550,50,36.741333879142,127.120817130867,51.694691408426,0.0076,0.0076,124.528268,0.8580,9
656,547777600,50,36.741331648588,127.120821047396,51.685712077655,0.0076,0.0076,125.284962,0.8580,9
657,547777650,50,36.741329332483,127.120824910501,51.691329622641,0.0070,0.0072,125.285008,0.8580,9
658,547777700,50,36.741327018458,127.120828710620,51.692593438551,0.0070,0.0072,127.111738,0.8580,9
659,547777750,50,36.741324665935,127.120832526654,51.683457753621,0.0070,0.0072,127.451970,0.8580,9
660,547777800,50,36.741322296147,127.120836279174,51.682173134759,0.0070,0.0072,128.120479,0.8580,9
661,547777850,50,36.741319848882,127.120839987149,51.680242779665,0.0070,0.0072,129.354022,0.8580,9
662,547777900,50,36.741317417577,127.120843659973,51.689161731862,0.0071,0.0072,129.437822,0.8580,9
663,547777950,50,36.741314910264,127.120847368585,51.683090434410,0.0071,0.0072,130.031712,0.8580,9
664,547778000,50,36.741312462311,127.120851029888,51.688062691130,0.0071,0.0072,129.718218,0.8580,9
665,547778050,50,36.741309970431,127.120854702373,51.680969278328,0.0071,0.0072,130.133755,0.8580,9
666,547778100,50,36.741307517121,127.120858409600,51.677422996610,0.0071,0.0072,129.428996,0.8580,9
667,547778150,50,36.741305061084,127.120862114244,51.678674058057,0.0071,0.0072,129.479830,0.8580,9
668,547778200,50,36.741302638106,127.120865842808,51.676110242493,0.0071,0.0072,128.918911,0.8580,9
669,547778250,50,36.741300271331,127.120869636723,51.680741803721,0.0072,0.0073,127.780284,0.8580,9
670,547778300,50,36.741298003259,127.120873453437,51.681824838743,0.0072,0.0073,126.440892,0.8580,9
671,547778350,50,36.741295743863,127.120877287225,51.672467858531,0.0072,0.0073,126.214015,0.8580,9
672,547778400,50,36.741293478455,127.120881131764,51.677236042917,0.0072,0.0073,126.210117,0.8580,9
673,547778450,50,36.741291235856,127.120884999691,51.671148118563,0.0072,0.0073,125.769209,0.8580,9
674,547778500,50,36.741289086033,127.120888890535,51.670415876433,0.0072,0.0073,124.470979,0.8580,9
675,547778550,50,36.741286976616,127.120892873161,51.671301875263,0.0073,0.0073,123.349217,0.8580,9
676,547778600,50,36.741284858770,127.120896828546,51.678563877940,0.0073,0.0073,123.635333,0.8580,9
677,547778650,50,36.741282723603,127.120900786421,51.679463538341,0.0073,0.0073,123.834221,0.8580,9
678,547778700,50,36.741280576134,127.120904714923,51.679730441421,0.0073,0.0073,124.184723,0.8580,9
679,547778750,50,36.741278365788,127.120908531667,51.674049386755,0.0072,0.0072,124.184769,0.8580,9
680,547778800,50,36.741276141383,127.120912403688,51.680126264691,0.0073,0.0073,125.519501,0.8580,9
681,547778850,50,36.741273898901,127.120916209106,51.672922112979,0.0073,0.0073,126.211659,0.8580,9
682,547778900,50,36.741271582756,127.120919927935,51.672353328206,0.0073,0.0073,127.734957,0.8580,9
683,547778950,50,36.741269242751,127.120923638679,51.674301886931,0.0073,0.0073,128.080051,0.8580,9
684,547779000,50,36.741266898281,127.120927319632,51.669995279983,0.0073,0.0073,128.357622,0.8580,9
685,547779050,50,36.741264578183,127.120930989474,51.671063478105,0.0073,0.0073,128.150730,0.8580,9
686,547779100,50,36.741262055699,127.120934541634,51.673222815618,0.0073,0.0073,131.423517,0.8580,9
687,547779150,50,36.741259627242,127.120938078580,51.668060079217,0.0073,0.0073,130.467909,0.8580,9
688,547779200,50,36.741257179481,127.120941700408,51.666243874468,0.0073,0.0073,130.021549,0.8580,9
689,547779250,50,36.741254746734,127.120945223020,51.667277934030,0.0073,0.0073,130.632782,0.8580,9
690,547779300,50,36.741252243575,127.120948770238,51.664672779851,0.0073,0.0073,131.244556,0.8580,9
691,547779350,50,36.741249840542,127.120952335574,51.662595602684,0.0073,0.0073,129.944773,0.8580,9
692,547779400,50,36.741247398525,127.120955858436,51.665838803165,0.0073,0.0073,130.738485,0.8580,9
693,547779450,50,36.741245026380,127.120959509835,51.657190906815,0.0073,0.0073,128.910763,0.8580,9
694,547779500,50,36.741242679982,127.120963154710,51.662858859636,0.0073,0.0073,128.655492,0.8580,9
695,547779550,50,36.741240371038,127.120966807366,51.661567717791,0.0073,0.0073,128.147211,0.8580,9
696,547779600,50,36.741238119850,127.120970543050,51.665030463599,0.0073,0.0073,126.824582,0.8580,9
697,547779650,50,36.741235903581,127.120974270760,51.657418064773,0.0073,0.0073,126.454282,0.8580,9
698,547779700,50,36.741233680031,127.120978023003,51.662532509305,0.0073,0.0073,126.364519,0.8580,9
699,547779750,50,36.741231531922,127.120981802614,51.660706928931,0.0073,0.0073,125.228799,0.8580,9
700,547779800,50,36.741229376725,127.120985566447,51.657124384306,0.0073,0.0073,125.228845,0.8580,9
701,547779850,50,36.741227240911,127.120989368821,51.657706093974,0.0073,0.0073,124.912396,0.8580,9
702,547779900,50,36.741225118254,127.120993127610,51.657114884816,0.0073,0.0073,125.056384,0.8580,9
703,547779950,50,36.741222973044,127.120996881699,51.657935583033,0.0073,0.0073,125.375437,0.8580,9
704,547780000,50,36.741220801592,127.121000601302,51.655060513876,0.0072,0.0073,125.955886,0.8580,9
705,547780050,50,36.741218572015,127.121004297355,51.654640479013,0.0072,0.0073,126.852610,0.8580,9
706,547780100,50,36.741216375431,127.121007983042,51.655249050818,0.0072,0.0073,126.520473,0.8580,9
707,547780150,50,36.741214101115,127.121011592100,51.656951778568,0.0072,0.0073,128.060893,0.8580,9
708,547780200,50,36.741211766230,127.121015162586,51.656188784167,0.0072,0.0073,129.095054,0.8580,9
709,547780250,50,36.741209414359,127.121018659619,51.658047343604,0.0072,0.0073,129.883373,0.8580,9
710,547780300,50,36.741207026140,127.121022164923,51.662557521835,0.0072,0.0073,130.249568,0.8580,9
711,547780350,50,36.741204609153,127.121025638101,51.655064262450,0.0072,0.0073,130.849033,0.8580,9
712,547780400,50,36.741202176391,127.121029072106,51.659794623032,0.0072,0.0073,131.355606,0.8580,9
713,547780450,50,36.741199729013,127.121032466483,51.661676489748,0.0072,0.0073,131.856189,0.8580,9
714,547780500,50,36.741197285522,127.121035882925,51.657607586123,0.0072,0.0073,131.626523,0.8580,9
715,547780550,50,36.741194830642,127.121039282443,51.657487726770,0.0072,0.0073,131.900242,0.8580,9
716,547780600,50,36.741192414984,127.121042703454,51.654504459351,0.0072,0.0073,131.262854,0.8580,9
717,547780650,50,36.741189991636,127.121046124834,51.651132100262,0.0072,0.0073,131.350087,0.8580,9
718,547780700,50,36.741187615628,127.121049593979,51.653109416366,0.0072,0.0073,130.397730,0.8580,9
719,547780750,50,36.741185269269,127.121053076835,51.649129454046,0.0072,0.0073,129.931734,0.8580,9
720,547780800,50,36.741182961089,127.121056594963,51.643354767933,0.0072,0.0073,129.186740,0.8580,9
721,547780850,50,36.741180714237,127.121060141556,51.647866750136,0.0072,0.0073,128.208623,0.8580,9
722,547780900,50,36.741178498399,127.121063751227,51.648153199814,0.0072,0.0073,127.334036,0.8580,9
723,547780950,50,36.741176304203,127.121067338185,51.643293502741,0.0072,0.0073,127.334080,0.8580,9
724,547781000,50,36.741174174108,127.121070967302,51.647759623826,0.0072,0.0073,126.102997,0.8580,9
725,547781050,50,36.741172020484,127.121074566590,51.644531490281,0.0072,0.0073,126.629297,0.8580,9
726,547781100,50,36.741169884265,127.121078251927,51.644445434213,0.0072,0.0073,125.762629,0.8580,9
727,547781150,50,36.741167767516,127.121081913742,51.642324022949,0.0072,0.0073,125.687862,0.8580,9
728,547781200,50,36.741165628628,127.121085524583,51.641337313689,0.0072,0.0073,126.353411,0.8580,9
729,547781250,50,36.741163463718,127.121089122424,51.644517243840,0.0072,0.0073,126.783834,0.8580,9
730,547781300,50,36.741161269392,127.121092685343,51.641783645377,0.0072,0.0073,127.424723,0.8580,9
731,547781350,50,36.741159057432,127.121096179512,51.642009025440,0.0072,0.0073,128.187506,0.8580,9
732,547781400,50,36.741156796119,127.121099647330,51.641722751781,0.0072,0.0073,129.015391,0.8580,9
733,547781450,50,36.741154488782,127.121103056351,51.642422273755,0.0072,0.0073,130.063119,0.9519,8
734,547781500,50,36.741152161858,127.121106458041,51.644121224061,0.0072,0.0073,130.362705,0.9519,8
735,547781550,50,36.741149792245,127.121109836393,51.637381406501,0.0072,0.0073,131.072701,0.8584,9
736,547781600,50,36.741147441406,127.121113189457,51.644957508892,0.0072,0.0073,131.060198,0.8584,9
737,547781650,50,36.741145011878,127.121116476396,51.641857598908,0.0072,0.0073,132.564468,0.8584,9
738,547781700,50,36.741142585870,127.121119731539,51.642243609764,0.0072,0.0073,132.800632,0.8584,9
739,547781750,50,36.741140172717,127.121123047506,51.637323444709,0.0072,0.0073,132.120765,0.8584,9
740,547781800,50,36.741137749223,127.121126310496,51.641933550127,0.0072,0.0073,132.702248,0.8584,9
741,547781850,50,36.741135333075,127.121129542297,51.638523961417,0.0072,0.0073,132.889881,0.8584,9
742,547781900,50,36.741132936637,127.121132892547,51.637079761364,0.0072,0.0073,131.629905,0.8584,9
743,547781950,50,36.741130557149,127.121136180807,51.638606119901,0.0072,0.0073,131.959523,0.8584,9
744,547782000,50,36.741128247515,127.121139565166,51.637857751921,0.0072,0.0073,130.296237,0.8584,9
745,547782050,50,36.741125984587,127.121142969487,51.629964563996,0.0072,0.0073,129.554317,0.8584,9
746,547782100,50,36.741123715275,127.121146359913,51.633151439950,0.0072,0.0073,129.748746,0.8584,9
747,547782150,50,36.741121497585,127.121149781945,51.631865865551,0.0072,0.0073,128.842033,0.8584,9
748,547782200,50,36.741119353716,127.121153280720,51.637609319761,0.0072,0.0073,127.283872,0.8584,9
749,547782250,50,36.741117179616,127.121156777309,51.631980342790,0.0072,0.0073,127.688587,0.8584,9
750,547782300,50,36.741115062942,127.121160283523,51.629293992184,0.0071,0.0072,127.688629,0.8584,9
751,547782350,50,36.741112916878,127.121163832135,51.635134538636,0.0071,0.0072,126.922223,0.8584,9
752,547782400,50,36.741110804860,127.121167379412,51.629625909030,0.0071,0.0072,126.493494,0.8584,9
753,547782450,50,36.741108657506,127.121170902217,51.633821667172,0.0071,0.0072,127.139845,0.8584,9
754,547782500,50,36.741106463144,127.121174341548,51.632914775051,0.0071,0.0072,128.405700,0.8584,9
755,547782550,50,36.741104253869,127.121177810182,51.632443852723,0.0071,0.0072,128.357980,0.8584,9
756,547782600,50,36.741102030013,127.121181258778,51.632455247454,0.0071,0.0072,128.703417,0.8584,9
757,547782650,50,36.741099779356,127.121184644609,51.629968234338,0.0071,0.0072,129.554566,0.8584,9
758,547782700,50,36.741097443082,127.121187957643,51.630793351680,0.0071,0.0072,131.224696,0.8584,9
759,547782750,50,36.741095131934,127.121191255390,51.626299356110,0.0071,0.0072,131.049016,0.8584,9
760,547782800,50,36.741092739984,127.121194504308,51.618397183716,0.0071,0.0072,131.049058,0.8584,9
761,547782850,50,36.741090385620,127.121197719937,51.620935406536,0.0071,0.0072,132.293643,0.8584,9
762,547782900,50,36.741087984870,127.121200961859,51.608052657917,0.0072,0.0076,132.618007,0.8584,9
763,547782950,50,36.741085544691,127.121204078290,51.616957828403,0.0072,0.0076,134.212985,0.8584,9
764,547783000,50,36.741083081269,127.121207294939,51.609272371978,0.0073,0.0079,133.578290,0.8584,9
765,547783050,50,36.741080646632,127.121210475216,51.612386304885,0.0073,0.0079,133.567367,0.8584,9
766,547783100,50,36.741078181148,127.121213683995,51.604494203813,0.0073,0.0079,133.672329,0.8584,9
