0,549461600,50,36.742015563515,127.119315639875,51.789307489991,0.0076,0.0068,57.882599,1.0406,8
1,549461650,50,36.742015569018,127.119315620728,51.788760502823,0.0076,0.0068,289.654268,1.0406,8
2,549461700,50,36.742015561422,127.119315622597,51.786542723887,0.0076,0.0068,168.802417,1.0406,8
3,549461750,50,36.742015562952,127.119315626632,51.788932735100,0.0076,0.0068,64.762397,1.0406,8
4,549461800,50,36.742015557836,127.119315611987,51.791551219299,0.0076,0.0068,246.535424,1.0406,8
5,549461850,50,36.742015564743,127.119315629811,51.793422753923,0.0076,0.0068,64.291934,1.0406,8
6,549461900,50,36.742015568862,127.119315616640,51.792815058492,0.0076,0.0068,291.237611,1.0406,8
7,549461950,50,36.742015564099,127.119315612817,51.787820517085,0.0076,0.0068,212.858261,1.0406,8
8,549462000,50,36.742015561235,127.119315626862,51.789322035387,0.0076,0.0068,104.221194,1.0406,8
9,549462050,50,36.742015575591,127.119315633940,51.791467160918,0.0076,0.0068,21.641779,1.0406,8
10,549462100,50,36.742015576746,127.119315607352,51.789401038550,0.0076,0.0068,273.088804,1.0406,8
11,549462150,50,36.742015559717,127.119315602327,51.786640931852,0.0076,0.0068,193.359588,1.0406,8
12,549462200,50,36.742015563593,127.119315608109,51.790893372148,0.0075,0.0067,193.359588,1.0406,8
13,549462250,50,36.742015571919,127.119315624831,51.788533372805,0.0075,0.0067,58.255666,1.0406,8
14,549462300,50,36.742015563691,127.119315606684,51.792447137646,0.0075,0.0067,240.606052,1.0406,8
15,549462350,50,36.742015565850,127.119315637594,51.784372834489,0.0075,0.0067,85.039909,1.0406,8
16,549462400,50,36.742015569436,127.119315629348,51.788387848996,0.0075,0.0067,298.385534,1.0406,8
17,549462450,50,36.742015547048,127.119315605390,51.793926364742,0.0075,0.0068,220.735452,1.0406,8
18,549462500,50,36.742015584088,127.119315637223,51.787440155633,0.0075,0.0068,34.669851,1.0406,8
19,549462550,50,36.742015572560,127.119315627142,51.790856636129,0.0075,0.0068,215.135808,1.0406,8
20,549462600,50,36.742015570762,127.119315610322,51.787844146602,0.0075,0.0068,262.436613,1.0406,8
21,549462650,50,36.742015546150,127.119315616453,51.795762266964,0.0076,0.0068,168.662975,1.0406,8
22,549462700,50,36.742015563549,127.119315609187,51.790778610855,0.0075,0.0067,168.662975,1.0406,8
23,549462750,50,36.742015570133,127.119315603228,51.788555798121,0.0075,0.0067,323.930147,1.0406,8
24,549462800,50,36.742015559343,127.119315620778,51.789980726317,0.0075,0.0067,127.376277,1.0406,8
25,549462850,50,36.742015553755,127.119315611777,51.792709190398,0.0075,0.0067,232.351883,1.0406,8
26,549462900,50,36.742015578347,127.119315614443,51.791551996954,0.0075,0.0067,4.985909,1.0406,8
27,549462950,50,36.742015569317,127.119315618210,51.785506729037,0.0075,0.0067,161.443453,1.0406,8
28,549463000,50,36.742015563410,127.119315623374,51.790744402446,0.0075,0.0067,144.868307,1.0406,8
29,549463050,50,36.742015567778,127.119315635575,51.786259723827,0.0075,0.0067,66.016741,1.0406,8
30,549463100,50,36.742015583380,127.119315625941,51.788075243123,0.0075,0.0067,333.575370,1.0406,8
31,549463150,50,36.742015569631,127.119315628239,51.791396070272,0.0075,0.0067,172.340110,1.0406,8
32,549463200,50,36.742015583229,127.119315628793,51.789818188176,0.0075,0.0067,1.876293,1.0406,8
33,549463250,50,36.742015555468,127.119315616666,51.788876193576,0.0075,0.0067,199.369274,1.0406,8
34,549463300,50,36.742015570840,127.119315638766,51.791112851351,0.0075,0.0067,49.164712,1.0406,8
35,549463350,50,36.742015557144,127.119315656198,51.790693581104,0.0075,0.0067,134.311161,1.0406,8
36,549463400,50,36.742015542884,127.119315701568,51.787670521066,0.0075,0.0067,111.333113,1.0406,8
37,549463450,50,36.742015512965,127.119315713856,51.790396044031,0.0075,0.0067,161.709050,1.0406,8
38,549463500,50,36.742015522789,127.119315772717,51.790507649072,0.0075,0.0067,78.283126,1.0406,8
39,549463550,50,36.742015501210,127.119315813777,51.790501445532,0.0075,0.0067,123.146236,1.0406,8
40,549463600,50,36.742015477218,127.119315863015,51.791397540830,0.0075,0.0067,121.192298,1.0406,8
41,549463650,50,36.742015458570,127.119315954133,51.788059041835,0.0075,0.0068,104.267710,1.0406,8
42,549463700,50,36.742015421855,127.119315992784,51.794282271527,0.0075,0.0068,139.726195,1.0406,8
43,549463750,50,36.742015400691,127.119316079432,51.790757941082,0.0075,0.0067,139.726196,1.0406,8
44,549463800,50,36.742015365103,127.119316134633,51.792236733250,0.0075,0.0067,128.697453,1.0406,8
45,549463850,50,36.742015307243,127.119316201295,51.793250836432,0.0075,0.0067,137.162071,1.0406,8
46,549463900,50,36.742015297883,127.119316289182,51.792470679618,0.0075,0.0067,97.538229,1.0406,8
47,549463950,50,36.742015268952,127.119316391668,51.793652581982,0.0075,0.0067,109.328499,1.0406,8
48,549464000,50,36.742015236672,127.119316463125,51.788826725446,0.0075,0.0067,119.305390,1.0406,8
49,549464050,50,36.742015206476,127.119316571693,51.790393256582,0.0075,0.0067,109.064437,1.0406,8
50,549464100,50,36.742015186097,127.119316666769,51.789274627343,0.0075,0.0067,104.913632,1.0406,8
51,549464150,50,36.742015152722,127.119316778328,51.785418494605,0.0075,0.0067,110.391504,1.0406,8
52,549464200,50,36.742015103941,127.119316864407,51.785300498828,0.0075,0.0067,125.151251,1.0406,8
53,549464250,50,36.742015084037,127.119316948442,51.790023596957,0.0075,0.0067,106.399426,1.0406,8
54,549464300,50,36.742015058654,127.119317028897,51.785823538899,0.0075,0.0067,111.405749,1.0406,8
55,549464350,50,36.742015011507,127.119317076903,51.789493177086,0.0075,0.0067,140.666380,1.0406,8
56,549464400,50,36.742015006285,127.119317155823,51.789029816166,0.0075,0.0067,94.700196,1.0406,8
57,549464450,50,36.742014979172,127.119317233369,51.784162092954,0.0075,0.0067,113.481583,1.0406,8
58,549464500,50,36.742014946731,127.119317280036,51.792605885305,0.0075,0.0067,130.818896,1.0406,8
59,549464550,50,36.742014927204,127.119317327466,51.785199670121,0.0075,0.0067,117.092394,1.0406,8
60,549464600,50,36.742014910799,127.119317389809,51.790466316976,0.0075,0.0067,117.092393,1.0406,8
61,549464650,50,36.742014895144,127.119317459068,51.787711777724,0.0075,0.0067,105.687845,1.0406,8
62,549464700,50,36.742014879530,127.119317499575,51.785722680390,0.0074,0.0067,115.593739,1.0406,8
63,549464750,50,36.742014861465,127.119317521690,51.789070569910,0.0075,0.0067,135.425143,1.0406,8
64,549464800,50,36.742014859755,127.119317530442,51.784325429238,0.0075,0.0067,103.647380,1.0406,8
65,549464850,50,36.742014861841,127.119317556045,51.787715322338,0.0075,0.0067,84.218934,1.0406,8
66,549464900,50,36.742014849814,127.119317593767,51.788409519941,0.0075,0.0067,111.611689,1.0406,8
67,549464950,50,36.742014835898,127.119317581858,51.788823870942,0.0075,0.0067,214.559706,1.0406,8
68,549465000,50,36.742014846001,127.119317592728,51.785611517727,0.0075,0.0067,40.891464,1.0406,8
69,549465050,50,36.742014849533,127.119317572349,51.790635626763,0.0075,0.0067,282.152892,1.0406,8
70,549465100,50,36.742014864820,127.119317581580,51.787539754063,0.0075,0.0067,25.918895,1.0406,8
71,549465150,50,36.742014845833,127.119317563026,51.792805897072,0.0075,0.0067,218.183829,1.0406,8
72,549465200,50,36.742014845441,127.119317573160,51.791229525581,0.0075,0.0067,92.752736,1.0406,8
73,549465250,50,36.742014848375,127.119317597147,51.788212495856,0.0075,0.0067,81.358852,1.0406,8
74,549465300,50,36.742014845923,127.119317598078,51.789551333524,0.0075,0.0067,163.015227,1.0406,8
75,549465350,50,36.742014839376,127.119317579435,51.788617018610,0.0075,0.0067,246.425258,1.0406,8
76,549465400,50,36.742014859370,127.119317598891,51.786646312103,0.0075,0.0067,38.065399,1.0406,8
77,549465450,50,36.742014840684,127.119317580466,51.791064213030,0.0075,0.0067,218.434273,1.0406,8
78,549465500,50,36.742014853260,127.119317579857,51.791711975820,0.0075,0.0067,357.770197,1.0406,8
79,549465550,50,36.742014846551,127.119317584953,51.788121405989,0.0075,0.0067,148.563688,1.0406,8
80,549465600,50,36.742014852428,127.119317606481,51.786074612290,0.0075,0.0067,71.264183,1.0406,8
81,549465650,50,36.742014829283,127.119317588585,51.792828860693,0.0075,0.0067,211.893132,1.0406,8
82,549465700,50,36.742014851331,127.119317597170,51.790235561319,0.0075,0.0067,17.399262,1.0406,8
83,549465750,50,36.742014838827,127.119317572762,51.792836055160,0.0074,0.0067,17.399263,1.0406,8
84,549465800,50,36.742014833704,127.119317573049,51.792870593257,0.0074,0.0067,177.425007,1.0406,8
85,549465850,50,36.742014835300,127.119317588655,51.789061551914,0.0074,0.0067,82.759337,1.0406,8
86,549465900,50,36.742014841335,127.119317577143,51.796020555310,0.0074,0.0067,303.082895,1.0406,8
87,549465950,50,36.742014828742,127.119317588449,51.794077478349,0.0074,0.0067,144.152548,1.0406,8
88,549466000,50,36.742014835993,127.119317594697,51.793432186358,0.0074,0.0067,34.745173,1.0406,8
89,549466050,50,36.742014833142,127.119317593322,51.791801347397,0.0074,0.0067,201.226084,1.0406,8
90,549466100,50,36.742014849027,127.119317597388,51.796732982621,0.0074,0.0067,11.639783,1.0406,8
91,549466150,50,36.742014848278,127.119317592408,51.792981880717,0.0074,0.0067,259.418420,1.0406,8
92,549466200,50,36.742014845052,127.119317573916,51.791517841630,0.0075,0.0067,257.770873,1.0406,8
93,549466250,50,36.742014827917,127.119317570825,51.792611678131,0.0075,0.0067,188.258761,1.0406,8
94,549466300,50,36.742014839877,127.119317587080,51.791925029829,0.0075,0.0067,47.564340,1.0406,8
95,549466350,50,36.742014854903,127.119317578719,51.793654081412,0.0075,0.0067,335.877496,1.0406,8
96,549466400,50,36.742014860183,127.119317587051,51.791541021317,0.0075,0.0067,51.782028,1.0406,8
97,549466450,50,36.742014857899,127.119317586365,51.791359586641,0.0075,0.0067,193.591506,1.0406,8
98,549466500,50,36.742014837956,127.119317586948,51.793899245560,0.0075,0.0067,178.651394,1.0406,8
99,549466550,50,36.742014842318,127.119317583129,51.792792800814,0.0075,0.0067,324.826575,1.0406,8
100,549466600,50,36.742014838903,127.119317576792,51.790564050898,0.0075,0.0067,236.194351,1.0406,8
101,549466650,50,36.742014849559,127.119317579320,51.792932526208,0.0075,0.0067,10.809705,1.0406,8
102,549466700,50,36.742014852929,127.119317570394,51.796674943529,0.0075,0.0067,295.136344,1.0406,8
103,549466750,50,36.742014839793,127.119317573497,51.793574220501,0.0075,0.0067,169.235752,1.0406,8
104,549466800,50,36.742014856326,127.119317591695,51.792489415035,0.0075,0.0067,41.537046,1.0406,8
105,549466850,50,36.742014857176,127.119317583661,51.793838493526,0.0075,0.0067,277.485654,1.0406,8
106,549466900,50,36.742014842845,127.119317588549,51.794574384578,0.0075,0.0067,164.652374,1.0406,8
107,549466950,50,36.742014833796,127.119317579294,51.793020647950,0.0074,0.0067,164.652374,1.0406,8
108,549467000,50,36.742014838250,127.119317577622,51.792286186479,0.0074,0.0067,343.183124,1.0406,8
109,549467050,50,36.742014842645,127.119317578503,51.789262696169,0.0074,0.0067,9.169248,1.0406,8
110,549467100,50,36.742014851960,127.119317590152,51.787767882459,0.0074,0.0067,45.181989,1.0406,8
111,549467150,50,36.742014842154,127.119317585883,51.793122368865,0.0074,0.0067,199.305384,1.0406,8
112,549467200,50,36.742014840515,127.119317562572,51.792250270024,0.0074,0.0067,265.006291,1.0406,8
113,549467250,50,36.742014837938,127.119317575447,51.791150351055,0.0074,0.0067,103.964757,1.0406,8
114,549467300,50,36.742014845308,127.119317580700,51.792413917370,0.0074,0.0067,29.840671,1.0406,8
115,549467350,50,36.742014850610,127.119317595463,51.787554404698,0.0074,0.0067,65.951350,1.0406,8
116,549467400,50,36.742014836972,127.119317565122,51.793206694536,0.0074,0.0067,240.816053,1.0406,8
117,549467450,50,36.742014825875,127.119317593258,51.795204468071,0.0074,0.0067,116.106803,1.0406,8
118,549467500,50,36.742014832632,127.119317575849,51.787551480345,0.0074,0.0067,295.745605,1.0406,8
119,549467550,50,36.742014852206,127.119317593335,51.793213907629,0.0074,0.0067,35.714006,1.0406,8
120,549467600,50,36.742014833683,127.119317568643,51.789913366549,0.0074,0.0066,35.714006,1.0406,8
121,549467650,50,36.742014844288,127.119317571860,51.786888035946,0.0074,0.0066,13.716681,1.0406,8
122,549467700,50,36.742014838853,127.119317576096,51.791834051721,0.0074,0.0066,147.902737,1.0406,8
123,549467750,50,36.742014837051,127.119317594389,51.789983275346,0.0074,0.0066,96.978769,1.0406,8
124,549467800,50,36.742014834604,127.119317585577,51.791389347054,0.0074,0.0066,250.964978,1.0406,8
125,549467850,50,36.742014820777,127.119317637771,51.794529311359,0.0074,0.0066,108.220164,1.0406,8
126,549467900,50,36.742014816510,127.119317668327,51.788049776107,0.0074,0.0066,99.842926,1.0406,8
127,549467950,50,36.742014807599,127.119317702312,51.787101671100,0.0074,0.0066,108.047056,1.0406,8
128,549468000,50,36.742014782504,127.119317754614,51.793706233613,0.0074,0.0067,120.802550,1.0406,8
129,549468050,50,36.742014756804,127.119317835218,51.789923067205,0.0074,0.0067,111.612079,1.0406,8
130,549468100,50,36.742014723488,127.119317904710,51.788609489799,0.0074,0.0067,120.781965,1.0406,8
131,549468150,50,36.742014715618,127.119317990870,51.785691943020,0.0074,0.0067,96.475184,1.0406,8
132,549468200,50,36.742014675348,127.119318076973,51.790423964150,0.0074,0.0067,120.161731,1.0406,8
133,549468250,50,36.742014635887,127.119318198499,51.782835911028,0.0074,0.0067,111.972381,1.0406,8
134,549468300,50,36.742014591835,127.119318312636,51.789556772448,0.0074,0.0067,115.620878,1.0406,8
135,549468350,50,36.742014575051,127.119318461147,51.792254987173,0.0074,0.0067,97.993515,1.0406,8
136,549468400,50,36.742014494721,127.119318619593,51.796140612103,0.0074,0.0067,122.208821,1.0406,8
137,549468450,50,36.742014426101,127.119318797758,51.792159525678,0.0074,0.0067,115.573975,1.0406,8
138,549468500,50,36.742014359650,127.119319016567,51.794173217379,0.0074,0.0067,110.674154,1.0406,8
139,549468550,50,36.742014290641,127.119319239174,51.790948756970,0.0074,0.0067,111.066308,1.0406,8
140,549468600,50,36.742014186571,127.119319456191,51.794368892908,0.0074,0.0066,111.066308,1.0406,8
141,549468650,50,36.742014085031,127.119319728307,51.788619678468,0.0074,0.0066,114.874709,1.0406,8
142,549468700,50,36.742013981929,127.119320009163,51.789620173164,0.0074,0.0066,114.519472,1.0406,8
143,549468750,50,36.742013841831,127.119320336940,51.795076963492,0.0074,0.0067,117.972005,1.0406,8
144,549468800,50,36.742013710937,127.119320697999,51.799573747441,0.0074,0.0067,114.249304,1.0406,8
145,549468850,50,36.742013575172,127.119321077546,51.799461132847,0.0074,0.0067,113.963199,1.0406,8
146,549468900,50,36.742013457247,127.119321463332,51.791273057461,0.0074,0.0067,110.797465,1.0406,8
147,549468950,50,36.742013302349,127.119321919756,51.787471946329,0.0074,0.0067,112.864309,1.0406,8
148,549469000,50,36.742013093929,127.119322399138,51.787813114002,0.0074,0.0067,118.378557,1.0406,8
149,549469050,50,36.742012929035,127.119322850192,51.794242289849,0.0074,0.0067,114.429541,1.0406,8
150,549469100,50,36.742012761349,127.119323374083,51.798051842488,0.0074,0.0067,111.688164,1.0406,8
151,549469150,50,36.742012556673,127.119323919272,51.794384084642,0.0074,0.0067,115.007894,1.0406,8
152,549469200,50,36.742012330656,127.119324493549,51.789835628122,0.0074,0.0067,116.059617,1.0406,8
153,549469250,50,36.742012136799,127.119325148467,51.796526630409,0.0074,0.0067,110.193205,1.0406,8
154,549469300,50,36.742011925491,127.119325779838,51.793358720839,0.0074,0.0067,112.580163,1.0406,8
155,549469350,50,36.742011675062,127.119326461741,51.790075273253,0.0074,0.0067,114.528227,1.0406,8
156,549469400,50,36.742011406597,127.119327142840,51.789287120104,0.0074,0.0067,116.093915,1.0406,8
157,549469450,50,36.742011142888,127.119327898935,51.780874948017,0.0075,0.0067,113.430451,1.0406,8
158,549469500,50,36.742010849713,127.119328701252,51.791328730993,0.0075,0.0067,114.419710,1.0406,8
159,549469550,50,36.742010572070,127.119329480260,51.794484992512,0.0075,0.0067,113.886077,1.0406,8
160,549469600,50,36.742010261406,127.119330328737,51.785367639735,0.0074,0.0067,113.886080,1.0406,8
161,549469650,50,36.742009955126,127.119331244861,51.780907680281,0.0074,0.0067,112.558306,1.0406,8
162,549469700,50,36.742009624811,127.119332154875,51.792576621287,0.0074,0.0067,114.276064,1.0406,8
163,549469750,50,36.742009300101,127.119333126900,51.785165755078,0.0074,0.0067,112.542124,1.0406,8
164,549469800,50,36.742008939558,127.119334118235,51.779729428701,0.0074,0.0067,114.318388,1.0406,8
165,549469850,50,36.742008542113,127.119335134138,51.782321988605,0.0074,0.0067,115.924803,1.0406,8
166,549469900,50,36.742008145926,127.119336178325,51.791478167288,0.0074,0.0067,115.241301,1.0406,8
167,549469950,50,36.742007776488,127.119337286325,51.785251976922,0.0074,0.0067,112.504065,1.0406,8
168,549470000,50,36.742007360167,127.119338448302,51.788029205985,0.0074,0.0067,113.997841,1.0406,8
169,549470050,50,36.742006949674,127.119339630540,51.788489797153,0.0074,0.0067,113.336804,1.0406,8
170,549470100,50,36.742006490970,127.119340855520,51.783515526913,0.0074,0.0067,114.951508,1.0406,8
171,549470150,50,36.742006082265,127.119342081030,51.786984679289,0.0074,0.0067,112.508284,1.0406,8
172,549470200,50,36.742005598600,127.119343352804,51.784635860473,0.0074,0.0067,115.292918,1.0406,8
173,549470250,50,36.742005143090,127.119344635795,51.782284785062,0.0075,0.0067,113.804485,1.0406,8
174,549470300,50,36.742004658552,127.119345940497,51.790355456062,0.0075,0.0067,114.771010,1.0406,8
175,549470350,50,36.742004199127,127.119347343539,51.785796445794,0.0075,0.0067,112.139817,1.0406,8
176,549470400,50,36.742003697319,127.119348702956,51.790409001522,0.0075,0.0068,114.639169,1.0406,8
177,549470450,50,36.742003186080,127.119350113987,51.787406294607,0.0075,0.0068,114.236832,1.0406,8
178,549470500,50,36.742002664759,127.119351521556,51.792014435865,0.0075,0.0068,114.711771,1.0406,8
179,549470550,50,36.742002158533,127.119353046271,51.777934989892,0.0075,0.0068,112.418046,1.0406,8
180,549470600,50,36.742001588906,127.119354506990,51.784005644731,0.0075,0.0068,115.852183,1.0406,8
181,549470650,50,36.742001028601,127.119356063251,51.793375784531,0.0075,0.0068,114.101525,1.0406,8
182,549470700,50,36.742000474016,127.119357582276,51.788367738016,0.0075,0.0068,114.400970,1.0406,8
183,549470750,50,36.741999876557,127.119359159074,51.788045285270,0.0075,0.0068,115.211301,1.0406,8
184,549470800,50,36.741999336427,127.119360803552,51.788344224915,0.0075,0.0068,115.211310,1.0406,8
185,549470850,50,36.741998754070,127.119362418823,51.793449254707,0.0075,0.0068,114.131128,1.0406,8
186,549470900,50,36.741998133708,127.119364048865,51.793409788050,0.0075,0.0068,115.308779,1.0406,8
187,549470950,50,36.741997508575,127.119365662815,51.783701673150,0.0075,0.0068,115.700221,1.0406,8
188,549471000,50,36.741996925763,127.119367354381,51.788588294759,0.0075,0.0068,113.175908,1.0406,8
189,549471050,50,36.741996300700,127.119369103042,51.787360378541,0.0075,0.0068,113.948258,1.0406,8
190,549471100,50,36.741995677405,127.119370777457,51.787466405891,0.0075,0.0068,114.821967,1.0406,8
191,549471150,50,36.741995076360,127.119372565021,51.782340866514,0.0075,0.0068,112.674483,1.0406,8
192,549471200,50,36.741994444829,127.119374325711,51.789671116509,0.0075,0.0068,114.021441,1.0406,8
193,549471250,50,36.741993789386,127.119376087358,51.791444952600,0.0075,0.0068,114.811158,1.0406,8
194,549471300,50,36.741993144479,127.119377870117,51.786394058727,0.0075,0.0068,114.203106,1.0406,8
195,549471350,50,36.741992474339,127.119379749088,51.787782470696,0.0075,0.0068,113.900668,1.0406,8
196,549471400,50,36.741991785164,127.119381479230,51.787714956328,0.0075,0.0069,116.332860,1.0406,8
197,549471450,50,36.741991132669,127.119383428222,51.788355914876,0.0075,0.0069,112.586483,1.0406,8
198,549471500,50,36.741990457616,127.119385319073,51.793789907359,0.0075,0.0069,113.921961,1.0406,8
199,549471550,50,36.741989758934,127.119387151031,51.790501155891,0.0075,0.0069,115.355563,1.0406,8
200,549471600,50,36.741989066973,127.119389123756,51.790421882644,0.0075,0.0069,113.549333,1.0406,8
201,549471650,50,36.741988357455,127.119391024139,51.791460543871,0.0075,0.0069,114.886898,1.0406,8
202,549471700,50,36.741987652587,127.119392981490,51.791002033278,0.0075,0.0069,114.106298,1.0406,8
203,549471750,50,36.741986948623,127.119394888325,51.794764603488,0.0075,0.0069,114.641752,1.0406,8
204,549471800,50,36.741986246117,127.119396864462,51.797157154419,0.0075,0.0069,113.831741,1.0406,8
205,549471850,50,36.741985498164,127.119398838032,51.795233951882,0.0076,0.0069,115.215832,1.0406,8
206,549471900,50,36.741984819673,127.119400849058,51.791129740886,0.0076,0.0069,112.744045,1.0406,8
207,549471950,50,36.741984078404,127.119402810059,51.798654886894,0.0076,0.0069,115.158728,1.0406,8
208,549472000,50,36.741983326301,127.119404826521,51.790024732240,0.0076,0.0069,114.865005,1.0406,8
209,549472050,50,36.741982617058,127.119406842445,51.799221961759,0.0076,0.0069,113.612498,1.0406,8
210,549472100,50,36.741981863336,127.119408833000,51.799120707437,0.0075,0.0069,113.612515,1.0406,8
211,549472150,50,36.741981127559,127.119410917989,51.790737385862,0.0075,0.0069,113.676550,1.0406,8
212,549472200,50,36.741980368526,127.119412974533,51.795414598659,0.0075,0.0069,114.636028,1.0406,8
213,549472250,50,36.741979628836,127.119415057822,51.795720790513,0.0075,0.0069,113.805791,1.0406,8
214,549472300,50,36.741978840187,127.119417144553,51.799678643234,0.0075,0.0069,115.154620,1.0406,8
215,549472350,50,36.741978060676,127.119419256648,51.801180668175,0.0075,0.0069,114.635357,1.0406,8
216,549472400,50,36.741977292794,127.119421416430,51.791587755084,0.0075,0.0069,113.834236,1.0406,8
217,549472450,50,36.741976517170,127.119423605581,51.794115153141,0.0075,0.0069,113.760744,1.0406,8
218,549472500,50,36.741975688589,127.119425697632,51.800063116476,0.0075,0.0069,116.202730,1.0406,8
219,549472550,50,36.741974890727,127.119427920550,51.798802553676,0.0077,0.0076,114.035796,1.0406,8
220,549472600,50,36.741974094605,127.119430126660,51.798626446165,0.0077,0.0075,114.151212,1.0406,8
221,549472650,50,36.741973262535,127.119432375106,51.809804973193,0.0076,0.0075,114.151235,1.0406,8
222,549472700,50,36.741972412200,127.119434641725,51.801634046249,0.0076,0.0075,114.992308,1.0406,8
223,549472750,50,36.741971576110,127.119436942607,51.800419375300,0.0076,0.0074,114.299647,1.0406,8
224,549472800,50,36.741970722862,127.119439281849,51.801679599099,0.0076,0.0074,114.380966,1.0406,8
225,549472850,50,36.741969874260,127.119441638761,51.794110353105,0.0076,0.0074,114.102429,1.0406,8
226,549472900,50,36.741968984897,127.119444008101,51.797533689067,0.0077,0.0077,115.004420,1.0406,8
227,549472950,50,36.741968117138,127.119446441434,51.796794163063,0.0076,0.0077,113.898356,1.0406,8
228,549473000,50,36.741967203438,127.119448854667,51.800701218657,0.0076,0.0077,115.194598,1.0406,8
229,549473050,50,36.741966292056,127.119451283026,51.795839698985,0.0076,0.0077,115.001193,1.0406,8
230,549473100,50,36.741965366462,127.119453795559,51.800582400523,0.0076,0.0077,114.595386,1.0406,8
231,549473150,50,36.741964458690,127.119456300326,51.791405965574,0.0076,0.0076,114.242811,1.0406,8
232,549473200,50,36.741963495358,127.119458813848,51.802563564852,0.0076,0.0076,115.464434,1.0406,8
233,549473250,50,36.741962551487,127.119461363081,51.799546939321,0.0077,0.0079,114.705114,1.0406,8
234,549473300,50,36.741961596821,127.119463986892,51.801954699680,0.0077,0.0078,114.327368,1.0406,8
235,549473350,50,36.741960601587,127.119466600991,51.807763479650,0.0077,0.0078,115.316713,1.0406,8
236,549473400,50,36.741959650524,127.119469245360,51.808130412363,0.0077,0.0076,114.079120,1.0406,8
237,549473450,50,36.741958676346,127.119471929938,51.806147428229,0.0077,0.0076,114.270149,1.0406,8
238,549473500,50,36.741957650674,127.119474585026,51.801452616230,0.0077,0.0076,115.640817,1.0406,8
239,549473550,50,36.741956626629,127.119477328511,51.805408775806,0.0077,0.0076,114.881559,1.0406,8
240,549473600,50,36.741955622511,127.119480080642,51.804482691921,0.0076,0.0075,114.881586,1.0406,8
241,549473650,50,36.741954600224,127.119482873600,51.800674758852,0.0076,0.0075,114.455863,1.0406,8
242,549473700,50,36.741953555496,127.119485711140,51.791897119023,0.0077,0.0077,114.583038,1.0406,8
243,549473750,50,36.741952513076,127.119488583598,51.797152981162,0.0079,0.0087,114.271457,1.0406,8
244,549473800,50,36.741951413827,127.119491426158,51.790289474651,0.0079,0.0088,115.664371,1.3040,7
245,549473850,50,36.741950350229,127.119494324665,51.795151986182,0.0079,0.0088,114.510340,1.0419,8
246,549473900,50,36.741949240075,127.119497272572,51.790136571042,0.0079,0.0088,115.076148,1.0419,8
247,549473950,50,36.741948173402,127.119500191572,51.793865816668,0.0079,0.0088,114.420496,1.0419,8
248,549474000,50,36.741947045046,127.119503152888,51.791435620748,0.0079,0.0088,115.335005,1.0419,8
249,549474050,50,36.741945925964,127.119506151377,51.792071090080,0.0079,0.0088,114.878690,1.0419,8
250,549474100,50,36.741944781193,127.119509157443,51.784901800565,0.0079,0.0088,115.322678,1.0419,8
251,549474150,50,36.741943650610,127.119512234281,51.792437636293,0.0079,0.0088,114.539949,1.0419,8
252,549474200,50,36.741942442959,127.119515268725,51.789707962424,0.0079,0.0088,116.312611,1.0419,8
253,549474250,50,36.741941351648,127.119518413202,51.783031173982,0.0079,0.0088,113.327119,1.0419,8
254,549474300,50,36.741940177180,127.119521490337,51.784237371758,0.0079,0.0088,115.372397,1.0419,8
255,549474350,50,36.741938988627,127.119524676217,51.780755267479,0.0079,0.0088,114.870107,1.0419,8
256,549474400,50,36.741937777897,127.119527783190,51.786427226849,0.0079,0.0088,115.835905,1.0419,8
257,549474450,50,36.741936614581,127.119531021065,51.782431064174,0.0080,0.0088,114.057028,1.0419,8
258,549474500,50,36.741935404481,127.119534198925,51.780789137818,0.0080,0.0088,115.320940,1.0419,8
259,549474550,50,36.741934180782,127.119537443758,51.783170743845,0.0080,0.0088,115.107189,1.0419,8
260,549474600,50,36.741932934424,127.119540642561,51.777853979729,0.0079,0.0088,115.107221,1.0419,8
261,549474650,50,36.741931736522,127.119543989048,51.777517474256,0.0079,0.0088,113.978302,1.0419,8
262,549474700,50,36.741930469095,127.119547270843,51.773105600849,0.0079,0.0088,115.634757,1.0419,8
263,549474750,50,36.741929220650,127.119550548457,51.764316243120,0.0079,0.0088,115.327352,1.0419,8
264,549474800,50,36.741927972898,127.119553927733,51.764589540660,0.0079,0.0088,114.645135,1.0419,8
265,549474850,50,36.741926681103,127.119557328098,51.765429309569,0.0079,0.0088,115.269047,1.0419,8
266,549474900,50,36.741925397740,127.119560725323,51.765858969651,0.0079,0.0088,115.144869,1.0419,8
267,549474950,50,36.741924115708,127.119564128707,51.773917557672,0.0080,0.0088,115.082134,1.0419,8
268,549475000,50,36.741922786668,127.119567523608,51.768979092129,0.0080,0.0088,115.939596,1.0419,8
269,549475050,50,36.741921491719,127.119571132724,51.756946250796,0.0080,0.0088,114.028288,1.0419,8
270,549475100,50,36.741920174818,127.119574599975,51.751636632718,0.0080,0.0089,115.263926,1.0419,8
271,549475150,50,36.741918843652,127.119578095154,51.761512441561,0.0080,0.0089,115.324851,1.0419,8
272,549475200,50,36.741917484196,127.119581645649,51.764532045461,0.0080,0.0089,115.443032,1.0419,8
273,549475250,50,36.741916125649,127.119585222268,51.757842353545,0.0080,0.0089,115.265672,1.0419,8
274,549475300,50,36.741914746678,127.119588819821,51.759101617150,0.0080,0.0089,115.467183,1.0419,8
275,549475350,50,36.741913356673,127.119592415552,51.754048363306,0.0080,0.0089,115.656234,1.0419,8
276,549475400,50,36.741911996504,127.119596091129,51.763846733607,0.0080,0.0089,114.693264,1.0419,8
277,549475450,50,36.741910599780,127.119599782389,51.753616422415,0.0080,0.0089,115.180923,1.0419,8
278,549475500,50,36.741909200397,127.119603474475,51.760846885853,0.0080,0.0089,115.217966,1.0419,8
279,549475550,50,36.741907777719,127.119607233612,51.748757494614,0.0080,0.0089,115.185105,1.0419,8
280,549475600,50,36.741906320306,127.119610968812,51.759217073210,0.0080,0.0089,115.864813,1.0419,8
281,549475650,50,36.741904898381,127.119614719923,51.757760361768,0.0080,0.0089,115.220600,1.0419,8
282,549475700,50,36.741903419264,127.119618508852,51.764764560387,0.0080,0.0089,115.876067,1.0419,8
283,549475750,50,36.741901958896,127.119622336993,51.762910798192,0.0080,0.0089,115.876106,1.0419,8
284,549475800,50,36.741900490288,127.119626145410,51.756889209151,0.0080,0.0089,115.601308,1.0419,8
285,549475850,50,36.741899027688,127.119630034337,51.755126173608,0.0080,0.0089,115.047076,1.0419,8
286,549475900,50,36.741897504582,127.119633838624,51.764378676191,0.0080,0.0089,116.448847,1.0419,8
287,549475950,50,36.741896053149,127.119637750199,51.759232269600,0.0080,0.0089,114.752330,1.0419,8
288,549476000,50,36.741894576192,127.119641743269,51.752690406516,0.0080,0.0089,114.682946,1.0419,8
289,549476050,50,36.741893042785,127.119645647667,51.750728900544,0.0080,0.0089,116.011909,1.0419,8
290,549476100,50,36.741891525777,127.119649605601,51.759580004960,0.0080,0.0089,115.465719,1.0419,8
291,549476150,50,36.741890017899,127.119653610303,51.755997058935,0.0081,0.0089,115.072390,1.0419,8
292,549476200,50,36.741888431868,127.119657520005,51.758741606958,0.0080,0.0089,116.750498,1.0419,8
293,549476250,50,36.741886922659,127.119661514957,51.762946431525,0.0081,0.0089,115.145474,1.0419,8
294,549476300,50,36.741885373585,127.119665528015,51.759856963530,0.0081,0.0089,115.623652,1.0419,8
295,549476350,50,36.741883841324,127.119669563771,51.758889569901,0.0081,0.0089,115.255770,1.0419,8
296,549476400,50,36.741882266987,127.119673552395,51.753350676037,0.0081,0.0089,116.124964,1.0419,8
297,549476450,50,36.741880702817,127.119677596904,51.763110432774,0.0081,0.0089,115.665936,1.0419,8
298,549476500,50,36.741879144836,127.119681657591,51.759917569347,0.0081,0.0089,115.488409,1.0419,8
299,549476550,50,36.741877542282,127.119685739037,51.759020693600,0.0081,0.0089,116.006450,1.0419,8
300,549476600,50,36.741875964529,127.119689814409,51.757322787307,0.0081,0.0089,115.689292,1.0419,8
301,549476650,50,36.741874373780,127.119693887666,51.766022393480,0.0081,0.0089,115.885053,1.0419,8
302,549476700,50,36.741872764329,127.119697912816,51.765722502954,0.0081,0.0089,116.419286,1.0419,8
303,549476750,50,36.741871175932,127.119702073219,51.763989198953,0.0081,0.0089,115.378945,1.0419,8
304,549476800,50,36.741869566958,127.119706148400,51.764006642625,0.0081,0.0089,116.131604,1.0419,8
305,549476850,50,36.741867949373,127.119710284740,51.760757508688,0.0081,0.0089,115.915677,1.0419,8
306,549476900,50,36.741866298764,127.119714387687,51.762674126774,0.0081,0.0089,116.558987,1.0419,8
307,549476950,50,36.741864688454,127.119718575468,51.766292273998,0.0081,0.0089,115.537760,1.0419,8
308,549477000,50,36.741863015889,127.119722741808,51.770044413395,0.0079,0.0085,115.537805,1.0419,8
309,549477050,50,36.741861368135,127.119726890593,51.761257446371,0.0079,0.0085,116.265916,1.0419,8
310,549477100,50,36.741859712259,127.119731111849,51.765391824767,0.0079,0.0085,115.985024,1.0419,8
311,549477150,50,36.741858048744,127.119735288547,51.761954943649,0.0079,0.0085,116.329939,1.0419,8
312,549477200,50,36.741856419481,127.119739485011,51.760707519948,0.0080,0.0085,115.753059,1.0419,8
313,549477250,50,36.741854727395,127.119743672860,51.764245534316,0.0080,0.0085,116.658489,1.0419,8
314,549477300,50,36.741853060921,127.119747883167,51.767240256071,0.0080,0.0085,116.188144,1.0419,8
315,549477350,50,36.741851387920,127.119752096420,51.760940721259,0.0080,0.0085,116.261037,1.0419,8
316,549477400,50,36.741849694452,127.119756297923,51.762694521807,0.0080,0.0085,116.602496,1.0419,8
317,549477450,50,36.741848055141,127.119760510606,51.757340760902,0.0080,0.0085,115.804447,1.0419,8
318,549477500,50,36.741846401499,127.119764740160,51.768287559040,0.0080,0.0085,115.910296,1.0419,8
319,549477550,50,36.741844730901,127.119768959291,51.763112528250,0.0080,0.0085,116.196698,1.0419,8
320,549477600,50,36.741843040228,127.119773165902,51.762014871463,0.0080,0.0085,116.536781,1.0419,8
321,549477650,50,36.741841347994,127.119777334222,51.758803747594,0.0077,0.0073,116.536830,1.0419,8
322,549477700,50,36.741839648545,127.119781580386,51.757767602801,0.0077,0.0073,116.441182,1.0419,8
323,549477750,50,36.741837953384,127.119785816986,51.765772295184,0.0077,0.0073,116.434984,1.0419,8
324,549477800,50,36.741836267335,127.119790038974,51.759949304163,0.0077,0.0073,116.390824,1.0419,8
325,549477850,50,36.741834559537,127.119794287391,51.754453762434,0.0077,0.0073,116.541144,1.0419,8
326,549477900,50,36.741832859980,127.119798548460,51.762912231497,0.0076,0.0072,116.362666,1.0419,8
327,549477950,50,36.741831147213,127.119802770555,51.758800317533,0.0077,0.0072,116.750602,1.0419,8
328,549478000,50,36.741829446940,127.119807031053,51.764623337425,0.0077,0.0072,116.375313,1.0419,8
329,549478050,50,36.741827734654,127.119811280013,51.763577517122,0.0077,0.0072,116.598357,1.0419,8
330,549478100,50,36.741826013227,127.119815527851,51.756238706410,0.0077,0.0072,116.726759,1.0419,8
331,549478150,50,36.741824317955,127.119819795059,51.756482692435,0.0077,0.0072,116.272391,1.0419,8
332,549478200,50,36.741822566852,127.119824069272,51.760717573576,0.0077,0.0072,116.978477,1.0419,8
333,549478250,50,36.741820854844,127.119828340308,51.760083695874,0.0077,0.0072,116.475956,1.0419,8
334,549478300,50,36.741819124282,127.119832612288,51.756346929818,0.0077,0.0072,116.718123,1.0419,8
335,549478350,50,36.741817403584,127.119836890138,51.761329930276,0.0077,0.0072,116.555344,1.0419,8
336,549478400,50,36.741815684626,127.119841218014,51.761848476715,0.0076,0.0071,116.266865,1.0419,8
337,549478450,50,36.741813932622,127.119845478768,51.761259619147,0.0076,0.0071,117.063537,1.0419,8
338,549478500,50,36.741812187894,127.119849790084,51.761250454932,0.0076,0.0071,116.694798,1.0419,8
339,549478550,50,36.741810485052,127.119854043246,51.759016780183,0.0076,0.0071,116.449089,1.0419,8
340,549478600,50,36.741808733038,127.119858354044,51.762761954218,0.0076,0.0071,116.793513,1.0419,8
341,549478650,50,36.741806971472,127.119862638623,51.760754659772,0.0076,0.0071,117.060426,1.0419,8
342,549478700,50,36.741805219790,127.119866901137,51.761396602727,0.0076,0.0070,117.060476,1.0419,8
343,549478750,50,36.741803451426,127.119871146477,51.757636475377,0.0076,0.0070,117.364590,1.0419,8
344,549478800,50,36.741801734790,127.119875492611,51.756854724139,0.0076,0.0070,116.140663,1.0419,8
345,549478850,50,36.741799937697,127.119879762442,51.751812602393,0.0076,0.0070,117.607693,1.0419,8
346,549478900,50,36.741798143027,127.119884064128,51.752961847931,0.0076,0.0070,117.401575,1.0419,8
347,549478950,50,36.741796380083,127.119888392092,51.759755087085,0.0076,0.0070,116.845337,1.0419,8
348,549479000,50,36.741794642402,127.119892678967,51.755446852185,0.0076,0.0070,116.732508,1.0419,8
349,549479050,50,36.741792852469,127.119896940858,51.756055171601,0.0076,0.0070,117.557580,1.0419,8
350,549479100,50,36.741791073903,127.119901276576,51.755153967999,0.0076,0.0070,117.008012,1.0419,8
351,549479150,50,36.741789306683,127.119905544111,51.753071709536,0.0076,0.0070,117.227702,1.0419,8
352,549479200,50,36.741787561966,127.119909859820,51.753893593326,0.0076,0.0070,116.671249,1.0419,8
353,549479250,50,36.741785786131,127.119914144647,51.754204548895,0.0076,0.0070,117.246804,1.0419,8
354,549479300,50,36.741784008890,127.119918447379,51.750431077555,0.0076,0.0070,117.168071,1.0419,8
355,549479350,50,36.741782213254,127.119922760262,51.751001219265,0.0076,0.0070,117.353328,1.0419,8
356,549479400,50,36.741780441300,127.119927048405,51.754987770692,0.0076,0.0069,117.177792,1.0419,8
357,549479450,50,36.741778653919,127.119931358315,51.744169242680,0.0076,0.0070,117.261795,1.0419,8
358,549479500,50,36.741776886381,127.119935631163,51.741636200808,0.0076,0.0070,117.202887,1.0419,8
359,549479550,50,36.741775085065,127.119939948625,51.742056348361,0.0076,0.0070,117.402365,1.0419,8
360,549479600,50,36.741773292398,127.119944251809,51.750501199625,0.0076,0.0070,117.367268,1.0419,8
361,549479650,50,36.741771536272,127.119948534778,51.737759877928,0.0076,0.0070,116.997393,1.0419,8
362,549479700,50,36.741769740044,127.119952816989,51.740113577805,0.0076,0.0070,117.528274,1.0419,8
363,549479750,50,36.741767962694,127.119957096479,51.737785291858,0.0075,0.0069,117.528325,1.0419,8
364,549479800,50,36.741766191042,127.119961388242,51.734180774540,0.0075,0.0069,117.154211,1.0419,8
365,549479850,50,36.741764424462,127.119965661732,51.736864237115,0.0075,0.0069,117.186780,1.0419,8
366,549479900,50,36.741762652602,127.119969927403,51.731918531470,0.0075,0.0069,117.299073,1.0419,8
367,549479950,50,36.741760854836,127.119974202963,51.732802873477,0.0075,0.0069,117.584957,1.0419,8
368,549480000,50,36.741759051636,127.119978410574,51.727685279213,0.0075,0.0069,118.035061,1.0419,8
369,549480050,50,36.741757258468,127.119982694777,51.730847708881,0.0075,0.0069,117.477359,1.0419,8
370,549480100,50,36.741755481820,127.119986971129,51.731696500443,0.0075,0.0069,117.303682,1.0419,8
371,549480150,50,36.741753682203,127.119991208570,51.726551591419,0.0075,0.0069,117.820400,1.0419,8
372,549480200,50,36.741751895375,127.119995466976,51.731369422749,0.0075,0.0069,117.535990,1.0419,8
373,549480250,50,36.741750087767,127.119999685021,51.729414277710,0.0075,0.0069,118.034203,1.0419,8
374,549480300,50,36.741748293172,127.120003903594,51.732449340634,0.0075,0.0069,117.859861,1.0419,8
375,549480350,50,36.741746483747,127.120008086086,51.738435976207,0.0075,0.0069,118.259873,1.0419,8
376,549480400,50,36.741744677162,127.120012344353,51.736357577145,0.0076,0.0069,117.795843,1.0419,8
377,549480450,50,36.741742906934,127.120016604629,51.730931528844,0.0076,0.0069,117.307070,1.0419,8
378,549480500,50,36.741741094328,127.120020857457,51.736123239622,0.0076,0.0069,117.904826,1.0419,8
379,549480550,50,36.741739262348,127.120024997767,51.739624897949,0.0076,0.0069,118.801400,1.0419,8
380,549480600,50,36.741737485144,127.120029250459,51.733619163744,0.0076,0.0069,117.440756,1.0419,8
381,549480650,50,36.741735702819,127.120033463701,51.728096472099,0.0076,0.0069,117.727577,1.0419,8
382,549480700,50,36.741733877473,127.120037625921,51.728969404474,0.0076,0.0069,118.586492,1.0419,8
383,549480750,50,36.741732080714,127.120041861923,51.730225641280,0.0076,0.0069,117.790814,1.0419,8
384,549480800,50,36.741730302159,127.120046003918,51.732029096223,0.0076,0.0069,118.081523,1.0419,8
385,549480850,50,36.741728492841,127.120050204658,51.738361791708,0.0076,0.0069,118.154539,1.0419,8
386,549480900,50,36.741726681916,127.120054375450,51.728741834871,0.0076,0.0069,118.346668,1.0419,8
387,549480950,50,36.741724893436,127.120058587519,51.732494729571,0.0075,0.0069,118.346719,1.0419,8
388,549481000,50,36.741723064918,127.120062739146,51.733273597434,0.0075,0.0069,118.689784,1.0419,8
389,549481050,50,36.741721256219,127.120066970289,51.725749980658,0.0075,0.0069,117.974910,1.0419,8
390,549481100,50,36.741719455051,127.120071100412,51.729417758062,0.0075,0.0069,118.452083,1.0419,8
391,549481150,50,36.741717689928,127.120075328496,51.721676665358,0.0075,0.0069,117.416937,1.0419,8
392,549481200,50,36.741715874016,127.120079473203,51.725920640863,0.0075,0.0069,118.563274,1.0419,8
393,549481250,50,36.741714092905,127.120083665273,51.724483038299,0.0075,0.0069,117.830519,1.0419,8
394,549481300,50,36.741712303675,127.120087836988,51.727221098728,0.0075,0.0069,118.053820,1.0419,8
395,549481350,50,36.741710453662,127.120091936708,51.730722833425,0.0076,0.0069,119.279147,1.0419,8
396,549481400,50,36.741708642304,127.120096067291,51.724944592454,0.0076,0.0069,118.584999,1.0419,8
397,549481450,50,36.741706844017,127.120100209703,51.723559384234,0.0076,0.0070,118.342471,1.0419,8
398,549481500,50,36.741705127085,127.120104372960,51.722230308689,0.0076,0.0070,117.131512,1.0419,8
399,549481550,50,36.741703474340,127.120108617412,51.731923483312,0.0076,0.0070,115.818954,1.0419,8
400,549481600,50,36.741701821343,127.120112838688,51.726208866574,0.0076,0.0070,115.945584,1.0419,8
401,549481650,50,36.741700125330,127.120116999225,51.728175576776,0.0076,0.0070,116.862549,1.0419,8
402,549481700,50,36.741698372528,127.120121142437,51.728337612003,0.0076,0.0070,117.728937,1.0419,8
403,549481750,50,36.741696499808,127.120125279782,51.719251696952,0.0076,0.0070,119.354063,1.0419,8
404,549481800,50,36.741694685402,127.120129340650,51.724653000012,0.0077,0.0070,119.037466,1.0419,8
405,549481850,50,36.741692900826,127.120133514831,51.723932956345,0.0077,0.0070,117.977865,1.0419,8
406,549481900,50,36.741691225052,127.120137666662,51.727524992079,0.0077,0.0070,116.634329,1.0419,8
407,549481950,50,36.741689464038,127.120141788155,51.726796624251,0.0077,0.0070,117.963891,1.0419,8
408,549482000,50,36.741687658972,127.120145839905,51.732275336981,0.0078,0.0070,118.966675,1.0419,8
409,549482050,50,36.741685846416,127.120149888645,51.718130026944,0.0078,0.0071,119.085402,1.0419,8
410,549482100,50,36.741684011656,127.120153923754,51.723933125846,0.0078,0.0071,119.465380,1.0419,8
411,549482150,50,36.741682238581,127.120157963743,51.728014662862,0.0078,0.0071,118.604572,1.0419,8
412,549482200,50,36.741680502971,127.120162118824,51.725446128286,0.0077,0.0070,118.604623,1.0419,8
413,549482250,50,36.741678748684,127.120166175853,51.725315301679,0.0078,0.0070,118.248152,1.0419,8
414,549482300,50,36.741676911618,127.120170245220,51.725103670731,0.0078,0.0071,119.289109,1.0419,8
415,549482350,50,36.741674991728,127.120174203435,51.725131724030,0.0078,0.0071,121.076325,1.0419,8
416,549482400,50,36.741673114381,127.120178252180,51.726436679251,0.0078,0.0071,119.948092,1.0419,8
417,549482450,50,36.741671298714,127.120182260471,51.727648768574,0.0078,0.0071,119.372451,1.0419,8
418,549482500,50,36.741669485210,127.120186295990,51.726847147569,0.0078,0.0071,119.177852,1.0419,8
419,549482550,50,36.741667675016,127.120190328425,51.724890085869,0.0078,0.0071,119.151943,1.0419,8
420,549482600,50,36.741665858238,127.120194306222,51.727678824216,0.0079,0.0071,119.574873,1.0419,8
421,549482650,50,36.741663953877,127.120198251368,51.725590393879,0.0079,0.0071,120.954502,1.0419,8
422,549482700,50,36.741662026653,127.120202122596,51.733861707151,0.0079,0.0071,121.739710,1.0419,8
423,549482750,50,36.741660084709,127.120206035401,51.731568738818,0.0078,0.0071,121.739760,1.0419,8
424,549482800,50,36.741658282172,127.120210036830,51.727643042803,0.0078,0.0071,119.236882,1.0419,8
425,549482850,50,36.741656458128,127.120214004095,51.729164054617,0.0078,0.0071,119.738556,1.0419,8
426,549482900,50,36.741654591996,127.120217967965,51.730058915913,0.0078,0.0071,120.326125,1.0419,8
427,549482950,50,36.741652631790,127.120221819406,51.724681426771,0.0079,0.0071,122.308842,1.0419,8
428,549483000,50,36.741650685048,127.120225719178,51.725942589343,0.0079,0.0071,121.809783,1.0419,8
429,549483050,50,36.741648711961,127.120229569748,51.720714894123,0.0079,0.0071,122.484474,1.0419,8
430,549483100,50,36.741646805673,127.120233452178,51.723851487972,0.0079,0.0071,121.386792,1.0419,8
431,549483150,50,36.741644954251,127.120237397344,51.732314601541,0.0079,0.0071,120.246655,1.0419,8
432,549483200,50,36.741643054282,127.120241265173,51.729644938372,0.0079,0.0071,121.398178,1.0419,8
433,549483250,50,36.741641095450,127.120245077630,51.723220291547,0.0079,0.0071,122.554490,1.0419,8
434,549483300,50,36.741639080388,127.120248866780,51.728701631539,0.0079,0.0071,123.455688,1.0419,8
435,549483350,50,36.741637063016,127.120252709243,51.729650818743,0.0079,0.0071,123.118517,1.0419,8
436,549483400,50,36.741635112432,127.120256527898,51.720965366811,0.0079,0.0071,122.402806,1.0419,8
437,549483450,50,36.741633201095,127.120260362875,51.733279108070,0.0079,0.0071,121.768712,1.0419,8
438,549483500,50,36.741631238508,127.120264189774,51.730381334201,0.0079,0.0071,122.506020,1.0419,8
439,549483550,50,36.741629282101,127.120268011438,51.727103096433,0.0079,0.0071,122.459666,1.0419,8
440,549483600,50,36.741627235359,127.120271730470,51.722330993041,0.0079,0.0071,122.459714,1.0419,8
441,549483650,50,36.741625208406,127.120275413744,51.722414036281,0.0079,0.0071,124.363542,1.0419,8
442,549483700,50,36.741623194719,127.120279141954,51.716310920194,0.0079,0.0071,123.866222,1.0419,8
443,549483750,50,36.741621222425,127.120282968331,51.721926125698,0.0079,0.0071,122.637840,1.0419,8
444,549483800,50,36.741619281387,127.120286728381,51.718693627976,0.0079,0.0071,122.677182,1.0419,8
445,549483850,50,36.741617297312,127.120290469878,51.718593873084,0.0079,0.0071,123.380870,1.0419,8
446,549483900,50,36.741615211628,127.120294172479,51.718260447495,0.0079,0.0071,124.988909,1.0419,8
447,549483950,50,36.741613123947,127.120297821655,51.717426549643,0.0079,0.0071,125.406984,1.0419,8
448,549484000,50,36.741611025276,127.120301528052,51.717338292859,0.0079,0.0071,125.128529,1.0419,8
449,549484050,50,36.741608994740,127.120305213183,51.713627551682,0.0079,0.0071,124.397213,1.0419,8
450,549484100,50,36.741607040908,127.120308934843,51.713693942875,0.0079,0.0071,123.116957,1.0419,8
451,549484150,50,36.741605062368,127.120312564637,51.709726558067,0.0080,0.0071,124.109054,1.0419,8
452,549484200,50,36.741602971565,127.120316199823,51.718355391175,0.0080,0.0071,125.551437,1.0419,8
453,549484250,50,36.741600856138,127.120319769777,51.710954392329,0.0080,0.0071,126.363387,1.0419,8
454,549484300,50,36.741598754643,127.120323335113,51.712514035404,0.0080,0.0071,126.218141,1.0419,8
455,549484350,50,36.741596681853,127.120326968987,51.706351970322,0.0080,0.0072,125.327000,1.0419,8
456,549484400,50,36.741594636360,127.120330687097,51.704139139503,0.0080,0.0072,124.355263,1.0419,8
457,549484450,50,36.741592619844,127.120334388568,51.715249647386,0.0080,0.0072,124.094597,1.0419,8
458,549484500,50,36.741590514075,127.120337957946,51.709671314806,0.0081,0.0072,126.242679,1.0419,8
459,549484550,50,36.741588369158,127.120341521774,51.718503132463,0.0081,0.0072,126.790031,1.0419,8
460,549484600,50,36.741586226987,127.120345009651,51.704929930158,0.0080,0.0071,126.790077,1.0419,8
461,549484650,50,36.741584105226,127.120348589364,51.708451108076,0.0080,0.0071,126.370498,1.0419,8
462,549484700,50,36.741582037389,127.120352155041,51.705595823005,0.0080,0.0071,125.775679,1.0419,8
463,549484750,50,36.741580027206,127.120355760173,51.706716262735,0.0080,0.0071,124.715006,1.0419,8
464,549484800,50,36.741577899110,127.120359287340,51.703685407527,0.0080,0.0071,126.857881,1.0419,8
465,549484850,50,36.741575708721,127.120362802451,51.701452754438,0.0080,0.0072,127.749286,1.0419,8
466,549484900,50,36.741573528554,127.120366268650,51.696900217794,0.0080,0.0071,128.008484,1.0419,8
467,549484950,50,36.741571366661,127.120369721139,51.700548049062,0.0080,0.0071,127.884741,1.0419,8
468,549485000,50,36.741569234481,127.120373270795,51.697417929769,0.0080,0.0071,126.735892,1.0419,8
469,549485050,50,36.741567135753,127.120376818516,51.692504552193,0.0080,0.0071,126.317485,1.0419,8
470,549485100,50,36.741565051678,127.120380303971,51.694238748401,0.0080,0.0071,126.610516,1.0419,8
471,549485150,50,36.741562818212,127.120383701694,51.695667058229,0.0080,0.0071,129.240762,1.0419,8
472,549485200,50,36.741560622716,127.120387108839,51.701004772447,0.0080,0.0071,128.682843,1.0419,8
473,549485250,50,36.741558405810,127.120390513897,51.687026176602,0.0080,0.0071,128.971572,1.0419,8
474,549485300,50,36.741556244887,127.120393972273,51.688540305011,0.0080,0.0071,127.824964,1.0419,8
475,549485350,50,36.741554100226,127.120397424554,51.694549616426,0.0080,0.0071,127.664372,1.0419,8
476,549485400,50,36.741551933308,127.120400890579,51.694979988970,0.0080,0.0071,127.840532,1.0419,8
477,549485450,50,36.741549698371,127.120404308495,51.689878090285,0.0080,0.0071,129.092966,1.0419,8
478,549485500,50,36.741547460848,127.120407639842,51.690526033752,0.0080,0.0071,129.846759,1.0419,8
479,549485550,50,36.741545188594,127.120410968497,51.688926666975,0.0080,0.0071,130.304300,1.0419,8
480,549485600,50,36.741542904190,127.120414333395,51.689650383778,0.0080,0.0071,130.149042,1.0419,8
481,549485650,50,36.741540723269,127.120417767338,51.688335276209,0.0080,0.0071,128.278269,1.0419,8
482,549485700,50,36.741538542257,127.120421161873,51.688662420027,0.0080,0.0071,128.601469,1.0419,8
483,549485750,50,36.741536293096,127.120424563195,51.691552510485,0.0080,0.0072,129.407676,1.0419,8
484,549485800,50,36.741534008343,127.120427862289,51.688740338199,0.0080,0.0072,130.711933,1.0419,8
485,549485850,50,36.741531683344,127.120431139506,51.688522206619,0.0080,0.0072,131.396219,1.0419,8
486,549485900,50,36.741529383904,127.120434481869,51.691854365170,0.0080,0.0071,131.396261,1.0419,8
487,549485950,50,36.741527143535,127.120437866774,51.686337945051,0.0080,0.0072,129.433607,1.0419,8
488,549486000,50,36.741524936263,127.120441273353,51.687393919565,0.0080,0.0071,128.837114,1.0419,8
489,549486050,50,36.741522669553,127.120444634822,51.688331071287,0.0080,0.0072,129.958376,1.0419,8
490,549486100,50,36.741520334642,127.120447924970,51.692718445323,0.0080,0.0072,131.405241,1.0419,8
491,549486150,50,36.741518003252,127.120451211001,51.686757743359,0.0080,0.0072,131.397915,1.0419,8
492,549486200,50,36.741515641072,127.120454457653,51.687944338657,0.0080,0.0072,132.114547,1.0419,8
493,549486250,50,36.741513328710,127.120457814272,51.689211182296,0.0080,0.0072,130.562583,1.0419,8
494,549486300,50,36.741511105851,127.120461152401,51.685892672278,0.0080,0.0072,129.604289,1.0419,8
495,549486350,50,36.741508798599,127.120464520160,51.680340716615,0.0080,0.0072,130.406247,1.0419,8
496,549486400,50,36.741506449364,127.120467779742,51.677245928906,0.0080,0.0072,131.844753,1.0419,8
497,549486450,50,36.741504021624,127.120470994929,51.684470171109,0.0080,0.0072,133.174116,1.0419,8
498,549486500,50,36.741501601789,127.120474258839,51.688229219988,0.0080,0.0072,132.651218,1.0419,8
499,549486550,50,36.741499241780,127.120477540415,51.678934669122,0.0080,0.0072,131.783534,1.0419,8
500,549486600,50,36.741496893121,127.120480873829,51.683193425648,0.0080,0.0072,131.200839,1.0419,8
501,549486650,50,36.741494496211,127.120484173778,51.688645862974,0.0081,0.0072,132.066423,1.0419,8
502,549486700,50,36.741492092278,127.120487416995,51.684204061516,0.0081,0.0072,132.644544,1.0419,8
503,549486750,50,36.741489673779,127.120490643653,51.682423613966,0.0081,0.0072,132.963306,1.0419,8
504,549486800,50,36.741487152920,127.120493860072,51.679564462975,0.0081,0.0072,134.240263,1.0419,8
505,549486850,50,36.741484727258,127.120497130578,51.681692305021,0.0081,0.0072,132.662217,1.0419,8
506,549486900,50,36.741482328815,127.120500411298,51.680202910677,0.0081,0.0072,132.251238,1.0419,8
507,549486950,50,36.741479928283,127.120503737933,51.673395323567,0.0081,0.0072,131.879970,1.0419,8
508,549487000,50,36.741477470121,127.120507051540,51.671458661556,0.0080,0.0072,131.880011,1.0419,8
509,549487050,50,36.741474913901,127.120510274409,51.683101222850,0.0080,0.0072,134.581886,1.0419,8
510,549487100,50,36.741472386063,127.120513484921,51.676796725020,0.0080,0.0072,134.372100,1.0419,8
511,549487150,50,36.741469830907,127.120516757738,51.670012366027,0.0080,0.0072,134.129486,1.0419,8
512,549487200,50,36.741467379217,127.120520107319,51.668155194260,0.0080,0.0072,132.285065,1.0419,8
513,549487250,50,36.741464885635,127.120523456251,51.668826092966,0.0080,0.0072,132.774150,1.0419,8
514,549487300,50,36.741462376143,127.120526761721,51.667677047662,0.0080,0.0072,133.329286,1.0419,8
515,549487350,50,36.741459786188,127.120529987511,51.673165011220,0.0080,0.0072,134.931494,1.0419,8
516,549487400,50,36.741457177139,127.120533133395,51.666020814329,0.0080,0.0072,135.860369,1.0419,8
517,549487450,50,36.741454585746,127.120536377771,51.664966040291,0.0080,0.0072,134.782793,1.0419,8
518,549487500,50,36.741452024923,127.120539635361,51.665725154802,0.0081,0.0072,134.326466,1.0419,8
519,549487550,50,36.741449471787,127.120542939055,51.662351907231,0.0080,0.0072,133.837981,1.0419,8
520,549487600,50,36.741446889400,127.120546236647,51.661770121194,0.0080,0.0072,133.838021,1.0419,8
521,549487650,50,36.741444230485,127.120549484962,51.659927899018,0.0080,0.0072,135.484947,1.0419,8
522,549487700,50,36.741441568984,127.120552676905,51.661491164006,0.0080,0.0072,136.014120,1.0419,8
523,549487750,50,36.741438841524,127.120555908061,51.657727296464,0.0080,0.0072,136.365344,1.0419,8
524,549487800,50,36.741436183873,127.120559156968,51.660995337181,0.0080,0.0072,135.466088,1.0419,8
525,549487850,50,36.741433553253,127.120562489959,51.657093272544,0.0080,0.0072,134.441291,1.0419,8
526,549487900,50,36.741430892720,127.120565812307,51.656419242732,0.0080,0.0072,134.856790,1.0419,8
527,549487950,50,36.741428236622,127.120569127437,51.657898567617,0.0080,0.0072,134.871298,1.0419,8
528,549488000,50,36.741425483616,127.120572292015,51.647674466483,0.0080,0.0072,137.227130,1.0419,8
529,549488050,50,36.741422711133,127.120575497438,51.648057456128,0.0080,0.0072,137.062156,1.0419,8
530,549488100,50,36.741419962684,127.120578733016,51.647168890573,0.0080,0.0072,136.545524,1.0419,8
531,549488150,50,36.741417254690,127.120581999679,51.648738921620,0.0080,0.0072,135.847423,1.0419,8
532,549488200,50,36.741414547324,127.120585297394,51.639347885735,0.0080,0.0072,135.569828,1.0419,8
533,549488250,50,36.741411782728,127.120588514924,51.647600257769,0.0080,0.0072,136.872980,1.0419,8
534,549488300,50,36.741408966941,127.120591712084,51.647023394704,0.0081,0.0072,137.578383,1.0419,8
