0,550216250,50,36.740543681520,127.122843767486,51.719794052653,0.0090,0.0073,20.578599,1.0808,8
1,550216300,50,36.740543666555,127.122843775949,51.719967539422,0.0090,0.0073,155.529247,1.0808,8
2,550216350,50,36.740543664269,127.122843749420,51.716705539264,0.0090,0.0073,263.888523,1.0808,8
3,550216400,50,36.740543691765,127.122843748610,51.718006270006,0.0091,0.0074,358.642234,1.0808,8
4,550216450,50,36.740543657867,127.122843762735,51.720961040817,0.0091,0.0074,161.461286,1.0808,8
5,550216500,50,36.740543668416,127.122843763847,51.717715725303,0.0091,0.0074,4.851260,1.0808,8
6,550216550,50,36.740543683209,127.122843758534,51.718434709124,0.0091,0.0074,343.876874,1.0808,8
7,550216600,50,36.740543681826,127.122843755001,51.718180798925,0.0092,0.0074,244.050398,1.0808,8
8,550216650,50,36.740543681154,127.122843764916,51.720823554322,0.0092,0.0074,94.809122,1.0808,8
9,550216700,50,36.740543670934,127.122843772162,51.720775309950,0.0092,0.0074,150.292972,1.0808,8
10,550216750,50,36.740543679265,127.122843773304,51.720134180039,0.0092,0.0075,6.296044,1.0808,8
11,550216800,50,36.740543680262,127.122843781157,51.718649723567,0.0092,0.0075,81.036104,1.0808,8
12,550216850,50,36.740543692798,127.122843783773,51.720337187871,0.0093,0.0075,9.536603,1.0808,8
13,550216900,50,36.740543692012,127.122843768799,51.718005215749,0.0093,0.0075,266.269016,1.0808,8
14,550216950,50,36.740543669781,127.122843775467,51.717960652895,0.0093,0.0075,166.429377,1.0808,8
15,550217000,50,36.740543695660,127.122843702366,51.710905359127,0.0089,0.0072,166.429377,1.0808,8
16,550217050,50,36.740543680752,127.122843717699,51.713690718636,0.0089,0.0073,140.383338,1.0808,8
17,550217100,50,36.740543685804,127.122843696825,51.716676272452,0.0089,0.0073,286.737947,1.0808,8
18,550217150,50,36.740543715272,127.122843647524,51.714931155555,0.0090,0.0073,306.599672,1.0808,8
19,550217200,50,36.740543714840,127.122843631340,51.715203560889,0.0090,0.0073,268.102093,1.0808,8
20,550217250,50,36.740543747297,127.122843591675,51.712480965070,0.0090,0.0073,315.474174,1.0808,8
21,550217300,50,36.740543742921,127.122843557495,51.715255475603,0.0090,0.0073,260.961229,1.0808,8
22,550217350,50,36.740543768048,127.122843509825,51.716161810793,0.0090,0.0073,303.222268,1.0808,8
23,550217400,50,36.740543773626,127.122843453839,51.716511160135,0.0090,0.0073,277.057384,1.0808,8
24,550217450,50,36.740543807156,127.122843387884,51.715271466412,0.0091,0.0073,302.278992,1.0808,8
25,550217500,50,36.740543826878,127.122843334196,51.713134647347,0.0091,0.0074,294.533315,1.0808,8
26,550217550,50,36.740543848751,127.122843252766,51.710556421429,0.0091,0.0074,288.456481,1.0808,8
27,550217600,50,36.740543875864,127.122843207433,51.711725637317,0.0091,0.0074,306.617345,1.0808,8
28,550217650,50,36.740543890151,127.122843096783,51.710307564586,0.0088,0.0071,306.617345,1.0808,8
29,550217700,50,36.740543961324,127.122842994717,51.709203135222,0.0088,0.0072,310.907185,1.0808,8
30,550217750,50,36.740543974162,127.122842919528,51.707374123856,0.0088,0.0072,281.977110,1.0808,8
31,550217800,50,36.740544019866,127.122842783270,51.710382872261,0.0088,0.0072,292.625037,1.0808,8
32,550217850,50,36.740544070102,127.122842706028,51.710112244822,0.0088,0.0072,308.941239,1.0808,8
33,550217900,50,36.740544122974,127.122842587522,51.708314313553,0.0088,0.0072,299.001717,1.0808,8
34,550217950,50,36.740544145425,127.122842443439,51.708713891916,0.0089,0.0072,280.957627,1.0808,8
35,550218000,50,36.740544186070,127.122842321400,51.713192586787,0.0089,0.0072,292.480345,1.0808,8
36,550218050,50,36.740544242801,127.122842184182,51.713438289240,0.0089,0.0072,297.189963,1.0808,8
37,550218100,50,36.740544308347,127.122842032376,51.708689449355,0.0089,0.0072,298.212641,1.0808,8
38,550218150,50,36.740544359699,127.122841868465,51.713787447661,0.0089,0.0073,291.269557,1.0808,8
39,550218200,50,36.740544408144,127.122841680536,51.712039826438,0.0090,0.0073,287.760065,1.0808,8
40,550218250,50,36.740544493260,127.122841490216,51.706319162622,0.0090,0.0073,299.060376,1.0808,8
41,550218300,50,36.740544590019,127.122841315184,51.705909896642,0.0090,0.0073,304.483989,1.0808,8
42,550218350,50,36.740544654149,127.122841115086,51.710856430233,0.0090,0.0073,291.713107,1.0808,8
43,550218400,50,36.740544724154,127.122840924503,51.715303446166,0.0090,0.0073,294.532211,1.0808,8
44,550218450,50,36.740544800630,127.122840697941,51.711694452912,0.0090,0.0073,292.753471,1.0808,8
45,550218500,50,36.740544897458,127.122840449221,51.706789706834,0.0091,0.0073,295.813897,1.0808,8
46,550218550,50,36.740544978824,127.122840187829,51.703253491782,0.0091,0.0074,291.144980,1.0808,8
47,550218600,50,36.740545026985,127.122839915927,51.709507385269,0.0087,0.0071,291.144980,1.0808,8
48,550218650,50,36.740545131648,127.122839644786,51.716446230188,0.0087,0.0071,295.623471,1.0808,8
49,550218700,50,36.740545218247,127.122839378502,51.712830219418,0.0088,0.0071,292.002696,1.0808,8
50,550218750,50,36.740545365605,127.122839099891,51.710903504863,0.0088,0.0072,303.311635,1.0808,8
51,550218800,50,36.740545459992,127.122838823222,51.716978996992,0.0088,0.0072,292.971488,1.0808,8
52,550218850,50,36.740545568081,127.122838505178,51.716957177036,0.0088,0.0072,292.893243,1.0808,8
53,550218900,50,36.740545702780,127.122838162274,51.714358242229,0.0088,0.0072,296.016149,1.0808,8
54,550218950,50,36.740545815204,127.122837822701,51.714275678620,0.0088,0.0072,292.360562,1.0808,8
55,550219000,50,36.740545922387,127.122837576018,51.716428610496,0.0089,0.0072,298.363093,1.0808,8
56,550219050,50,36.740545983632,127.122837400021,51.720155856572,0.0089,0.0072,293.382715,1.0808,8
57,550219100,50,36.740546050355,127.122837236930,51.715733021498,0.0089,0.0072,296.945417,1.0808,8
58,550219150,50,36.740546074481,127.122837129363,51.716977543198,0.0089,0.0072,285.572555,1.0808,8
59,550219200,50,36.740546115335,127.122837066277,51.716496030800,0.0089,0.0073,308.821536,1.0808,8
60,550219250,50,36.740546132482,127.122837030128,51.716640503146,0.0089,0.0073,300.515135,1.0808,8
61,550219300,50,36.740546165696,127.122837005925,51.716335831210,0.0090,0.0073,329.608802,1.0808,8
62,550219350,50,36.740546141167,127.122837028455,51.716271501034,0.0090,0.0073,143.526455,1.0808,8
63,550219400,50,36.740546138281,127.122837040688,51.719018315896,0.0090,0.0073,106.338588,1.0808,8
64,550219450,50,36.740546119912,127.122837056201,51.714292031713,0.0090,0.0073,145.796227,1.0808,8
65,550219500,50,36.740546117827,127.122837074279,51.713875823654,0.0090,0.0073,98.154181,1.0808,8
66,550219550,50,36.740546105616,127.122837082499,51.715275794268,0.0091,0.0073,151.552858,1.0808,8
67,550219600,50,36.740546124040,127.122837105522,51.709934853017,0.0091,0.0074,45.164990,1.0808,8
68,550219650,50,36.740546119788,127.122837067152,51.714685955085,0.0087,0.0071,45.164980,1.0808,8
69,550219700,50,36.740546119922,127.122837076147,51.716182207689,0.0087,0.0071,88.940243,1.0808,8
70,550219750,50,36.740546128556,127.122837055218,51.711994018406,0.0088,0.0071,297.138478,1.0808,8
71,550219800,50,36.740546115986,127.122837067068,51.711416724138,0.0088,0.0072,142.812379,1.0808,8
72,550219850,50,36.740546117952,127.122837066342,51.707636331208,0.0088,0.0072,343.453954,1.0808,8
73,550219900,50,36.740546101809,127.122837061317,51.713368241675,0.0088,0.0072,194.064798,1.0808,8
74,550219950,50,36.740546119532,127.122837058796,51.711799788289,0.0088,0.0072,353.469140,1.0808,8
75,550220000,50,36.740546110699,127.122837073161,51.708614497446,0.0088,0.0072,127.378787,1.0808,8
76,550220050,50,36.740546116292,127.122837068844,51.712156274356,0.0089,0.0072,328.151230,1.0808,8
77,550220100,50,36.740546110174,127.122837069858,51.709011768922,0.0089,0.0072,172.398324,1.0808,8
78,550220150,50,36.740546119618,127.122837064014,51.711882107891,0.0089,0.0072,333.526254,1.0808,8
79,550220200,50,36.740546119956,127.122837063233,51.712334789336,0.0089,0.0072,298.246114,1.0808,8
80,550220250,50,36.740546108856,127.122837076468,51.709399023093,0.0089,0.0073,136.180084,1.0808,8
81,550220300,50,36.740546102445,127.122837066510,51.712069475092,0.0089,0.0073,231.337419,1.0808,8
82,550220350,50,36.740546115830,127.122837059784,51.710502775386,0.0090,0.0073,337.980989,1.0808,8
83,550220400,50,36.740546097471,127.122837071910,51.709242646582,0.0090,0.0073,152.006313,1.0808,8
84,550220450,50,36.740546121441,127.122837062031,51.708830865100,0.0090,0.0073,341.650544,1.0808,8
85,550220500,50,36.740546109378,127.122837058168,51.711821035482,0.0090,0.0073,194.453758,1.0808,8
86,550220550,50,36.740546113597,127.122837073746,51.706620881334,0.0090,0.0073,71.404745,1.0808,8
87,550220600,50,36.740546105556,127.122837058411,51.704397090711,0.0091,0.0073,236.916589,1.0808,8
88,550220650,50,36.740546113892,127.122837069207,51.706694996916,0.0091,0.0073,46.189286,1.0808,8
89,550220700,50,36.740546096775,127.122837073470,51.705957088619,0.0091,0.0074,168.665689,1.0839,8
90,550220750,50,36.740546112896,127.122837070582,51.703562801704,0.0091,0.0074,351.795211,1.0839,8
91,550220800,50,36.740546109636,127.122837045124,51.709122254513,0.0087,0.0071,351.795210,1.0839,8
92,550220850,50,36.740546103623,127.122837065775,51.715505255386,0.0088,0.0071,109.890413,1.0839,8
93,550220900,50,36.740546099204,127.122837053911,51.713761519641,0.0088,0.0072,245.162735,1.0839,8
94,550220950,50,36.740546103370,127.122837061610,51.711692971177,0.0088,0.0072,56.083173,1.0839,8
95,550221000,50,36.740546113632,127.122837063589,51.712007031776,0.0088,0.0072,8.819874,1.0839,8
96,550221050,50,36.740546103912,127.122837061389,51.711957309395,0.0088,0.0072,190.323030,1.0839,8
97,550221100,50,36.740546128478,127.122837049599,51.709421101026,0.0089,0.0072,338.880405,1.0839,8
98,550221150,50,36.740546111977,127.122837035904,51.705398019403,0.0089,0.0072,213.739183,1.0839,8
99,550221200,50,36.740546105083,127.122837052958,51.709878081456,0.0089,0.0072,116.668332,1.0839,8
100,550221250,50,36.740546119576,127.122837059813,51.707665177062,0.0089,0.0072,20.839373,1.0839,8
101,550221300,50,36.740546112675,127.122837066731,51.705181233585,0.0089,0.0072,141.106290,1.0839,8
102,550221350,50,36.740546105433,127.122837060168,51.703990718350,0.0090,0.0073,216.105110,1.0839,8
103,550221400,50,36.740546103706,127.122837066892,51.709563142620,0.0090,0.0073,107.695967,1.0839,8
104,550221450,50,36.740546128619,127.122837042760,51.705227883533,0.0090,0.0073,322.060239,1.0839,8
105,550221500,50,36.740546115326,127.122837042482,51.705674950965,0.0090,0.0073,180.965199,1.0839,8
106,550221550,50,36.740546112960,127.122837057137,51.705087313429,0.0090,0.0073,101.346787,1.0839,8
107,550221600,50,36.740546112945,127.122837053967,51.703707783483,0.0090,0.0073,269.675197,1.0839,8
108,550221650,50,36.740546110223,127.122837066352,51.702575504780,0.0091,0.0073,105.277257,1.0839,8
109,550221700,50,36.740546122048,127.122837047392,51.702593663707,0.0091,0.0073,307.775732,1.0839,8
110,550221750,50,36.740546115396,127.122837064153,51.702342903242,0.0091,0.0074,116.252009,1.0839,8
111,550221800,50,36.740546101465,127.122837036185,51.699527233839,0.0091,0.0074,238.248281,1.0839,8
112,550221850,50,36.740546118839,127.122837052676,51.703951851465,0.0092,0.0074,37.377819,1.0839,8
113,550221900,50,36.740546117267,127.122837048626,51.699546694756,0.0092,0.0074,244.250175,1.0839,8
114,550221950,50,36.740546100486,127.122837058808,51.701537721790,0.0092,0.0074,153.971053,1.0839,8
115,550222000,50,36.740546095490,127.122837049042,51.703270003200,0.0092,0.0074,237.560511,1.0839,8
116,550222050,50,36.740546119888,127.122837062372,51.703484292142,0.0092,0.0074,23.736166,1.0839,8
117,550222100,50,36.740546115418,127.122837058036,51.705493205227,0.0088,0.0072,23.736166,1.0839,8
118,550222150,50,36.740546099316,127.122837074006,51.708697861992,0.0089,0.0072,141.401894,1.0839,8
119,550222200,50,36.740546113703,127.122837062742,51.703986151144,0.0089,0.0072,327.785288,1.0839,8
120,550222250,50,36.740546108080,127.122837076705,51.708488284610,0.0089,0.0072,116.582818,1.0839,8
121,550222300,50,36.740546104743,127.122837069778,51.708377333358,0.0089,0.0072,239.094190,1.0839,8
122,550222350,50,36.740546107809,127.122837082171,51.707731157541,0.0089,0.0072,72.909662,1.0839,8
123,550222400,50,36.740546113231,127.122837065004,51.707701989450,0.0089,0.0073,291.426879,1.0839,8
124,550222450,50,36.740546093003,127.122837070133,51.708277327940,0.0090,0.0073,168.467774,1.0839,8
125,550222500,50,36.740546111740,127.122837059117,51.704604983330,0.0090,0.0073,334.679889,1.0839,8
126,550222550,50,36.740546106093,127.122837075243,51.710399404168,0.0090,0.0073,113.516937,1.0839,8
127,550222600,50,36.740546104117,127.122837077979,51.716088323854,0.0087,0.0071,113.516937,1.0839,8
128,550222650,50,36.740546079720,127.122837091490,51.718530191109,0.0087,0.0071,155.977367,1.0839,8
129,550222700,50,36.740546104249,127.122837077768,51.716066612862,0.0087,0.0071,335.760442,1.0839,8
130,550222750,50,36.740546098720,127.122837076086,51.716293415055,0.0087,0.0071,193.754912,1.0839,8
131,550222800,50,36.740546096556,127.122837065116,51.719399215654,0.0087,0.0071,256.228662,1.0839,8
132,550222850,50,36.740546092974,127.122837101073,51.719892095774,0.0087,0.0071,97.055241,1.0839,8
133,550222900,50,36.740546094460,127.122837063008,51.716987554915,0.0088,0.0071,272.776442,1.0839,8
134,550222950,50,36.740546087963,127.122837083912,51.718971815892,0.0088,0.0071,111.115829,1.0839,8
135,550223000,50,36.740546098478,127.122837089124,51.719763649628,0.0088,0.0072,21.749411,1.0839,8
136,550223050,50,36.740546081537,127.122837092341,51.725773017853,0.0088,0.0072,171.312685,1.0839,8
137,550223100,50,36.740546097516,127.122837083566,51.718586110510,0.0088,0.0072,336.155104,1.0839,8
138,550223150,50,36.740546089351,127.122837089697,51.724381608889,0.0088,0.0072,148.853056,1.0839,8
139,550223200,50,36.740546103823,127.122837055254,51.720223450102,0.0089,0.0072,297.567144,1.0839,8
140,550223250,50,36.740546108645,127.122837033752,51.719198236242,0.0089,0.0072,285.572716,1.0839,8
141,550223300,50,36.740546124354,127.122836980524,51.720386330038,0.0089,0.0072,290.138042,1.0839,8
142,550223350,50,36.740546130185,127.122836953150,51.723039054312,0.0089,0.0072,284.823170,1.0839,8
143,550223400,50,36.740546167618,127.122836876462,51.721527208574,0.0089,0.0073,301.236850,1.0839,8
144,550223450,50,36.740546183856,127.122836793206,51.720505789854,0.0090,0.0073,283.621903,1.0839,8
145,550223500,50,36.740546213726,127.122836730302,51.722787855193,0.0090,0.0073,300.541125,1.0839,8
146,550223550,50,36.740546253122,127.122836632769,51.721898497082,0.0090,0.0073,296.650874,1.0839,8
147,550223600,50,36.740546307668,127.122836515237,51.723095033318,0.0090,0.0073,299.970124,1.0839,8
148,550223650,50,36.740546334227,127.122836400155,51.720854530111,0.0087,0.0071,299.970124,1.0839,8
149,550223700,50,36.740546398893,127.122836261861,51.717968712561,0.0087,0.0071,300.156475,1.0839,8
150,550223750,50,36.740546448076,127.122836104031,51.714490398765,0.0087,0.0071,291.166024,1.0839,8
151,550223800,50,36.740546488834,127.122835928458,51.720680406317,0.0087,0.0071,286.089568,1.0839,8
152,550223850,50,36.740546574167,127.122835708898,51.717767504975,0.0087,0.0071,295.776389,1.0839,8
153,550223900,50,36.740546657235,127.122835489704,51.711513979360,0.0088,0.0071,295.214402,1.0839,8
154,550223950,50,36.740546746030,127.122835262221,51.717251674272,0.0088,0.0071,295.873355,1.0839,8
155,550224000,50,36.740546836461,127.122834973188,51.721456929110,0.0088,0.0072,291.243631,1.0839,8
156,550224050,50,36.740546962771,127.122834663501,51.715733090416,0.0088,0.0072,296.874867,1.0839,8
157,550224100,50,36.740547100613,127.122834331480,51.714052262716,0.0088,0.0072,297.286579,1.0839,8
158,550224150,50,36.740547221682,127.122833966562,51.715301631950,0.0089,0.0072,292.402825,1.0839,8
159,550224200,50,36.740547348364,127.122833572023,51.711847316474,0.0089,0.0072,291.749853,1.0839,8
160,550224250,50,36.740547511098,127.122833171622,51.714098057710,0.0089,0.0072,296.793447,1.0839,8
161,550224300,50,36.740547684079,127.122832717920,51.722448461689,0.0089,0.0072,295.348191,1.0839,8
162,550224350,50,36.740547842405,127.122832264468,51.715649749152,0.0089,0.0072,293.452703,1.0839,8
163,550224400,50,36.740548042841,127.122831767128,51.717210881412,0.0090,0.0073,296.599566,1.0839,8
164,550224450,50,36.740548245513,127.122831274901,51.719168008305,0.0090,0.0073,297.094219,1.0839,8
165,550224500,50,36.740548492520,127.122830707213,51.722470966168,0.0090,0.0073,298.397014,1.0839,8
166,550224550,50,36.740548652709,127.122830070993,51.719105290249,0.0090,0.0073,287.371942,1.0839,8
167,550224600,50,36.740548858460,127.122829430016,51.709092942998,0.0087,0.0071,287.371941,1.0839,8
168,550224650,50,36.740549121924,127.122828779663,51.710068074986,0.0087,0.0071,296.718557,1.0839,8
169,550224700,50,36.740549361495,127.122828090592,51.712780288421,0.0087,0.0071,293.363765,1.0839,8
170,550224750,50,36.740549634243,127.122827361428,51.712696096860,0.0087,0.0071,294.927552,1.0839,8
171,550224800,50,36.740549944775,127.122826590335,51.704515442252,0.0087,0.0071,296.582482,1.0839,8
172,550224850,50,36.740550193624,127.122825762080,51.709341793321,0.0087,0.0071,290.471265,1.0839,8
173,550224900,50,36.740550542518,127.122824914409,51.710994629189,0.0088,0.0071,297.085523,1.0839,8
174,550224950,50,36.740550891183,127.122824048318,51.707271452062,0.0088,0.0072,296.574359,1.0839,8
175,550225000,50,36.740551180100,127.122823141662,51.707160731778,0.0088,0.0072,291.600678,1.0839,8
176,550225050,50,36.740551571319,127.122822172150,51.705413642339,0.0088,0.0072,296.628318,1.0839,8
177,550225100,50,36.740551916361,127.122821172332,51.708713501692,0.0088,0.0072,293.209532,1.0839,8
178,550225150,50,36.740552295399,127.122820123431,51.705583779141,0.0089,0.0072,294.180201,1.0839,8
179,550225200,50,36.740552672536,127.122819069808,51.704868798144,0.0089,0.0072,293.977108,1.0839,8
180,550225250,50,36.740553092514,127.122817972916,51.701896332204,0.0089,0.0072,295.441969,1.0839,8
181,550225300,50,36.740553511854,127.122816834693,51.706633257680,0.0089,0.0072,294.596502,1.0839,8
182,550225350,50,36.740553949405,127.122815665123,51.703678834252,0.0089,0.0073,294.930916,1.0839,8
183,550225400,50,36.740554389510,127.122814482614,51.705633226782,0.0090,0.0073,294.817583,1.0839,8
184,550225450,50,36.740554851815,127.122813226326,51.704585800879,0.0090,0.0073,294.571596,1.0839,8
185,550225500,50,36.740555328344,127.122811923683,51.699402465485,0.0090,0.0073,294.443383,1.0839,8
186,550225550,50,36.740555801848,127.122810655484,51.708369139582,0.0090,0.0073,294.887201,1.0839,8
187,550225600,50,36.740556296112,127.122809283387,51.696349488571,0.0090,0.0073,294.112578,1.0839,8
188,550225650,50,36.740556814830,127.122807919253,51.694812146947,0.0091,0.0073,295.289400,1.0839,8
189,550225700,50,36.740557331100,127.122806536443,51.696054418571,0.0091,0.0074,294.886133,1.0839,8
190,550225750,50,36.740557853404,127.122805121860,51.696728099138,0.0091,0.0074,294.644312,1.0839,8
191,550225800,50,36.740558396882,127.122803682571,51.695182219148,0.0087,0.0071,294.644305,1.0839,8
192,550225850,50,36.740558928081,127.122802193643,51.699135915376,0.0088,0.0071,293.907078,1.0839,8
193,550225900,50,36.740559493079,127.122800664476,51.695390630513,0.0088,0.0072,294.659140,1.0839,8
194,550225950,50,36.740560061700,127.122799125412,51.694924804382,0.0088,0.0072,294.657889,1.0839,8
195,550226000,50,36.740560649734,127.122797607695,51.697563029826,0.0088,0.0072,295.706506,1.0839,8
196,550226050,50,36.740561230939,127.122796022085,51.689093749970,0.0088,0.0072,294.486542,1.0839,8
197,550226100,50,36.740561815385,127.122794453545,51.682243417948,0.0089,0.0072,294.842606,1.0839,8
198,550226150,50,36.740562378079,127.122792845426,51.690644805320,0.0089,0.0072,293.497751,1.0839,8
199,550226200,50,36.740562990419,127.122791207419,51.690477916971,0.0089,0.0072,294.914504,1.0839,8
200,550226250,50,36.740563627131,127.122789524549,51.695403886028,0.0089,0.0072,295.178376,1.0839,8
201,550226300,50,36.740564240640,127.122787889939,51.696325287223,0.0089,0.0073,295.001819,1.0839,8
202,550226350,50,36.740564894265,127.122786199427,51.697121441364,0.0090,0.0073,295.660095,1.0839,8
203,550226400,50,36.740565517042,127.122784480061,51.690697281621,0.0090,0.0073,294.230359,1.0839,8
204,550226450,50,36.740566202018,127.122782767239,51.687551033683,0.0090,0.0073,296.422544,1.0839,8
205,550226500,50,36.740566839294,127.122780986951,51.685268907808,0.0090,0.0073,293.978239,1.0839,8
206,550226550,50,36.740567494975,127.122779266822,51.690644864924,0.0090,0.0073,295.343310,1.0839,8
207,550226600,50,36.740568166079,127.122777502535,51.693120988086,0.0091,0.0073,295.296885,1.0839,8
208,550226650,50,36.740568839123,127.122775679895,51.697083973326,0.0091,0.0073,294.646674,1.0839,8
209,550226700,50,36.740569509258,127.122773834723,51.690673590638,0.0091,0.0074,294.287754,1.0839,8
210,550226750,50,36.740570212312,127.122771996199,51.689509272575,0.0091,0.0074,295.414234,1.0839,8
211,550226800,50,36.740570937273,127.122770148328,51.690368838608,0.0091,0.0074,295.987693,1.0839,8
212,550226850,50,36.740571605523,127.122768281099,51.686251700856,0.0092,0.0074,293.973520,1.0839,8
213,550226900,50,36.740572323563,127.122766368366,51.696327745914,0.0092,0.0074,295.006231,1.0839,8
214,550226950,50,36.740573060991,127.122764512033,51.692193365656,0.0092,0.0074,296.270446,1.0839,8
215,550227000,50,36.740573748311,127.122762596857,51.696670436300,0.0088,0.0072,296.270431,1.0839,8
216,550227050,50,36.740574479654,127.122760667783,51.706103137694,0.0088,0.0072,295.223124,1.0839,8
217,550227100,50,36.740575209748,127.122758717329,51.699483742006,0.0089,0.0072,294.943040,1.0839,8
218,550227150,50,36.740575941402,127.122756755517,51.704645408317,0.0089,0.0072,294.862693,1.0839,8
219,550227200,50,36.740576674690,127.122754812095,51.696559405886,0.0089,0.0072,295.118260,1.0839,8
220,550227250,50,36.740577441700,127.122752868372,51.702896338888,0.0089,0.0072,296.119038,1.0839,8
221,550227300,50,36.740578151713,127.122750862577,51.700916147791,0.0089,0.0073,293.741192,1.0839,8
222,550227350,50,36.740578923329,127.122748862363,51.703393451869,0.0090,0.0073,295.609373,1.0839,8
223,550227400,50,36.740579714027,127.122746883443,51.704148869030,0.0090,0.0073,296.402546,1.0839,8
224,550227450,50,36.740580462349,127.122744904837,51.699947942980,0.0090,0.0073,295.170121,1.0839,8
225,550227500,50,36.740581217698,127.122742866245,51.698472439311,0.0090,0.0073,294.720528,1.0839,8
226,550227550,50,36.740581987280,127.122740816400,51.700705938041,0.0090,0.0073,295.008222,1.0839,8
227,550227600,50,36.740582759040,127.122738781977,51.701628967188,0.0087,0.0071,295.008201,1.0839,8
228,550227650,50,36.740583558824,127.122736741431,51.701833206229,0.0087,0.0071,295.966035,1.0839,8
229,550227700,50,36.740584336556,127.122734656106,51.695248961449,0.0087,0.0071,294.863082,1.0839,8
230,550227750,50,36.740585149452,127.122732539583,51.696189944632,0.0087,0.0071,295.511125,1.0839,8
231,550227800,50,36.740585973453,127.122730395422,51.699575455859,0.0088,0.0071,295.524403,1.0839,8
232,550227850,50,36.740586776664,127.122728233814,51.698017226532,0.0088,0.0072,294.782481,1.0839,8
233,550227900,50,36.740587624850,127.122726079090,51.701380364597,0.0088,0.0072,296.063443,1.0839,8
234,550227950,50,36.740588464395,127.122723878227,51.697563233785,0.0088,0.0072,295.359619,1.0839,8
235,550228000,50,36.740589293015,127.122721688035,51.701271709986,0.0088,0.0072,295.177431,1.0839,8
236,550228050,50,36.740590172604,127.122719448078,51.690449441783,0.0088,0.0072,296.008335,1.0839,8
237,550228100,50,36.740591006008,127.122717169869,51.693292667158,0.0089,0.0072,294.443253,1.0839,8
238,550228150,50,36.740591910337,127.122714852141,51.689026086591,0.0089,0.0072,295.864272,1.0839,8
239,550228200,50,36.740592802849,127.122712575371,51.690504115075,0.0089,0.0072,295.969607,1.0839,8
240,550228250,50,36.740593690316,127.122710171010,51.690789629705,0.0089,0.0073,294.637196,1.0839,8
241,550228300,50,36.740594628592,127.122707793793,51.689715411514,0.0089,0.0073,296.124029,1.0839,8
242,550228350,50,36.740595565138,127.122705404861,51.691201533191,0.0090,0.0073,295.971157,1.0839,8
243,550228400,50,36.740596502488,127.122703007124,51.692139336839,0.0090,0.0073,295.907616,1.0839,8
244,550228450,50,36.740597438676,127.122700561292,51.687791361474,0.0090,0.0073,295.435574,1.0839,8
245,550228500,50,36.740598433393,127.122698049992,51.681338750757,0.0090,0.0073,296.204394,1.0839,8
246,550228550,50,36.740599403730,127.122695530236,51.690632768907,0.0090,0.0073,295.570298,1.0839,8
247,550228600,50,36.740600370450,127.122693003589,51.690686143003,0.0087,0.0071,295.570273,1.0839,8
248,550228650,50,36.740601359076,127.122690442345,51.691722962074,0.0087,0.0071,295.622548,1.0839,8
249,550228700,50,36.740602332818,127.122687832455,51.691114345565,0.0087,0.0071,294.871441,1.0839,8
250,550228750,50,36.740603371114,127.122685214738,51.684351292439,0.0087,0.0071,296.235613,1.0839,8
251,550228800,50,36.740604401843,127.122682569015,51.689533558674,0.0087,0.0071,295.829895,1.0839,8
252,550228850,50,36.740605430268,127.122679844222,51.693618178368,0.0088,0.0072,295.124963,1.0839,8
253,550228900,50,36.740606485206,127.122677159008,51.688343405724,0.0088,0.0072,296.019120,1.0839,8
254,550228950,50,36.740607553266,127.122674465183,51.690274205059,0.0088,0.0072,296.226634,1.0839,8
255,550229000,50,36.740608629789,127.122671698454,51.691541877575,0.0088,0.0072,295.801792,1.0839,8
256,550229050,50,36.740609714913,127.122668907656,51.685398739763,0.0088,0.0072,295.785991,1.0839,8
257,550229100,50,36.740610821760,127.122666095472,51.688313831575,0.0089,0.0072,296.060552,1.0839,8
258,550229150,50,36.740611902902,127.122663271156,51.689377764240,0.0089,0.0072,295.437278,1.0839,8
259,550229200,50,36.740613049844,127.122660430146,51.692800239660,0.0089,0.0072,296.639035,1.0839,8
260,550229250,50,36.740614162892,127.122657552330,51.692985264584,0.0089,0.0072,295.667348,1.0839,8
261,550229300,50,36.740615295860,127.122654672771,51.694202112965,0.0089,0.0072,296.052646,1.0839,8
262,550229350,50,36.740616483653,127.122651731430,51.686926336959,0.0090,0.0073,296.645735,1.0839,8
263,550229400,50,36.740617624501,127.122648778384,51.690437353216,0.0090,0.0073,295.641949,1.0839,8
264,550229450,50,36.740618812850,127.122645797155,51.689440581948,0.0090,0.0073,296.348299,1.0839,8
265,550229500,50,36.740620005027,127.122642786321,51.691208619624,0.0090,0.0073,296.196725,1.0839,8
266,550229550,50,36.740621198386,127.122639764001,51.694201998413,0.0090,0.0073,296.132844,1.0839,8
267,550229600,50,36.740622405822,127.122636707985,51.698310923763,0.0087,0.0071,296.132814,1.0839,8
268,550229650,50,36.740623618876,127.122633643967,51.700369941071,0.0087,0.0071,296.193290,1.0839,8
269,550229700,50,36.740624875917,127.122630523827,51.698654366657,0.0087,0.0071,296.591827,1.0839,8
270,550229750,50,36.740626101611,127.122627412235,51.701422978193,0.0087,0.0071,296.079065,1.0839,8
271,550229800,50,36.740627359338,127.122624268148,51.697439156473,0.0088,0.0071,296.429340,1.0839,8
272,550229850,50,36.740628644645,127.122621126614,51.695205512457,0.0088,0.0071,296.946726,1.0839,8
273,550229900,50,36.740629893505,127.122617951594,51.699283565395,0.0088,0.0072,296.046159,1.0839,8
274,550229950,50,36.740631171037,127.122614676673,51.699601678178,0.0088,0.0072,295.859461,1.0839,8
275,550230000,50,36.740632477167,127.122611464073,51.700151317753,0.0088,0.0072,296.801229,1.0839,8
276,550230050,50,36.740633772964,127.122608212857,51.701430747285,0.0088,0.0072,296.345282,1.0839,8
277,550230100,50,36.740635100421,127.122604955617,51.702113770880,0.0088,0.0072,296.856535,1.0839,8
278,550230150,50,36.740636394725,127.122601612627,51.703739580698,0.0089,0.0072,295.690570,1.0839,8
279,550230200,50,36.740637726223,127.122598289456,51.709021651186,0.0089,0.0072,296.465961,1.0839,8
280,550230250,50,36.740639080222,127.122594937948,51.706111508422,0.0089,0.0072,296.655425,1.0839,8
281,550230300,50,36.740640446083,127.122591574523,51.698804667220,0.0089,0.0072,296.774436,1.0839,8
282,550230350,50,36.740641800265,127.122588164602,51.697905143723,0.0089,0.0072,296.263606,1.0839,8
283,550230400,50,36.740643175634,127.122584731340,51.705267542973,0.0089,0.0073,296.462009,1.0839,8
284,550230450,50,36.740644603872,127.122581298499,51.703286892734,0.0090,0.0073,297.336742,1.0839,8
285,550230500,50,36.740645983418,127.122577789113,51.704987980425,0.0090,0.0073,296.032541,1.0839,8
286,550230550,50,36.740647412493,127.122574304785,51.708225972950,0.0090,0.0073,297.003887,1.0839,8
287,550230600,50,36.740648856593,127.122570775251,51.701623100787,0.0090,0.0073,296.947547,1.0839,8
288,550230650,50,36.740650285276,127.122567253298,51.710842401721,0.0090,0.0073,296.749396,1.0839,8
289,550230700,50,36.740651704992,127.122563667962,51.706618004479,0.0091,0.0073,296.197678,1.0839,8
290,550230750,50,36.740653188474,127.122560071966,51.708634124137,0.0091,0.0073,297.138981,1.0839,8
291,550230800,50,36.740654650167,127.122556448637,51.701113306917,0.0087,0.0071,297.138945,1.0839,8
292,550230850,50,36.740656136861,127.122552801171,51.701859074645,0.0087,0.0071,296.859715,1.0839,8
293,550230900,50,36.740657626636,127.122549189345,51.708319224417,0.0088,0.0071,297.135256,1.0839,8
294,550230950,50,36.740659140323,127.122545467721,51.707471519709,0.0088,0.0071,296.810475,1.0839,8
295,550231000,50,36.740660661954,127.122541798728,51.706386961974,0.0088,0.0072,297.262294,1.0839,8
296,550231050,50,36.740662176268,127.122538029465,51.710496168584,0.0088,0.0072,296.527708,1.0839,8
297,550231100,50,36.740663726595,127.122534294607,51.706286879256,0.0088,0.0072,297.283079,1.0839,8
298,550231150,50,36.740665290227,127.122530487478,51.707986652851,0.0088,0.0072,297.035956,1.0839,8
299,550231200,50,36.740666818215,127.122526699981,51.706626089290,0.0089,0.0072,296.623159,1.0839,8
300,550231250,50,36.740668416050,127.122522900352,51.710934649222,0.0089,0.0072,297.587437,1.0839,8
301,550231300,50,36.740669989831,127.122519076176,51.717137253843,0.0089,0.0072,297.082436,1.0839,8
302,550231350,50,36.740671599064,127.122515208384,51.705972474068,0.0089,0.0072,297.337242,1.0839,8
303,550231400,50,36.740673179259,127.122511337667,51.710175005719,0.0089,0.0073,296.896393,1.0839,8
304,550231450,50,36.740674817998,127.122507432923,51.708791124634,0.0090,0.0073,297.540181,1.0839,8
305,550231500,50,36.740676447199,127.122503543166,51.713550992310,0.0090,0.0073,297.493425,1.0839,8
306,550231550,50,36.740678039764,127.122499594429,51.709387704730,0.0090,0.0073,296.616366,1.0839,8
307,550231600,50,36.740679690235,127.122495693813,51.718639145605,0.0090,0.0073,297.733065,1.0839,8
308,550231650,50,36.740681317492,127.122491775453,51.708559365943,0.0090,0.0073,297.294001,1.0839,8
309,550231700,50,36.740682957859,127.122487854531,51.715901394375,0.0091,0.0073,297.466472,1.0839,8
310,550231750,50,36.740684614370,127.122483872261,51.709209198132,0.0091,0.0074,297.332297,1.0839,8
311,550231800,50,36.740686289846,127.122479936671,51.709575315937,0.0091,0.0074,297.877516,1.0839,8
312,550231850,50,36.740687951556,127.122475991703,51.708194532432,0.0091,0.0074,297.626538,1.0839,8
313,550231900,50,36.740689613059,127.122471969094,51.709958922118,0.0091,0.0074,297.167425,1.0839,8
314,550231950,50,36.740691309158,127.122467957151,51.713918511756,0.0092,0.0074,297.712528,1.0839,8
315,550232000,50,36.740693011579,127.122463969069,51.712513711303,0.0092,0.0074,297.941631,1.0839,8
316,550232050,50,36.740694704801,127.122459962080,51.709162317216,0.0092,0.0074,297.701636,1.0839,8
317,550232100,50,36.740696396727,127.122455895072,51.709773801267,0.0088,0.0072,297.701594,1.0839,8
318,550232150,50,36.740698098102,127.122451868751,51.706047030166,0.0088,0.0072,297.701369,1.0839,8
319,550232200,50,36.740699813929,127.122447790433,51.706243824214,0.0088,0.0072,297.598385,1.0839,8
320,550232250,50,36.740701561690,127.122443658234,51.707535505295,0.0089,0.0072,297.723601,1.0839,8
321,550232300,50,36.740703276598,127.122439596313,51.708019139245,0.0089,0.0072,297.680635,1.0839,8
322,550232350,50,36.740705034875,127.122435483627,51.707160370424,0.0089,0.0072,297.977604,1.0839,8
323,550232400,50,36.740706782185,127.122431382420,51.716603695415,0.0089,0.0072,297.895505,1.0839,8
324,550232450,50,36.740708518182,127.122427255570,51.705436794087,0.0089,0.0073,297.595031,1.0839,8
325,550232500,50,36.740710261959,127.122423108818,51.717239096761,0.0090,0.0073,297.587044,1.0839,8
326,550232550,50,36.740712028167,127.122418975232,51.714358644560,0.0090,0.0073,297.964127,1.0839,8
327,550232600,50,36.740713782747,127.122414850805,51.719251991250,0.0086,0.0071,297.964080,1.0839,8
328,550232650,50,36.740715547893,127.122410704810,51.717639278620,0.0087,0.0071,297.878771,1.0839,8
329,550232700,50,36.740717349714,127.122406559296,51.706877533346,0.0087,0.0071,298.371364,1.0839,8
330,550232750,50,36.740719116840,127.122402440512,51.715398985893,0.0087,0.0071,298.061649,1.0839,8
331,550232800,50,36.740720910149,127.122398283906,51.714906527661,0.0087,0.0071,298.194287,1.0839,8
332,550232850,50,36.740722714891,127.122394151654,51.716845113784,0.0087,0.0071,298.487083,1.0839,8
333,550232900,50,36.740724497487,127.122390015108,51.718505546451,0.0087,0.0071,298.166759,1.0839,8
334,550232950,50,36.740726289954,127.122385864027,51.711826382205,0.0088,0.0071,298.214811,1.0839,8
335,550233000,50,36.740728109626,127.122381690229,51.710440318100,0.0088,0.0071,298.444724,1.0839,8
336,550233050,50,36.740729905809,127.122377546491,51.714164583012,0.0088,0.0072,298.306612,1.0839,8
337,550233100,50,36.740731690071,127.122373407642,51.714250760153,0.0088,0.0072,298.175782,1.0839,8
338,550233150,50,36.740733522333,127.122369237999,51.718839628622,0.0088,0.0072,298.634477,1.0839,8
339,550233200,50,36.740735353633,127.122365075876,51.715181220323,0.0088,0.0072,298.665342,1.0839,8
340,550233250,50,36.740737151606,127.122360886613,51.714515107684,0.0089,0.0072,298.069745,1.0839,8
341,550233300,50,36.740738979986,127.122356715086,51.719444689341,0.0089,0.0072,298.572537,1.0839,8
342,550233350,50,36.740740783023,127.122352541282,51.710758578032,0.0089,0.0072,298.224880,1.0839,8
343,550233400,50,36.740742612732,127.122348363730,51.716102154925,0.0089,0.0072,298.555308,1.0839,8
344,550233450,50,36.740744455725,127.122344191826,51.723642259836,0.0089,0.0072,298.762357,1.0839,8
345,550233500,50,36.740746281058,127.122339949956,51.718231791630,0.0090,0.0073,298.132195,1.0839,8
346,550233550,50,36.740748093824,127.122335783032,51.721158764325,0.0090,0.0073,298.393092,1.0839,8
347,550233600,50,36.740749907259,127.122331547403,51.713499658741,0.0086,0.0071,298.393043,1.0839,8
348,550233650,50,36.740751738668,127.122327365155,51.720759117976,0.0087,0.0071,298.550577,1.0839,8
349,550233700,50,36.740753592228,127.122323161856,51.719992268831,0.0087,0.0071,298.719324,1.0839,8
350,550233750,50,36.740755448583,127.122318968519,51.719522142783,0.0087,0.0071,298.813088,1.0839,8
351,550233800,50,36.740757327529,127.122314776075,51.718551088125,0.0087,0.0071,299.111891,1.0839,8
352,550233850,50,36.740759166648,127.122310548597,51.710742982104,0.0087,0.0071,298.393193,1.0839,8
353,550233900,50,36.740761044245,127.122306361570,51.715907504782,0.0087,0.0071,299.125898,1.0839,8
354,550233950,50,36.740762925146,127.122302138520,51.718732220121,0.0088,0.0071,298.960335,1.0839,8
355,550234000,50,36.740764781247,127.122297941073,51.721018973738,0.0088,0.0071,298.786109,1.0839,8
356,550234050,50,36.740766673691,127.122293716241,51.717799386010,0.0088,0.0071,299.098823,1.0839,8
357,550234100,50,36.740768519748,127.122289507845,51.722169464454,0.0088,0.0071,298.592326,1.0839,8
358,550234150,50,36.740770426234,127.122285331523,51.722798115574,0.0088,0.0072,299.562279,1.0839,8
359,550234200,50,36.740772313847,127.122281129222,51.717762114480,0.0088,0.0072,299.166840,1.0839,8
360,550234250,50,36.740774175390,127.122276927375,51.719074654393,0.0088,0.0072,298.831610,1.0839,8
361,550234300,50,36.740776037654,127.122272738970,51.721322420053,0.0089,0.0072,298.918612,1.0839,8
362,550234350,50,36.740777950559,127.122268547001,51.723319415934,0.0089,0.0072,299.552996,1.0839,8
363,550234400,50,36.740779858895,127.122264334157,51.723251188174,0.0089,0.0072,299.372428,1.0839,8
364,550234450,50,36.740781747595,127.122260142165,51.725670498796,0.0089,0.0072,299.240850,1.0839,8
365,550234500,50,36.740783642891,127.122255906438,51.723697107285,0.0089,0.0072,299.072811,1.0839,8
366,550234550,50,36.740785577395,127.122251745396,51.718301224522,0.0090,0.0073,300.013235,1.0839,8
367,550234600,50,36.740787476261,127.122247493537,51.722164917737,0.0086,0.0071,300.013185,1.0839,8
368,550234650,50,36.740789397637,127.122243303646,51.720561195165,0.0086,0.0071,299.673931,1.0839,8
369,550234700,50,36.740791314063,127.122239139597,51.720334507525,0.0087,0.0071,299.762904,1.0839,8
370,550234750,50,36.740793215436,127.122234958287,51.714552741498,0.0087,0.0071,299.466985,1.0839,8
371,550234800,50,36.740795159660,127.122230747485,51.718499698676,0.0087,0.0071,299.842864,1.0839,8
372,550234850,50,36.740797062694,127.122226553371,51.717032214627,0.0087,0.0071,299.413425,1.0839,8
373,550234900,50,36.740798970901,127.122222353971,51.707508781925,0.0087,0.0071,299.449100,1.0839,8
374,550234950,50,36.740800875198,127.122218162325,51.724134055898,0.0087,0.0071,299.444122,1.0839,8
375,550235000,50,36.740802862760,127.122213964716,51.713286961429,0.0088,0.0071,300.469621,1.0839,8
376,550235050,50,36.740804744202,127.122209792263,51.724202060141,0.0088,0.0071,299.260900,1.0839,8
377,550235100,50,36.740806668951,127.122205632846,51.713132906705,0.0088,0.0072,299.897594,1.0839,8
378,550235150,50,36.740808593183,127.122201414044,51.708122498356,0.0088,0.0072,299.541278,1.0839,8
379,550235200,50,36.740810506641,127.122197273688,51.711851797998,0.0088,0.0072,299.865668,1.0839,8
380,550235250,50,36.740812420643,127.122193130702,51.714999113232,0.0088,0.0072,299.856991,1.0839,8
381,550235300,50,36.740814331282,127.122188973443,51.711349118501,0.0089,0.0072,299.728579,1.0839,8
382,550235350,50,36.740816260709,127.122184823959,51.711812838912,0.0089,0.0072,300.017050,1.0839,8
383,550235400,50,36.740818212221,127.122180676275,51.713665018789,0.0089,0.0072,300.311150,1.0839,8
384,550235450,50,36.740820132620,127.122176547123,51.715856480412,0.0089,0.0072,300.022567,1.0839,8
385,550235500,50,36.740822018915,127.122172398942,51.717284239829,0.0089,0.0072,299.466860,1.0839,8
386,550235550,50,36.740823983078,127.122168253230,51.718605823815,0.0089,0.0072,300.484634,1.0839,8
387,550235600,50,36.740825896470,127.122164157010,51.722135074437,0.0090,0.0073,300.130708,1.0839,8
388,550235650,50,36.740827816057,127.122160010572,51.714868354611,0.0090,0.0073,299.908531,1.0839,8
389,550235700,50,36.740829746048,127.122155916000,51.713071723469,0.0090,0.0073,300.356087,1.0839,8
390,550235750,50,36.740831693016,127.122151825529,51.717140924186,0.0086,0.0071,300.356037,1.0839,8
391,550235800,50,36.740833635347,127.122147712747,51.726879474707,0.0087,0.0071,300.404450,1.0839,8
392,550235850,50,36.740835535115,127.122143619526,51.720334767364,0.0087,0.0071,299.971397,1.0839,8
393,550235900,50,36.740837487537,127.122139525993,51.719781023450,0.0087,0.0071,300.651967,1.0839,8
394,550235950,50,36.740839413926,127.122135443698,51.724161089398,0.0087,0.0071,300.384422,1.0839,8
395,550236000,50,36.740841329109,127.122131338369,51.719273561612,0.0087,0.0071,300.098720,1.0839,8
396,550236050,50,36.740843281436,127.122127305741,51.721692308784,0.0087,0.0071,301.028790,1.0839,8
397,550236100,50,36.740845207348,127.122123263158,51.723951266147,0.0087,0.0071,300.623170,1.0839,8
398,550236150,50,36.740847121346,127.122119195244,51.726370058954,0.0088,0.0071,300.311390,1.0839,8
399,550236200,50,36.740849059672,127.122115135345,51.728459605016,0.0088,0.0071,300.677239,1.0839,8
400,550236250,50,36.740850983707,127.122111087020,51.720412692055,0.0088,0.0072,300.563073,1.0839,8
401,550236300,50,36.740852933772,127.122107077634,51.720970723778,0.0088,0.0072,301.145878,1.0839,8
402,550236350,50,36.740854833534,127.122103032039,51.728010553867,0.0088,0.0072,300.262395,1.0839,8
403,550236400,50,36.740856787549,127.122099035076,51.733380883001,0.0089,0.0072,301.276065,1.0839,8
404,550236450,50,36.740858713047,127.122094972036,51.726153431460,0.0089,0.0072,300.491200,1.0839,8
405,550236500,50,36.740860641738,127.122090939660,51.732831980102,0.0089,0.0072,300.723004,1.0839,8
406,550236550,50,36.740862576790,127.122086964891,51.730720052496,0.0089,0.0072,301.169804,1.0839,8
407,550236600,50,36.740864521129,127.122083011367,51.731167351827,0.0089,0.0072,301.427895,1.0839,8
408,550236650,50,36.740866497178,127.122079016338,51.729837054387,0.0089,0.0072,301.574241,1.0839,8
409,550236700,50,36.740868458499,127.122075035100,51.730885833502,0.0090,0.0073,301.471526,1.0839,8
410,550236750,50,36.740870374938,127.122071039860,51.728934383020,0.0090,0.0073,300.795523,1.0839,8
411,550236800,50,36.740872261771,127.122067026520,51.729214048944,0.0090,0.0073,300.291758,1.0839,8
412,550236850,50,36.740874049011,127.122062953237,51.732170193456,0.0090,0.0073,298.598497,1.0839,8
413,550236900,50,36.740875745196,127.122058799477,51.733380932361,0.0091,0.0073,296.902477,1.0839,8
414,550236950,50,36.740877344473,127.122054669258,51.730070813559,0.0087,0.0071,296.902427,1.0839,8
415,550237000,50,36.740878968593,127.122050500192,51.723032185808,0.0087,0.0071,295.828938,1.0839,8
416,550237050,50,36.740880599004,127.122046345248,51.726305711083,0.0087,0.0071,295.992407,1.0839,8
417,550237100,50,36.740882303385,127.122042242113,51.723215558566,0.0088,0.0071,297.299374,1.0839,8
418,550237150,50,36.740884040865,127.122038161595,51.729111959226,0.0088,0.0071,297.881707,1.0839,8
419,550237200,50,36.740885862273,127.122034176501,51.725492903031,0.0088,0.0072,299.592276,1.0839,8
420,550237250,50,36.740887787785,127.122030301712,51.725054003298,0.0088,0.0072,301.693271,1.0839,8
421,550237300,50,36.740889750538,127.122026427924,51.728193938732,0.0088,0.0072,302.192668,1.0839,8
422,550237350,50,36.740891685477,127.122022553582,51.725846764632,0.0089,0.0072,301.821458,1.0839,8
423,550237400,50,36.740893600878,127.122018631508,51.723947034217,0.0089,0.0072,301.249519,1.0839,8
424,550237450,50,36.740895464763,127.122014721161,51.728592149913,0.0089,0.0072,300.636297,1.0839,8
425,550237500,50,36.740897209111,127.122010770758,51.727789767087,0.0090,0.0072,298.751405,1.0839,8
426,550237550,50,36.740898884636,127.122006686293,51.725562738255,0.0090,0.0073,297.008216,1.0839,8
427,550237600,50,36.740900481064,127.122002583394,51.730489685200,0.0087,0.0071,297.008168,1.0839,8
428,550237650,50,36.740902053750,127.121998528940,51.726694445126,0.0087,0.0071,295.732303,1.0839,8
429,550237700,50,36.740903686457,127.121994489946,51.730218456127,0.0087,0.0071,296.669081,1.0839,8
430,550237750,50,36.740905399709,127.121990489733,51.723993742839,0.0087,0.0071,298.020097,1.0839,8
431,550237800,50,36.740907170189,127.121986564482,51.726185932755,0.0087,0.0071,299.267902,1.0839,8
432,550237850,50,36.740909061915,127.121982693712,51.735590546392,0.0088,0.0071,301.268043,1.0839,8
433,550237900,50,36.740911045196,127.121978945249,51.731529886834,0.0088,0.0071,303.321213,1.0839,8
434,550237950,50,36.740913025631,127.121975189666,51.735409731977,0.0088,0.0071,303.233603,1.0839,8
435,550238000,50,36.740914971419,127.121971428034,51.737153145485,0.0088,0.0072,302.729733,1.0839,8
436,550238050,50,36.740916898366,127.121967634475,51.734669956379,0.0089,0.0072,302.257734,1.0839,8
437,550238100,50,36.740918756961,127.121963798348,51.735776740126,0.0089,0.0072,301.047897,1.0839,8
438,550238150,50,36.740920483656,127.121959887274,51.737127897330,0.0089,0.0072,298.747365,1.0839,8
439,550238200,50,36.740922142210,127.121955942448,51.734130552039,0.0089,0.0072,297.582710,1.0839,8
440,550238250,50,36.740923770249,127.121951974699,51.736600783654,0.0089,0.0072,297.013819,1.0839,8
441,550238300,50,36.740925379885,127.121948027699,51.738330150954,0.0090,0.0072,296.872063,1.0839,8
442,550238350,50,36.740927087640,127.121944129766,51.737425935455,0.0090,0.0072,298.562612,1.0839,8
443,550238400,50,36.740928881420,127.121940262721,51.736728836782,0.0090,0.0073,299.957449,1.0839,8
444,550238450,50,36.740930733909,127.121936477349,51.736922418699,0.0090,0.0073,301.302394,1.0839,8
445,550238500,50,36.740932663700,127.121932803725,51.741106227040,0.0091,0.0073,303.132859,1.0839,8
446,550238550,50,36.740934698368,127.121929184878,51.741732830182,0.0091,0.0073,304.938084,1.0839,8
447,550238600,50,36.740936747548,127.121925557154,51.739222324453,0.0088,0.0071,304.938037,1.0839,8
448,550238650,50,36.740938717156,127.121921876484,51.742506924085,0.0088,0.0071,303.619950,1.0839,8
449,550238700,50,36.740940615666,127.121918222382,51.739741961472,0.0088,0.0071,302.844616,1.0839,8
450,550238750,50,36.740942474301,127.121914437602,51.736460872926,0.0088,0.0071,301.390664,1.0839,8
451,550238800,50,36.740944192128,127.121910606434,51.733552937396,0.0088,0.0071,299.123231,1.0839,8
452,550238850,50,36.740945835611,127.121906747793,51.747035657056,0.0089,0.0072,297.888607,1.0839,8
453,550238900,50,36.740947474626,127.121902897061,51.746982648969,0.0089,0.0072,297.872724,1.0839,8
454,550238950,50,36.740949188560,127.121899067125,51.740638745949,0.0089,0.0072,299.075835,1.0839,8
455,550239000,50,36.740950924431,127.121895286293,51.745145562105,0.0089,0.0072,299.703527,1.0839,8
456,550239050,50,36.740952773019,127.121891630113,51.743388232775,0.0089,0.0072,302.138145,1.0839,8
457,550239100,50,36.740954717731,127.121887983606,51.742386114784,0.0089,0.0072,303.530337,1.0839,8
458,550239150,50,36.740956727490,127.121884432955,51.744387744926,0.0090,0.0072,305.118688,1.0839,8
459,550239200,50,36.740958824986,127.121880957661,51.739208891056,0.0090,0.0073,306.866882,1.0839,8
460,550239250,50,36.740960846573,127.121877411192,51.746618174948,0.0090,0.0073,305.308886,1.0839,8
461,550239300,50,36.740962826942,127.121873863206,51.752310781740,0.0090,0.0073,304.742670,1.0839,8
462,550239350,50,36.740964772350,127.121870189355,51.746714499779,0.0090,0.0073,303.342941,1.0839,8
463,550239400,50,36.740966568048,127.121866548416,51.751453612931,0.0090,0.0073,301.500290,1.0839,8
464,550239450,50,36.740968311275,127.121862758005,51.751681567170,0.0091,0.0073,299.745451,1.0839,8
465,550239500,50,36.740969987979,127.121858971880,51.762157723308,0.0091,0.0073,298.822117,1.0839,8
466,550239550,50,36.740971689917,127.121855220780,51.752436660230,0.0091,0.0073,299.412306,1.0839,8
467,550239600,50,36.740973462361,127.121851488433,51.754031811841,0.0088,0.0071,299.412261,1.0839,8
468,550239650,50,36.740975304972,127.121847791985,51.753233029507,0.0088,0.0072,301.772989,1.0839,8
469,550239700,50,36.740977213616,127.121844207625,51.755651160143,0.0088,0.0072,303.489938,1.0839,8
470,550239750,50,36.740979207111,127.121840701769,51.757370209321,0.0088,0.0072,305.242002,1.0839,8
471,550239800,50,36.740981335622,127.121837241097,51.755629436113,0.0089,0.0072,307.387845,1.0839,8
472,550239850,50,36.740983459927,127.121833794175,51.757600679062,0.0089,0.0072,307.443227,1.0839,8
473,550239900,50,36.740985521951,127.121830297487,51.759133514017,0.0089,0.0072,306.231158,1.0839,8
474,550239950,50,36.740987524139,127.121826750924,51.762079700828,0.0089,0.0072,305.048019,1.0839,8
475,550240000,50,36.740989475983,127.121823137813,51.759208475240,0.0089,0.0072,303.870483,1.0839,8
476,550240050,50,36.740991330586,127.121819456828,51.761922355741,0.0090,0.0072,302.047566,1.0839,8
477,550240100,50,36.740993120615,127.121815686452,51.761662346311,0.0090,0.0072,300.536433,1.0839,8
478,550240150,50,36.740994873754,127.121811894692,51.766724398360,0.0090,0.0073,299.876780,1.0839,8
479,550240200,50,36.740996706756,127.121808160306,51.770522412844,0.0090,0.0073,301.378387,1.0839,8
480,550240250,50,36.740998614159,127.121804447780,51.761159278452,0.0090,0.0073,302.553236,1.0839,8
481,550240300,50,36.741000570960,127.121800817514,51.761001563631,0.0090,0.0073,303.812190,1.0839,8
482,550240350,50,36.741002582068,127.121797242975,51.767894631252,0.0090,0.0073,304.956185,1.0839,8
483,550240400,50,36.741004749662,127.121793767734,51.766295203008,0.0091,0.0073,307.775410,1.0839,8
484,550240450,50,36.741006941199,127.121790280947,51.767204437405,0.0091,0.0073,307.988351,1.0839,8
485,550240500,50,36.741009105545,127.121786777681,51.768888529390,0.0091,0.0073,307.511319,1.0839,8
486,550240550,50,36.741011282114,127.121783255597,51.771639221348,0.0091,0.0073,307.518908,1.0839,8
487,550240600,50,36.741013379929,127.121779639158,51.771733480506,0.0091,0.0073,305.782564,1.0839,8
488,550240650,50,36.741015391135,127.121775936642,51.773669202812,0.0091,0.0074,304.016935,1.0839,8
489,550240700,50,36.741017312141,127.121772196274,51.775304079056,0.0091,0.0074,302.543763,1.0839,8
490,550240750,50,36.741019171178,127.121768374348,51.770149193704,0.0092,0.0074,301.147964,1.0839,8
491,550240800,50,36.741021062856,127.121764530702,51.768118439242,0.0089,0.0072,301.147921,1.0839,8
492,550240850,50,36.741022991415,127.121760741034,51.776217590086,0.0089,0.0072,302.305929,1.0839,8
493,550240900,50,36.741024996169,127.121757030526,51.772658864036,0.0089,0.0072,303.874390,1.0839,8
494,550240950,50,36.741027098401,127.121753350586,51.777760396712,0.0089,0.0072,305.367651,1.0839,8
495,550241000,50,36.741029281386,127.121749760792,51.774047080427,0.0089,0.0072,307.074285,1.0839,8
496,550241050,50,36.741031551424,127.121746255241,51.779289551079,0.0090,0.0072,308.820229,1.0839,8
497,550241100,50,36.741033848119,127.121742707941,51.775204972364,0.0090,0.0072,308.815638,1.0839,8
498,550241150,50,36.741036162791,127.121739194029,51.785358744673,0.0090,0.0072,309.299305,1.0839,8
499,550241200,50,36.741038427496,127.121735549543,51.782459248789,0.0090,0.0073,307.672130,1.0839,8
500,550241250,50,36.741040604160,127.121731821958,51.785262545571,0.0090,0.0073,305.962825,1.0839,8
501,550241300,50,36.741042686415,127.121728035715,51.784292603843,0.0090,0.0073,304.345947,1.0839,8
502,550241350,50,36.741044700166,127.121724146710,51.783258796670,0.0091,0.0073,302.756678,1.0839,8
503,550241400,50,36.741046684442,127.121720290538,51.786336336285,0.0091,0.0073,302.593519,1.0839,8
504,550241450,50,36.741048721593,127.121716394017,51.784494468942,0.0091,0.0073,303.008047,1.0839,8
505,550241500,50,36.741050802511,127.121712590771,51.791971244849,0.0091,0.0073,304.209356,1.0839,8
506,550241550,50,36.741052985408,127.121708812032,51.792237653397,0.0091,0.0073,305.670014,1.0839,8
507,550241600,50,36.741055245111,127.121705157811,51.784135730006,0.0091,0.0073,307.537021,1.0839,8
508,550241650,50,36.741057598442,127.121701587834,51.793791558594,0.0091,0.0074,309.319967,1.0839,8
509,550241700,50,36.741060043727,127.121698087790,51.794615827501,0.0092,0.0074,310.960685,1.0839,8
510,550241750,50,36.741062455848,127.121694510744,51.791805687360,0.0092,0.0074,309.958818,1.0839,8
511,550241800,50,36.741064870156,127.121690903295,51.796329280362,0.0092,0.0074,309.745809,1.0839,8
512,550241850,50,36.741067212479,127.121687233560,51.792636736296,0.0092,0.0074,308.417241,1.0839,8
513,550241900,50,36.741069420140,127.121683461271,51.795858497731,0.0092,0.0074,306.023307,1.0839,8
514,550241950,50,36.741071578089,127.121679613407,51.796184758656,0.0093,0.0074,304.869932,1.0839,8
515,550242000,50,36.741073677015,127.121675708272,51.803932798095,0.0093,0.0074,303.736218,1.0839,8
516,550242050,50,36.741075792341,127.121671811393,51.800782179460,0.0093,0.0074,303.998678,1.0839,8
517,550242100,50,36.741078008291,127.121667960680,51.792522994801,0.0090,0.0072,303.998634,1.0839,8
518,550242150,50,36.741080225895,127.121664165615,51.801940667443,0.0090,0.0072,305.981707,1.0839,8
519,550242200,50,36.741082564663,127.121660424578,51.796462932602,0.0090,0.0073,307.839472,1.0839,8
520,550242250,50,36.741085002073,127.121656825028,51.802890910767,0.0090,0.0073,310.076122,1.0839,8
521,550242300,50,36.741087507787,127.121653259115,51.809990007430,0.0090,0.0073,311.124318,1.0839,8
522,550242350,50,36.741090075795,127.121649723487,51.802405087277,0.0090,0.0073,312.065434,1.0839,8
523,550242400,50,36.741092570138,127.121646157435,51.805814596824,0.0091,0.0073,310.994142,1.0839,8
524,550242450,50,36.741095044074,127.121642509423,51.810365033336,0.0091,0.0073,310.118514,1.0839,8
525,550242500,50,36.741097458626,127.121638809950,51.807739830576,0.0091,0.0073,309.040818,1.0839,8
526,550242550,50,36.741099769598,127.121635026290,51.812689782120,0.0091,0.0073,307.195062,1.0839,8
527,550242600,50,36.741101984956,127.121631123473,51.801212529652,0.0088,0.0071,307.195017,1.0839,8
528,550242650,50,36.741104170108,127.121627234750,51.799922321923,0.0088,0.0072,304.922697,1.0839,8
529,550242700,50,36.741106394537,127.121623373584,51.804364124313,0.0089,0.0072,305.595894,1.0839,8
530,550242750,50,36.741108700157,127.121619528155,51.802230093628,0.0089,0.0072,306.685566,1.0839,8
531,550242800,50,36.741111058850,127.121615784811,51.808698588982,0.0089,0.0072,308.058031,1.0839,8
532,550242850,50,36.741113539052,127.121612123163,51.802282551304,0.0089,0.0072,310.084573,1.0839,8
533,550242900,50,36.741116099040,127.121608567781,51.802039401606,0.0089,0.0072,311.817619,1.0839,8
534,550242950,50,36.741118715205,127.121605064860,51.803712228313,0.0089,0.0072,312.860765,1.0839,8
535,550243000,50,36.741121355782,127.121601574920,51.802762269042,0.0090,0.0072,313.232337,1.0839,8
536,550243050,50,36.741123926913,127.121598045134,51.803180540912,0.0090,0.0072,312.147198,1.0839,8
537,550243100,50,36.741126466810,127.121594392742,51.805525809526,0.0090,0.0073,310.828973,1.0839,8
538,550243150,50,36.741128920291,127.121590709558,51.802355336025,0.0090,0.0073,309.614000,1.0839,8
539,550243200,50,36.741131335242,127.121586923286,51.803994274698,0.0090,0.0073,308.396967,1.0839,8
540,550243250,50,36.741133642537,127.121583140111,51.811023807153,0.0090,0.0073,307.154660,1.0839,8
541,550243300,50,36.741135898336,127.121579329847,51.807020729408,0.0091,0.0073,306.338755,1.0839,8
542,550243350,50,36.741138181153,127.121575510159,51.809249184094,0.0091,0.0073,306.597158,1.0839,8
543,550243400,50,36.741140514520,127.121571677836,51.809542915784,0.0091,0.0073,307.108603,1.0839,8
544,550243450,50,36.741142852077,127.121567877569,51.811486723833,0.0091,0.0073,307.390015,1.0839,8
545,550243500,50,36.741145154182,127.121564143128,51.808193719015,0.0091,0.0073,307.450587,1.0839,8
546,550243550,50,36.741147514963,127.121560428853,51.813918059692,0.0091,0.0073,308.299755,1.0839,8
547,550243600,50,36.741149874652,127.121556745595,51.816976288334,0.0088,0.0071,308.299711,1.0839,8
548,550243650,50,36.741152235021,127.121553079580,51.808317968622,0.0088,0.0072,308.659834,1.0839,8
549,550243700,50,36.741154545476,127.121549347553,51.816169299185,0.0088,0.0072,307.568651,1.0839,8
550,550243750,50,36.741156857139,127.121545652419,51.818668196909,0.0088,0.0072,307.858595,1.0839,8
551,550243800,50,36.741159106888,127.121541966095,51.812669249251,0.0088,0.0072,307.173328,1.0839,8
552,550243850,50,36.741161372196,127.121538301184,51.811667078175,0.0088,0.0072,307.524732,1.0839,8
553,550243900,50,36.741163638557,127.121534521447,51.814830222167,0.0089,0.0072,306.687140,1.0839,8
554,550243950,50,36.741165896829,127.121530881258,51.812851150520,0.0091,0.0078,307.626036,1.0839,8
555,550244000,50,36.741168105664,127.121527213288,51.824080180377,0.0092,0.0082,306.805411,1.0839,8
556,550244050,50,36.741170363435,127.121523525278,51.810540379956,0.0092,0.0082,307.258955,1.0839,8
557,550244100,50,36.741172609553,127.121519884571,51.817808061838,0.0092,0.0082,307.472699,1.0839,8
558,550244150,50,36.741174835414,127.121516224119,51.817830670625,0.0092,0.0082,307.073213,1.0839,8
559,550244200,50,36.741177003504,127.121512598837,51.813903128728,0.0092,0.0082,306.615630,1.0839,8
560,550244250,50,36.741179210032,127.121508995367,51.814159297384,0.0093,0.0082,307.265367,1.0839,8
561,550244300,50,36.741181449815,127.121505397244,51.819734999910,0.0093,0.0083,307.720356,1.0839,8
562,550244350,50,36.741183622516,127.121501763594,51.819273358211,0.0093,0.0083,306.610676,1.0839,8
563,550244400,50,36.741185817263,127.121498217984,51.821834192611,0.0093,0.0083,307.564914,1.0839,8
564,550244450,50,36.741188002828,127.121494630109,51.819460661151,0.0094,0.0083,307.121655,1.0839,8
565,550244500,50,36.741190146364,127.121491000211,51.826085456647,0.0094,0.0084,306.268983,1.0839,8
566,550244550,50,36.741192334943,127.121487372954,51.819385562092,0.0095,0.0084,306.859016,1.0839,8
567,550244600,50,36.741194383595,127.121483688664,51.817165050656,0.0095,0.0085,304.640895,1.0839,8
568,550244650,50,36.741196487130,127.121480059881,51.819375541061,0.0095,0.0084,305.764026,1.0839,8
569,550244700,50,36.741198500458,127.121476394783,51.817963516340,0.0091,0.0082,305.763981,1.0839,8
570,550244750,50,36.741200559397,127.121472662780,51.817063042894,0.0091,0.0082,304.430584,1.0839,8
571,550244800,50,36.741202513435,127.121468893344,51.824882979505,0.0095,0.0093,302.786093,1.0839,8
572,550244850,50,36.741204420684,127.121465183513,51.812358684838,0.0096,0.0093,302.570068,1.0839,8
573,550244900,50,36.741206287552,127.121461393935,51.803707911633,0.0096,0.0093,301.471124,1.0839,8
574,550244950,50,36.741208176308,127.121457647834,51.807765793987,0.0096,0.0093,302.066003,1.0839,8
575,550245000,50,36.741210010843,127.121453820815,51.806112658232,0.0096,0.0093,300.778956,1.0839,8
576,550245050,50,36.741211761162,127.121449946723,51.810373810120,0.0096,0.0093,299.308741,1.0839,8
577,550245100,50,36.741213564223,127.121446145363,51.811201347038,0.0096,0.0093,300.513184,1.0839,8
578,550245150,50,36.741215308749,127.121442250915,51.822612709366,0.0096,0.0094,299.099971,1.0839,8
579,550245200,50,36.741217025744,127.121438419064,51.813499296084,0.0097,0.0094,299.107204,1.0839,8
580,550245250,50,36.741218695930,127.121434518269,51.806502024643,0.0097,0.0094,298.013291,1.0839,8
581,550245300,50,36.741220350998,127.121430648801,51.811630363576,0.0097,0.0094,297.988837,1.0839,8
582,550245350,50,36.741221951815,127.121426746870,51.809324697591,0.0097,0.0094,297.010795,1.0839,8
583,550245400,50,36.741223536524,127.121422811267,51.810339624062,0.0097,0.0094,296.579527,1.0839,8
584,550245450,50,36.741225114567,127.121418870441,51.813056718558,0.0097,0.0094,296.452681,1.0839,8
585,550245500,50,36.741226635086,127.121414927655,51.804366893135,0.0098,0.0095,295.602592,1.0839,8
586,550245550,50,36.741228118828,127.121410936266,51.808765101247,0.0098,0.0095,294.791838,1.0839,8
587,550245600,50,36.741229542112,127.121406971460,51.823725831695,0.0098,0.0095,294.038893,1.0839,8
588,550245650,50,36.741230995530,127.121402950832,51.815964126028,0.0098,0.0095,294.187801,1.0839,8
589,550245700,50,36.741232384406,127.121398984357,51.815154808573,0.0098,0.0095,293.512693,1.0839,8
590,550245750,50,36.741233774988,127.121394997261,51.806549172848,0.0094,0.0092,293.512649,1.0839,8
591,550245800,50,36.741235095079,127.121390979986,51.812816394493,0.0095,0.0092,292.210119,1.3298,7
592,550245850,50,36.741236394535,127.121386905358,51.815860239789,0.0095,0.0092,291.616407,1.3298,7
593,550245900,50,36.741237645958,127.121382903429,51.811663249508,0.0095,0.0092,291.233359,1.3298,7
594,550245950,50,36.741238940670,127.121378921527,51.811793879606,0.0095,0.0092,291.999030,1.3298,7
595,550246000,50,36.741240093683,127.121374825149,51.805424678139,0.0095,0.0093,289.276557,1.3298,7
596,550246050,50,36.741241280934,127.121370724968,51.809328376316,0.0095,0.0093,289.788072,1.3298,7
597,550246100,50,36.741242456085,127.121366649642,51.805097637698,0.0096,0.0093,289.712206,1.3298,7
598,550246150,50,36.741243521873,127.121362523677,51.817346237600,0.0096,0.0093,287.794584,1.3298,7
599,550246200,50,36.741244596406,127.121358428763,51.809343261644,0.0096,0.0093,288.058428,1.3298,7
600,550246250,50,36.741245679351,127.121354335735,51.805981408805,0.0096,0.0093,288.198369,1.3298,7
601,550246300,50,36.741246715427,127.121350201645,51.799567349255,0.0096,0.0093,287.296582,1.3298,7
602,550246350,50,36.741247689268,127.121346145487,51.799120087177,0.0096,0.0093,286.610793,1.3298,7
603,550246400,50,36.741248635161,127.121341940464,51.801253763027,0.0097,0.0094,285.615634,1.3298,7
604,550246450,50,36.741249591323,127.121337827001,51.801707128063,0.0097,0.0094,286.109891,1.3298,7
605,550246500,50,36.741250506587,127.121333724150,51.798362616450,0.0097,0.0094,285.492507,1.3298,7
606,550246550,50,36.741251396711,127.121329569814,51.783982317895,0.0097,0.0094,284.908030,1.3298,7
607,550246600,50,36.741252231849,127.121325441148,51.794000361115,0.0097,0.0094,284.108296,1.3298,7
608,550246650,50,36.741253061306,127.121321231430,51.795529398136,0.0098,0.0094,283.756612,1.3298,7
609,550246700,50,36.741253828591,127.121317126838,51.792108630762,0.0098,0.0094,283.076274,1.3298,7
610,550246750,50,36.741254603483,127.121313045505,51.784284141846,0.0098,0.0095,283.273962,1.3298,7
611,550246800,50,36.741255374373,127.121308810106,51.792423886247,0.0098,0.0095,282.743343,1.3298,7
612,550246850,50,36.741256092438,127.121304613103,51.787034870125,0.0099,0.0095,282.001567,1.0853,8
613,550246900,50,36.741256740878,127.121300467460,51.780105631799,0.0099,0.0095,280.998381,1.0853,8
614,550246950,50,36.741257312558,127.121296241228,51.802744328976,0.0095,0.0092,280.998334,1.0853,8
615,550247000,50,36.741257904501,127.121292091961,51.792825261131,0.0095,0.0093,280.051940,1.0853,8
616,550247050,50,36.741258527454,127.121287912405,51.788147200830,0.0096,0.0093,280.492097,1.0853,8
617,550247100,50,36.741259057991,127.121283703793,51.792130747810,0.0096,0.0093,278.902095,1.0853,8
618,550247150,50,36.741259600388,127.121279547361,51.783555924892,0.0096,0.0093,279.210086,1.0853,8
619,550247200,50,36.741260031939,127.121275377433,51.793688408099,0.0096,0.0093,277.327523,1.0853,8
620,550247250,50,36.741260521797,127.121271137517,51.788107872941,0.0096,0.0094,278.169338,1.0853,8
621,550247300,50,36.741260938786,127.121266953951,51.770912311040,0.0097,0.0094,277.059994,1.0853,8
622,550247350,50,36.741261318127,127.121262742184,51.786575040780,0.0097,0.0094,276.385479,1.0853,8
623,550247400,50,36.741261636182,127.121258586143,51.774073981680,0.0097,0.0094,275.431906,1.0853,8
624,550247450,50,36.741261948334,127.121254326934,51.787141519599,0.0097,0.0094,275.203241,1.0853,8
625,550247500,50,36.741262281682,127.121250150102,51.772151867859,0.0097,0.0094,275.663257,1.0853,8
626,550247550,50,36.741262562186,127.121246006620,51.770641474053,0.0097,0.0095,274.808249,1.0853,8
627,550247600,50,36.741262794119,127.121241845087,51.786739735864,0.0094,0.0092,274.808199,1.0853,8
628,550247650,50,36.741263069271,127.121237606744,51.778703943826,0.0094,0.0092,274.611770,1.0853,8
629,550247700,50,36.741263275898,127.121233440633,51.784923988394,0.0094,0.0092,273.526459,1.0853,8
630,550247750,50,36.741263483851,127.121229256680,51.780273121782,0.0094,0.0092,273.533928,1.0853,8
631,550247800,50,36.741263750710,127.121225084363,51.783287632279,0.0095,0.0092,274.543855,1.0853,8
632,550247850,50,36.741263969900,127.121220916719,51.776450270787,0.0095,0.0092,273.738924,1.0853,8
633,550247900,50,36.741264180415,127.121216727640,51.784269839525,0.0095,0.0093,273.572994,1.0853,8
634,550247950,50,36.741264432419,127.121212553636,51.773370285518,0.0095,0.0093,274.290168,1.0853,8
635,550248000,50,36.741264650761,127.121208401669,51.773854169995,0.0095,0.0093,273.738527,1.0853,8
636,550248050,50,36.741264861296,127.121204200003,51.778070922010,0.0095,0.0093,273.562669,1.0853,8
637,550248100,50,36.741265049071,127.121200067768,51.771101882681,0.0096,0.0093,273.231669,1.0853,8
638,550248150,50,36.741265272217,127.121195881955,51.768165211193,0.0096,0.0093,273.789739,1.0853,8
639,550248200,50,36.741265514197,127.121191751374,51.760602679104,0.0096,0.0093,274.163293,1.0853,8
640,550248250,50,36.741265729339,127.121187574210,51.771823866293,0.0096,0.0093,273.661725,1.0853,8
641,550248300,50,36.741265953674,127.121183457063,51.765527819283,0.0096,0.0094,273.873243,1.0853,8
642,550248350,50,36.741266212388,127.121179304085,51.764670473523,0.0096,0.0094,274.426175,1.0853,8
643,550248400,50,36.741266434247,127.121175154612,51.766975326464,0.0097,0.0094,273.800852,1.0853,8
644,550248450,50,36.741266712688,127.121171113485,51.757704366930,0.0097,0.0094,274.893367,1.0853,8
645,550248500,50,36.741266977059,127.121166955435,51.764286057092,0.0097,0.0094,274.517068,1.0853,8
646,550248550,50,36.741267310936,127.121162839886,51.753507048823,0.0097,0.0094,275.756091,1.0853,8
647,550248600,50,36.741267615701,127.121158740031,51.759620576166,0.0094,0.0092,275.756041,1.0853,8
648,550248650,50,36.741267941175,127.121154634766,51.758021756075,0.0094,0.0092,275.626084,1.0853,8
649,550248700,50,36.741268336025,127.121150540490,51.752016413957,0.0094,0.0092,276.833119,1.0853,8
650,550248750,50,36.741268705746,127.121146413529,51.754816389643,0.0094,0.0092,276.351699,1.0853,8
651,550248800,50,36.741269096476,127.121142358045,51.758215747774,0.0094,0.0092,276.826558,1.0853,8
652,550248850,50,36.741269545175,127.121138260387,51.754519620910,0.0094,0.0092,277.748022,1.0853,8
653,550248900,50,36.741269963066,127.121134237573,51.746646889485,0.0095,0.0092,277.354757,1.0853,8
654,550248950,50,36.741270454718,127.121130146931,51.749588878825,0.0095,0.0092,278.493731,1.0853,8
655,550249000,50,36.741270922840,127.121126132944,51.738188619725,0.0095,0.0092,278.245193,1.0853,8
656,550249050,50,36.741271445512,127.121122099245,51.744320425205,0.0095,0.0093,279.146285,1.0853,8
657,550249100,50,36.741271984264,127.121118090232,51.736170112155,0.0095,0.0093,279.479670,1.0853,8
658,550249150,50,36.741272504452,127.121114090167,51.740313645452,0.0095,0.0093,279.178806,1.0853,8
659,550249200,50,36.741273054637,127.121110064277,51.740938672796,0.0095,0.0093,279.637264,1.0853,8
660,550249250,50,36.741273660383,127.121106066958,51.740133900195,0.0096,0.0093,280.663435,1.0853,8
661,550249300,50,36.741274274363,127.121102126783,51.724251193926,0.0096,0.0093,280.957918,1.0853,8
662,550249350,50,36.741274887661,127.121098122522,51.724555644207,0.0096,0.0093,280.774988,1.0853,8
663,550249400,50,36.741275526406,127.121094136936,51.725887855515,0.0096,0.0093,281.262150,1.0853,8
664,550249450,50,36.741276207901,127.121090210114,51.725298143923,0.0096,0.0093,282.168926,1.0853,8
665,550249500,50,36.741276924277,127.121086251920,51.719357213005,0.0096,0.0094,282.673854,1.0853,8
666,550249550,50,36.741277617816,127.121082284870,51.718686642125,0.0096,0.0094,282.255708,1.0853,8
667,550249600,50,36.741278328550,127.121078374425,51.733505805954,0.0091,0.0086,282.255659,1.0853,8
668,550249650,50,36.741279068921,127.121074445029,51.725556918420,0.0091,0.0086,283.176519,1.0853,8
669,550249700,50,36.741279807255,127.121070514284,51.727816993371,0.0091,0.0087,283.137152,1.0853,8
670,550249750,50,36.741280574707,127.121066602655,51.721668054350,0.0092,0.0087,283.700395,1.0853,8
671,550249800,50,36.741281356309,127.121062717292,51.716643742286,0.0092,0.0087,284.033762,1.0853,8
672,550249850,50,36.741282148766,127.121058864555,51.719181362540,0.0092,0.0087,284.336291,1.0853,8
673,550249900,50,36.741282929469,127.121054942588,51.721437173896,0.0092,0.0087,283.892542,1.0853,8
674,550249950,50,36.741283752967,127.121051077861,51.718693502247,0.0092,0.0087,284.829299,1.0853,8
675,550250000,50,36.741284511767,127.121047219214,51.717305434868,0.0092,0.0087,283.730754,1.0853,8
676,550250050,50,36.741285323758,127.121043322703,51.726242815144,0.0093,0.0087,284.516755,1.0853,8
677,550250100,50,36.741286087285,127.121039474421,51.718075841665,0.0093,0.0087,283.848806,1.0853,8
678,550250150,50,36.741286870614,127.121035591970,51.712969696149,0.0093,0.0087,284.073700,1.0853,8
679,550250200,50,36.741287711761,127.121031747627,51.716218518093,0.0093,0.0087,285.209229,1.0853,8
680,550250250,50,36.741288518606,127.121027894904,51.709703612141,0.0093,0.0088,284.585648,1.0853,8
681,550250300,50,36.741289360638,127.121024064850,51.717274606228,0.0094,0.0088,285.278657,1.0853,8
682,550250350,50,36.741290174545,127.121020212970,51.703684201464,0.0094,0.0088,284.710881,1.0853,8
