0,547178700,50,36.740424421450,127.122940803332,51.624432309531,0.0072,0.0073,83.314728,1.0295,8
1,547178750,50,36.740424428014,127.122940806795,51.628345089033,0.0072,0.0072,23.007310,1.0295,8
2,547178800,50,36.740424421860,127.122940803169,51.628125433810,0.0072,0.0072,205.366120,1.0295,8
3,547178850,50,36.740424410684,127.122940793646,51.622811279260,0.0072,0.0072,214.444312,1.0295,8
4,547178900,50,36.740424408425,127.122940782260,51.624232831411,0.0072,0.0072,256.151694,1.0295,8
5,547178950,50,36.740424427080,127.122940796586,51.627499388531,0.0072,0.0073,31.718453,1.0295,8
6,547179000,50,36.740424411314,127.122940787871,51.626004827209,0.0072,0.0073,203.984854,1.0295,8
7,547179050,50,36.740424412104,127.122940774410,51.625307737850,0.0072,0.0073,274.170091,1.0295,8
8,547179100,50,36.740424403285,127.122940797796,51.624332671054,0.0072,0.0072,115.105342,1.0295,8
9,547179150,50,36.740424418223,127.122940788751,51.624671140686,0.0072,0.0072,334.018563,1.0295,8
10,547179200,50,36.740424419046,127.122940791616,51.628906671889,0.0072,0.0072,70.347832,1.0295,8
11,547179250,50,36.740424418748,127.122940793993,51.630752114579,0.0072,0.0072,98.855115,1.0295,8
12,547179300,50,36.740424421796,127.122940797894,51.625015116297,0.0072,0.0072,45.844224,1.0295,8
13,547179350,50,36.740424420847,127.122940800588,51.627752078697,0.0072,0.0072,113.653137,1.0295,8
14,547179400,50,36.740424428062,127.122940801045,51.628621954471,0.0072,0.0072,2.916920,1.0295,8
15,547179450,50,36.740424416944,127.122940797118,51.626510083675,0.0072,0.0072,195.866221,1.0295,8
16,547179500,50,36.740424421117,127.122940793692,51.627266717143,0.0072,0.0072,326.543888,1.0295,8
17,547179550,50,36.740424429219,127.122940795650,51.627514167689,0.0072,0.0072,11.009050,1.0295,8
18,547179600,50,36.740424419065,127.122940807868,51.628072993830,0.0072,0.0072,135.917627,1.0295,8
19,547179650,50,36.740424399531,127.122940794459,51.625307613052,0.0071,0.0071,135.917627,1.0295,8
20,547179700,50,36.740424425672,127.122940815574,51.626445841044,0.0071,0.0071,33.026481,1.0295,8
21,547179750,50,36.740424391447,127.122940792171,51.625306013972,0.0071,0.0071,208.825393,1.0295,8
22,547179800,50,36.740424409313,127.122940785169,51.628017119132,0.0072,0.0071,342.495342,1.0295,8
23,547179850,50,36.740424415629,127.122940826868,51.626148026437,0.0072,0.0071,79.341851,1.0295,8
24,547179900,50,36.740424382758,127.122940808383,51.625936976634,0.0072,0.0071,204.351216,1.0295,8
25,547179950,50,36.740424410008,127.122940801113,51.626799077727,0.0072,0.0071,347.881235,1.0295,8
26,547180000,50,36.740424399519,127.122940812761,51.627201488242,0.0072,0.0071,138.212845,1.0295,8
27,547180050,50,36.740424396570,127.122940799379,51.626561378129,0.0072,0.0071,254.684575,1.0295,8
28,547180100,50,36.740424398765,127.122940789035,51.620412849821,0.0072,0.0071,284.773763,1.0295,8
29,547180150,50,36.740424405825,127.122940812271,51.623892665841,0.0072,0.0071,69.318447,1.0295,8
30,547180200,50,36.740424393311,127.122940805397,51.624970805831,0.0072,0.0071,203.850488,1.0295,8
31,547180250,50,36.740424404197,127.122940799442,51.626321697608,0.0072,0.0071,336.236576,1.0295,8
32,547180300,50,36.740424394275,127.122940784898,51.625511731952,0.0072,0.0071,229.711194,1.0295,8
33,547180350,50,36.740424399005,127.122940799895,51.623211307451,0.0072,0.0071,68.600688,1.0295,8
34,547180400,50,36.740424403454,127.122940803482,51.624707694165,0.0072,0.0071,32.980668,1.0295,8
35,547180450,50,36.740424408057,127.122940800765,51.626486786641,0.0072,0.0071,334.584571,1.0295,8
36,547180500,50,36.740424402548,127.122940794143,51.624340225011,0.0072,0.0071,224.052080,1.0295,8
37,547180550,50,36.740424394944,127.122940814572,51.623685760424,0.0072,0.0071,114.818972,1.0295,8
38,547180600,50,36.740424423112,127.122940810099,51.630383214913,0.0072,0.0071,352.717295,1.0295,8
39,547180650,50,36.740424404134,127.122940796539,51.625033803284,0.0072,0.0071,209.902181,1.0295,8
40,547180650,50,36.740424404134,127.122940796539,51.625033803284,0.0072,0.0071,209.902181,1.0295,8
41,547180750,50,36.740424405248,127.122940792351,51.625774250366,0.0072,0.0071,84.350512,1.0295,8
42,547180800,50,36.740424424992,127.122940806932,51.626454865560,0.0072,0.0071,84.350512,1.0295,8
43,547180850,50,36.740424407416,127.122940798071,51.625736375339,0.0072,0.0071,202.086119,1.0295,8
44,547180900,50,36.740424411676,127.122940797903,51.627425509505,0.0072,0.0071,358.188990,1.0295,8
45,547180950,50,36.740424417950,127.122940807147,51.627448792569,0.0072,0.0071,358.188990,1.0295,8
46,547181000,50,36.740424422501,127.122940791906,51.626072671264,0.0072,0.0071,290.353405,1.0295,8
47,547181050,50,36.740424408550,127.122940807780,51.622702521272,0.0072,0.0071,137.516281,1.0295,8
48,547181100,50,36.740424415565,127.122940799504,51.625531342812,0.0072,0.0071,316.484343,1.0295,8
49,547181150,50,36.740424426915,127.122940813805,51.626103504561,0.0072,0.0071,45.401158,1.0295,8
50,547181200,50,36.740424418242,127.122940793139,51.628381744958,0.0072,0.0071,242.461157,1.0295,8
51,547181250,50,36.740424416332,127.122940799522,51.624836150557,0.0072,0.0071,110.390691,1.0295,8
52,547181300,50,36.740424424553,127.122940787033,51.628875792958,0.0072,0.0071,309.278618,1.0295,8
53,547181350,50,36.740424420333,127.122940816801,51.626317407936,0.0072,0.0071,99.989361,1.0295,8
54,547181400,50,36.740424406234,127.122940790768,51.623747426085,0.0072,0.0071,236.061778,1.0295,8
55,547181450,50,36.740424416684,127.122940810050,51.628964036703,0.0072,0.0071,56.044640,1.0295,8
56,547181500,50,36.740424407891,127.122940799592,51.625874205492,0.0072,0.0071,223.747735,1.0295,8
57,547181550,50,36.740424429806,127.122940789839,51.628593023866,0.0072,0.0071,340.292218,1.0295,8
58,547181600,50,36.740424409874,127.122940804866,51.627045490779,0.0072,0.0071,148.750055,1.0295,8
59,547181650,50,36.740424422186,127.122940817798,51.630938762799,0.0072,0.0071,148.750055,1.0295,8
60,547181700,50,36.740424413671,127.122940796605,51.627683388069,0.0072,0.0071,243.469678,1.0295,8
61,547181750,50,36.740424412644,127.122940786697,51.626079458743,0.0072,0.0071,262.658894,1.0295,8
62,547181800,50,36.740424419954,127.122940793769,51.631394453347,0.0073,0.0071,37.905313,1.0295,8
63,547181850,50,36.740424412157,127.122940793801,51.625250604935,0.0073,0.0071,179.811993,1.0295,8
64,547181900,50,36.740424420565,127.122940805345,51.626747163013,0.0073,0.0071,47.858951,1.0295,8
65,547181950,50,36.740424426000,127.122940801299,51.629968869500,0.0073,0.0071,329.071250,1.0295,8
66,547182000,50,36.740424417820,127.122940799361,51.629027412273,0.0073,0.0071,190.794014,1.0295,8
67,547182050,50,36.740424414795,127.122940790982,51.627508033998,0.0073,0.0071,245.840177,1.0295,8
68,547182100,50,36.740424423365,127.122940781280,51.629709853791,0.0073,0.0072,317.660714,1.0295,8
69,547182150,50,36.740424412998,127.122940815048,51.626793551259,0.0072,0.0071,317.660715,1.0295,8
70,547182200,50,36.740424426971,127.122940809123,51.631972089410,0.0072,0.0071,341.158634,1.0295,8
71,547182250,50,36.740424411365,127.122940802849,51.628570370376,0.0072,0.0071,197.930182,1.0295,8
72,547182300,50,36.740424420356,127.122940794846,51.630998824723,0.0072,0.0071,324.381843,1.0295,8
73,547182350,50,36.740424422939,127.122940805983,51.627758260816,0.0072,0.0071,73.922536,1.0295,8
74,547182400,50,36.740424421428,127.122940820998,51.627886654809,0.0072,0.0071,97.127446,1.0295,8
75,547182450,50,36.740424426693,127.122940804628,51.629700250924,0.0072,0.0071,291.783558,1.0295,8
76,547182500,50,36.740424413078,127.122940813782,51.629563250579,0.0072,0.0071,151.582427,1.0295,8
77,547182550,50,36.740424415989,127.122940789364,51.630491959862,0.0072,0.0071,278.427333,1.0295,8
78,547182600,50,36.740424419922,127.122940803077,51.629889625125,0.0072,0.0071,70.386074,1.0295,8
79,547182650,50,36.740424418842,127.122940814070,51.627272109501,0.0072,0.0071,70.386074,1.0295,8
80,547182700,50,36.740424438539,127.122940796352,51.627936839126,0.0072,0.0071,324.097428,1.0295,8
81,547182750,50,36.740424409275,127.122940784137,51.623579002917,0.0072,0.0071,198.568383,1.0295,8
82,547182800,50,36.740424436410,127.122940812796,51.631454687566,0.0072,0.0071,40.364919,1.0295,8
83,547182850,50,36.740424412902,127.122940792347,51.623947586864,0.0072,0.0071,214.994474,1.0295,8
84,547182900,50,36.740424435381,127.122940804801,51.633984654211,0.0072,0.0071,24.030451,1.0295,8
85,547182950,50,36.740424417723,127.122940807576,51.622380072251,0.0072,0.0071,172.791571,1.0295,8
86,547183000,50,36.740424440471,127.122940824189,51.626945425756,0.0072,0.0071,30.446629,1.0295,8
87,547183050,50,36.740424427047,127.122940817836,51.626970886253,0.0072,0.0071,200.852435,1.0295,8
88,547183100,50,36.740424419762,127.122940814749,51.626244321465,0.0072,0.0071,198.830612,1.0295,8
89,547183150,50,36.740424452251,127.122940819987,51.630501135252,0.0072,0.0071,7.392771,1.0295,8
90,547183200,50,36.740424413572,127.122940797973,51.621987883933,0.0072,0.0071,204.610036,1.0295,8
91,547183250,50,36.740424445556,127.122940822479,51.628917274997,0.0072,0.0071,31.659191,1.0295,8
92,547183300,50,36.740424435884,127.122940807116,51.631481214426,0.0072,0.0071,231.965220,1.0295,8
93,547183350,50,36.740424431200,127.122940792805,51.626189703122,0.0072,0.0071,247.870418,1.0295,8
94,547183400,50,36.740424438629,127.122940805682,51.629801087081,0.0072,0.0071,54.366212,1.0295,8
95,547183450,50,36.740424436311,127.122940803217,51.626121518202,0.0072,0.0071,220.568054,1.0295,8
96,547183500,50,36.740424457353,127.122940811548,51.628582908772,0.0072,0.0071,17.674487,1.0295,8
97,547183550,50,36.740424420089,127.122940803527,51.624194232747,0.0072,0.0071,189.827045,1.0295,8
98,547183600,50,36.740424437069,127.122940800838,51.625907899812,0.0072,0.0071,352.734535,1.0295,8
99,547183650,50,36.740424407696,127.122940784562,51.625499414280,0.0072,0.0071,352.734535,1.0295,8
100,547183700,50,36.740424392312,127.122940786708,51.623395074159,0.0072,0.0071,173.594562,1.0295,8
101,547183750,50,36.740424418137,127.122940779795,51.624448901974,0.0072,0.0071,347.842835,1.0295,8
102,547183800,50,36.740424417950,127.122940785390,51.626617140137,0.0072,0.0071,92.375775,1.0295,8
103,547183850,50,36.740424411017,127.122940784186,51.623461476527,0.0072,0.0071,187.954011,1.0295,8
104,547183900,50,36.740424402910,127.122940785285,51.623395241797,0.0072,0.0071,173.772017,1.0295,8
105,547183950,50,36.740424409430,127.122940802823,51.624462532811,0.0072,0.0071,65.205440,1.0295,8
106,547184000,50,36.740424420133,127.122940781202,51.624237913638,0.0072,0.0071,301.595220,1.0295,8
107,547184050,50,36.740424408459,127.122940778854,51.623990806751,0.0072,0.0071,189.196628,1.0295,8
108,547184100,50,36.740424419203,127.122940782514,51.624793808907,0.0072,0.0071,15.333424,1.0295,8
109,547184150,50,36.740424406610,127.122940775417,51.627338244580,0.0072,0.0071,204.398112,1.0295,8
110,547184200,50,36.740424428139,127.122940778818,51.626181932166,0.0072,0.0071,7.245045,1.0295,8
111,547184250,50,36.740424405329,127.122940794847,51.623220686801,0.0072,0.0071,150.509092,1.0295,8
112,547184300,50,36.740424417999,127.122940801226,51.623318500817,0.0072,0.0071,22.058501,1.0295,8
113,547184350,50,36.740424425770,127.122940780694,51.626084457152,0.0072,0.0071,295.185854,1.0295,8
114,547184400,50,36.740424414012,127.122940787727,51.629090912640,0.0072,0.0071,154.294730,1.0295,8
115,547184450,50,36.740424418077,127.122940776813,51.625217486173,0.0072,0.0071,294.835690,1.0295,8
116,547184500,50,36.740424408676,127.122940794369,51.622781323269,0.0072,0.0071,123.638603,1.0295,8
117,547184550,50,36.740424439958,127.122940789213,51.630206081085,0.0072,0.0071,352.444205,1.0295,8
118,547184600,50,36.740424419194,127.122940817522,51.620464077219,0.0072,0.0071,132.345482,1.0295,8
119,547184650,50,36.740424434575,127.122940784789,51.625359047204,0.0071,0.0071,132.345482,1.0295,8
120,547184700,50,36.740424411826,127.122940770359,51.627657095902,0.0071,0.0071,207.043525,1.0295,8
121,547184750,50,36.740424426641,127.122940802986,51.624304042198,0.0071,0.0071,60.568340,1.0295,8
122,547184800,50,36.740424423496,127.122940766080,51.626635743305,0.0071,0.0071,263.956102,1.0295,8
123,547184850,50,36.740424435490,127.122940788565,51.621926828288,0.0072,0.0071,56.465201,1.0295,8
124,547184900,50,36.740424420288,127.122940790479,51.624962916598,0.0072,0.0071,174.213887,1.0295,8
125,547184950,50,36.740424429575,127.122940774210,51.626775094308,0.0072,0.0071,305.347873,1.0295,8
126,547185000,50,36.740424424754,127.122940783241,51.625899228267,0.0072,0.0071,123.554253,1.0295,8
127,547185050,50,36.740424444062,127.122940779141,51.627468936145,0.0072,0.0071,350.301785,1.0295,8
128,547185100,50,36.740424454056,127.122940791408,51.629376980476,0.0072,0.0071,44.649156,1.0295,8
129,547185150,50,36.740424424754,127.122940787337,51.626298224553,0.0072,0.0071,186.380178,1.0295,8
130,547185200,50,36.740424436142,127.122940793244,51.624511950649,0.0072,0.0071,22.659788,1.0295,8
131,547185250,50,36.740424450328,127.122940768556,51.628074686974,0.0072,0.0071,305.524893,1.0295,8
132,547185300,50,36.740424446369,127.122940779185,51.626785972156,0.0072,0.0071,114.839861,1.0295,8
133,547185350,50,36.740424420978,127.122940805336,51.627297873609,0.0072,0.0071,140.344202,1.0295,8
134,547185400,50,36.740424421605,127.122940767811,51.623395108618,0.0072,0.0071,271.189748,1.0295,8
135,547185450,50,36.740424435067,127.122940784438,51.625923963264,0.0072,0.0071,44.827846,1.0295,8
136,547185500,50,36.740424439007,127.122940801046,51.623299431987,0.0072,0.0071,73.576302,1.0295,8
137,547185550,50,36.740424419997,127.122940780052,51.625742152333,0.0072,0.0071,221.630967,1.0295,8
138,547185600,50,36.740424434796,127.122940800266,51.626833415590,0.0072,0.0071,47.709686,1.0295,8
139,547185650,50,36.740424428491,127.122940783209,51.624993612990,0.0072,0.0071,245.331651,1.0295,8
140,547185700,50,36.740424432163,127.122940803327,51.622680303641,0.0072,0.0071,77.221441,1.0295,8
141,547185750,50,36.740424430604,127.122940797860,51.621371290646,0.0072,0.0071,250.489165,1.0295,8
142,547185800,50,36.740424434141,127.122940796253,51.623162556440,0.0073,0.0071,339.916662,1.0295,8
143,547185850,50,36.740424446683,127.122940798847,51.627880963497,0.0073,0.0071,9.451124,1.0295,8
144,547185900,50,36.740424424430,127.122940804194,51.629367481917,0.0072,0.0071,9.451124,1.0295,8
145,547185950,50,36.740424418052,127.122940798116,51.627010883763,0.0072,0.0071,217.488143,1.0295,8
146,547186000,50,36.740424416397,127.122940817913,51.624843738042,0.0072,0.0071,95.930957,1.0295,8
147,547186050,50,36.740424408234,127.122940783873,51.626228158362,0.0072,0.0071,253.406953,1.0295,8
148,547186100,50,36.740424415717,127.122940807933,51.626607368700,0.0072,0.0071,68.870647,1.0295,8
149,547186150,50,36.740424422033,127.122940809332,51.628894914873,0.0072,0.0071,10.108953,1.0295,8
150,547186150,50,36.740424422033,127.122940809332,51.627874631435,0.0072,0.0071,10.108953,1.0295,8
151,547186250,50,36.740424400231,127.122940809760,51.622272196226,0.0072,0.0071,179.084662,1.0295,8
152,547186300,50,36.740424429866,127.122940799676,51.625415165909,0.0072,0.0071,344.685538,1.0295,8
153,547186350,50,36.740424413965,127.122940818684,51.623604383320,0.0072,0.0071,136.108555,1.0295,8
154,547186350,50,36.740424413965,127.122940800353,51.628520317376,0.0072,0.0071,136.108555,1.0295,8
155,547186450,50,36.740424410602,127.122940777939,51.627735980786,0.0072,0.0071,295.563188,1.0295,8
156,547186500,50,36.740424433971,127.122940808133,51.627078022808,0.0072,0.0071,46.119768,1.0295,8
157,547186550,50,36.740424412063,127.122940802349,51.625702616759,0.0072,0.0071,191.996034,1.0295,8
158,547186550,50,36.740424412063,127.122940792856,51.624314835295,0.0072,0.0071,191.996034,1.0295,8
159,547186650,50,36.740424415315,127.122940797316,51.626458656974,0.0072,0.0071,151.717294,1.0295,8
160,547186650,50,36.740424415315,127.122940799203,51.626800803468,0.0072,0.0071,151.717294,1.0295,8
161,547186750,50,36.740424407270,127.122940784566,51.619982059114,0.0072,0.0071,214.916206,1.0295,8
162,547186800,50,36.740424422271,127.122940808363,51.629324547946,0.0073,0.0071,51.929221,1.0295,8
163,547186850,50,36.740424420343,127.122940805146,51.625507435761,0.0073,0.0071,233.326898,1.0295,8
164,547186850,50,36.740424420343,127.122940805146,51.623591048643,0.0073,0.0071,233.326898,1.0295,8
165,547186950,50,36.740424429389,127.122940799474,51.629625194706,0.0073,0.0071,339.844569,1.0295,8
166,547187000,50,36.740424385128,127.122940784337,51.624417172745,0.0072,0.0071,339.844570,1.0295,8
167,547187050,50,36.740424413886,127.122940800288,51.629804039374,0.0072,0.0071,24.056663,1.0295,8
168,547187050,50,36.740424385166,127.122940775893,51.625418877229,0.0072,0.0071,24.056663,1.0295,8
169,547187150,50,36.740424403631,127.122940779453,51.625211130828,0.0072,0.0071,8.819381,1.0295,8
170,547187150,50,36.740424403631,127.122940779453,51.626272535883,0.0072,0.0071,8.819381,1.0295,8
171,547187250,50,36.740424405718,127.122940798162,51.624325721525,0.0072,0.0071,21.554920,1.0295,8
172,547187250,50,36.740424404377,127.122940781840,51.625229287893,0.0072,0.0071,21.554920,1.0295,8
173,547187350,50,36.740424396912,127.122940798282,51.625872337259,0.0072,0.0071,119.428403,1.0295,8
174,547187350,50,36.740424396912,127.122940800888,51.627496904694,0.0072,0.0071,119.428403,1.0295,8
175,547187450,50,36.740424400100,127.122940801116,51.622439589351,0.0072,0.0071,178.244908,1.0295,8
176,547187500,50,36.740424408758,127.122940788973,51.624061305076,0.0072,0.0071,311.535323,1.0295,8
177,547187550,50,36.740424406609,127.122940794886,51.624590951018,0.0072,0.0071,114.297502,1.0295,8
178,547187550,50,36.740424406609,127.122940794886,51.627049924806,0.0072,0.0071,114.297502,1.0295,8
179,547187650,50,36.740424414240,127.122940793197,51.625326340087,0.0071,0.0071,335.994537,1.0295,8
180,547187650,50,36.740424414240,127.122940799831,51.627345229499,0.0071,0.0071,335.994537,1.0295,8
181,547187750,50,36.740424409198,127.122940806515,51.626920613460,0.0071,0.0071,87.928190,1.0295,8
182,547187750,50,36.740424409198,127.122940797321,51.625438818708,0.0071,0.0071,87.928190,1.0295,8
183,547187850,50,36.740424418601,127.122940802280,51.625404150225,0.0071,0.0071,29.227714,1.0295,8
184,547187850,50,36.740424418601,127.122940802280,51.626052721404,0.0072,0.0071,29.227714,1.0295,8
185,547187950,50,36.740424421810,127.122940816358,51.626943975687,0.0072,0.0071,60.205743,1.0295,8
186,547188000,50,36.740424399540,127.122940814847,51.624363719486,0.0072,0.0071,183.126328,1.0295,8
187,547188050,50,36.740424412581,127.122940797852,51.626433105208,0.0072,0.0071,313.633428,1.0295,8
188,547188050,50,36.740424412581,127.122940797852,51.624256008305,0.0072,0.0071,313.633428,1.0295,8
189,547188150,50,36.740424410916,127.122940793158,51.629611044191,0.0072,0.0071,286.674462,1.0295,8
190,547188200,50,36.740424401943,127.122940801483,51.628197754733,0.0072,0.0071,143.254563,1.0295,8
191,547188250,50,36.740424412433,127.122940799469,51.627277366817,0.0072,0.0071,351.219147,1.0295,8
192,547188250,50,36.740424412433,127.122940799469,51.622773371637,0.0072,0.0071,351.219147,1.0295,8
193,547188350,50,36.740424406451,127.122940806658,51.624407497235,0.0072,0.0071,103.035563,1.0295,8
194,547188350,50,36.740424406451,127.122940806658,51.624407497235,0.0072,0.0071,103.035563,1.0295,8
195,547188450,50,36.740424407588,127.122940769407,51.629818709567,0.0072,0.0071,261.297592,1.0295,8
196,547188500,50,36.740424418691,127.122940810734,51.627358827740,0.0072,0.0071,71.539827,1.0295,8
197,547188550,50,36.740424403757,127.122940824266,51.626000721939,0.0072,0.0071,143.899130,1.0295,8
198,547188550,50,36.740424425874,127.122940817213,51.628147055395,0.0072,0.0071,143.899130,1.0295,8
199,547188650,50,36.740424421734,127.122940792000,51.623170516454,0.0071,0.0071,345.606421,1.0295,8
200,547188650,50,36.740424421734,127.122940805179,51.625365553424,0.0071,0.0071,345.606421,1.0295,8
201,547188750,50,36.740424424488,127.122940802075,51.626487853937,0.0071,0.0071,208.189257,1.0295,8
202,547188750,50,36.740424424488,127.122940819376,51.623141864315,0.0071,0.0071,208.189257,1.0295,8
203,547188850,50,36.740424440486,127.122940791427,51.626368985511,0.0071,0.0071,318.924020,1.0295,8
204,547188850,50,36.740424440486,127.122940791427,51.626368985511,0.0072,0.0071,318.924020,1.0295,8
205,547188950,50,36.740424438650,127.122940820993,51.627104838379,0.0072,0.0071,357.796660,1.0295,8
206,547189000,50,36.740424419981,127.122940800366,51.619731796905,0.0072,0.0071,221.644981,1.0295,8
207,547189050,50,36.740424420329,127.122940819716,51.626702936366,0.0072,0.0071,88.721587,1.0295,8
208,547189050,50,36.740424420329,127.122940814680,51.627709135413,0.0072,0.0071,88.721587,1.0295,8
209,547189150,50,36.740424412133,127.122940816942,51.621599907055,0.0072,0.0071,174.623508,1.0295,8
210,547189200,50,36.740424430387,127.122940825560,51.626710744575,0.0072,0.0071,20.804356,1.0295,8
211,547189250,50,36.740424419858,127.122940813526,51.626078991219,0.0072,0.0071,222.606015,1.0295,8
212,547189300,50,36.740424452079,127.122940826992,51.626299476251,0.0072,0.0071,18.590670,1.0295,8
213,547189350,50,36.740424415772,127.122940818896,51.621799472719,0.0072,0.0071,190.174485,1.0295,8
214,547189400,50,36.740424417641,127.122940809293,51.623471568339,0.0072,0.0071,283.596487,1.0295,8
215,547189450,50,36.740424429328,127.122940820357,51.623600361869,0.0072,0.0071,37.304488,1.0295,8
216,547189500,50,36.740424426247,127.122940818947,51.624212731607,0.0072,0.0071,200.220288,1.0295,8
217,547189550,50,36.740424420769,127.122940823437,51.625556599349,0.0072,0.0071,146.590716,1.0295,8
218,547189600,50,36.740424419485,127.122940832778,51.624222284183,0.0072,0.0071,99.688217,1.0295,8
219,547189650,50,36.740424392001,127.122940787593,51.619286715053,0.0072,0.0071,99.688217,1.0295,8
220,547189700,50,36.740424413252,127.122940781472,51.621032572351,0.0072,0.0071,346.949789,1.0295,8
221,547189750,50,36.740424418013,127.122940794129,51.624282447621,0.0072,0.0071,64.950890,1.0295,8
222,547189800,50,36.740424390015,127.122940792601,51.620812862180,0.0072,0.0071,182.514168,1.0295,8
223,547189850,50,36.740424406771,127.122940791334,51.625419435091,0.0072,0.0071,356.516553,1.0295,8
224,547189900,50,36.740424397810,127.122940795583,51.619605545886,0.0072,0.0071,159.112837,1.0295,8
225,547189950,50,36.740424408375,127.122940815644,51.626631980762,0.0072,0.0071,56.800818,1.0295,8
226,547190000,50,36.740424410989,127.122940800749,51.620211743750,0.0072,0.0071,282.299357,1.0295,8
227,547190050,50,36.740424410185,127.122940796567,51.623408491723,0.0072,0.0071,256.568925,1.0295,8
228,547190100,50,36.740424389804,127.122940791310,51.620328221470,0.0072,0.0071,191.727442,1.0295,8
229,547190150,50,36.740424409146,127.122940801397,51.622025669552,0.0072,0.0071,22.768705,1.0295,8
230,547190200,50,36.740424415796,127.122940801979,51.622575853020,0.0072,0.0071,4.025730,1.0295,8
231,547190250,50,36.740424404703,127.122940801137,51.621621520258,0.0072,0.0071,183.494627,1.0295,8
232,547190300,50,36.740424414589,127.122940813821,51.625367407687,0.0072,0.0071,45.918577,1.0295,8
233,547190350,50,36.740424404551,127.122940798670,51.618284228258,0.0072,0.0071,230.536831,1.0295,8
234,547190400,50,36.740424413328,127.122940805400,51.623531422578,0.0072,0.0071,31.677465,1.0295,8
235,547190450,50,36.740424416848,127.122940759353,51.620576504618,0.0072,0.0071,275.426397,1.0295,8
236,547190500,50,36.740424422666,127.122940739111,51.619667575695,0.0072,0.0071,289.653035,1.0295,8
237,547190550,50,36.740424430613,127.122940694761,51.618539644405,0.0072,0.0071,282.551370,1.0295,8
238,547190600,50,36.740424455971,127.122940644769,51.622849135660,0.0072,0.0071,302.221559,1.0295,8
239,547190650,50,36.740424477216,127.122940583554,51.622522070073,0.0072,0.0071,293.326192,1.0295,8
240,547190650,50,36.740424477216,127.122940583554,51.622522070073,0.0072,0.0071,293.326192,1.0295,8
241,547190750,50,36.740424535877,127.122940454270,51.622769366950,0.0072,0.0071,307.068481,1.0295,8
242,547190800,50,36.740424582087,127.122940323297,51.624808155932,0.0071,0.0071,307.068481,1.0295,8
243,547190850,50,36.740424601794,127.122940226822,51.625099794008,0.0072,0.0071,284.241233,1.0295,8
244,547190900,50,36.740424647497,127.122940105522,51.623596249148,0.0072,0.0071,295.086747,1.0295,8
245,547190950,50,36.740424708065,127.122939949990,51.625152300112,0.0072,0.0071,295.820440,1.0295,8
246,547191000,50,36.740424750891,127.122939779287,51.624812874012,0.0072,0.0071,287.313548,1.0295,8
247,547191050,50,36.740424815475,127.122939629112,51.624993072823,0.0072,0.0071,298.117942,1.0295,8
248,547191100,50,36.740424869899,127.122939403078,51.623306123540,0.0072,0.0071,286.655552,1.0295,8
249,547191150,50,36.740424961024,127.122939208721,51.624614238739,0.0072,0.0071,300.222991,1.0295,8
250,547191200,50,36.740425038126,127.122938954056,51.625966323540,0.0072,0.0071,290.615321,1.0295,8
251,547191250,50,36.740425131595,127.122938670674,51.623306796886,0.0072,0.0071,292.284992,1.0295,8
252,547191300,50,36.740425218175,127.122938347938,51.622788695619,0.0072,0.0071,288.434661,1.0295,8
253,547191350,50,36.740425332170,127.122938049426,51.619160818867,0.0072,0.0071,295.383710,1.0295,8
254,547191400,50,36.740425453994,127.122937699861,51.624456551857,0.0072,0.0071,293.413449,1.0295,8
255,547191450,50,36.740425596847,127.122937303898,51.627818886191,0.0072,0.0071,294.144999,1.0295,8
256,547191500,50,36.740425723364,127.122936877682,51.626571669243,0.0072,0.0071,290.245266,1.0295,8
257,547191550,50,36.740425869126,127.122936468689,51.624709874392,0.0072,0.0071,293.884778,1.0295,8
258,547191600,50,36.740426014547,127.122935983429,51.623396859504,0.0072,0.0071,290.422867,1.0295,8
259,547191650,50,36.740426187868,127.122935501207,51.623982722871,0.0072,0.0071,294.064873,1.0295,8
260,547191700,50,36.740426367826,127.122934968312,51.622803278267,0.0072,0.0071,292.762625,1.0295,8
261,547191750,50,36.740426567161,127.122934385863,51.622261407785,0.0072,0.0071,293.036760,1.0295,8
262,547191800,50,36.740426746484,127.122933831081,51.617830208503,0.0072,0.0071,291.881309,1.0295,8
263,547191850,50,36.740426942169,127.122933212804,51.615815065801,0.0072,0.0071,291.467485,1.0295,8
264,547191900,50,36.740427188932,127.122932551081,51.613150644116,0.0072,0.0071,294.860393,1.0295,8
265,547191950,50,36.740427417474,127.122931867885,51.625930767506,0.0072,0.0071,292.569924,1.0295,8
266,547192000,50,36.740427636463,127.122931118068,51.622257901356,0.0072,0.0071,289.944933,1.0295,8
267,547192050,50,36.740427918998,127.122930355695,51.628920888528,0.0073,0.0071,294.724894,1.0295,8
268,547192100,50,36.740428197916,127.122929586808,51.614506033249,0.0073,0.0071,294.262416,1.0295,8
269,547192150,50,36.740428467717,127.122928722090,51.612582680769,0.0072,0.0071,294.262415,1.0295,8
270,547192200,50,36.740428739700,127.122927855433,51.612345186062,0.0072,0.0071,291.302633,1.0295,8
271,547192250,50,36.740429030678,127.122926966041,51.620966288261,0.0072,0.0071,292.122064,1.0295,8
272,547192300,50,36.740429335005,127.122926043352,51.619863511063,0.0072,0.0071,292.284458,1.0295,8
273,547192350,50,36.740429664303,127.122925035870,51.622622332536,0.0072,0.0071,292.102983,1.0295,8
274,547192400,50,36.740429997117,127.122924031935,51.618373758160,0.0072,0.0071,292.386960,1.0295,8
275,547192450,50,36.740430376877,127.122923004804,51.604798104614,0.0072,0.0071,294.673686,1.0295,8
276,547192500,50,36.740430717296,127.122921864605,51.621880079620,0.0073,0.0071,290.353106,1.0295,8
277,547192550,50,36.740431094365,127.122920768191,51.625353941694,0.0073,0.0072,293.137671,1.0295,8
278,547192600,50,36.740431484697,127.122919620192,51.615970431827,0.0073,0.0072,292.902463,1.0295,8
279,547192650,50,36.740431903117,127.122918457211,51.615697245114,0.0072,0.0071,292.902458,1.0295,8
280,547192700,50,36.740432307017,127.122917172616,51.619488692842,0.0072,0.0071,291.339011,1.0295,8
281,547192750,50,36.740432704944,127.122915937746,51.613964343444,0.0072,0.0071,291.820649,1.0295,8
282,547192800,50,36.740433150420,127.122914615128,51.614056287333,0.0072,0.0071,292.709067,1.0295,8
283,547192850,50,36.740433615018,127.122913364691,51.617452990264,0.0072,0.0071,294.780548,1.0295,8
284,547192900,50,36.740434053920,127.122912011429,51.626988410950,0.0072,0.0071,291.948562,1.0295,8
285,547192900,50,36.740434518132,127.122910616278,51.620370740071,0.0072,0.0072,291.948562,1.0295,8
286,547193000,50,36.740434976833,127.122909198932,51.618104782887,0.0073,0.0072,291.905979,1.0295,8
287,547193000,50,36.740434976833,127.122909198932,51.624455918558,0.0073,0.0072,291.905979,1.0295,8
288,547193100,50,36.740435994072,127.122906344598,51.621080880053,0.0073,0.0072,293.974942,1.0295,8
289,547193100,50,36.740436442132,127.122904875751,51.621467108838,0.0073,0.0072,293.974942,1.0295,8
290,547193200,50,36.740436945360,127.122903358306,51.620079460554,0.0073,0.0072,292.394244,1.0295,8
291,547193250,50,36.740437496382,127.122901804264,51.614209002815,0.0073,0.0072,293.776445,1.0295,8
292,547193300,50,36.740438057511,127.122900260770,51.618160807528,0.0073,0.0072,294.309096,1.0295,8
293,547193350,50,36.740438524408,127.122898652545,51.618346816860,0.0073,0.0072,289.835601,1.0295,8
294,547193400,50,36.740439085229,127.122897099949,51.616284435615,0.0073,0.0072,294.171203,1.0295,8
295,547193400,50,36.740439641840,127.122895441326,51.617263054475,0.0073,0.0072,294.171203,1.0295,8
296,547193500,50,36.740440197000,127.122893800417,51.617956182919,0.0073,0.0072,292.800528,1.0295,8
297,547193500,50,36.740440197000,127.122893800417,51.618818053044,0.0073,0.0072,292.800528,1.0295,8
298,547193600,50,36.740441357418,127.122890485244,51.618824733421,0.0073,0.0072,293.380575,1.0295,8
299,547193650,50,36.740441898896,127.122888775652,51.613722490147,0.0073,0.0072,293.380575,1.0295,8
300,547193700,50,36.740442486982,127.122887055919,51.617863832973,0.0073,0.0073,293.020348,1.0295,8
301,547193750,50,36.740443109974,127.122885274318,51.612842855975,0.0073,0.0073,293.484119,1.0295,8
302,547193800,50,36.740443683363,127.122883493812,51.616685584188,0.0073,0.0074,291.808064,1.0295,8
303,547193850,50,36.740444284139,127.122881752006,51.618357191794,0.0073,0.0074,291.808064,1.0295,8
304,547193900,50,36.740444894140,127.122879920588,51.615229355171,0.0073,0.0074,292.482255,1.0295,8
305,547193950,50,36.740445509458,127.122878097347,51.617973539978,0.0073,0.0074,292.482255,1.0295,8
306,547194000,50,36.740446139760,127.122876247772,51.616982421838,0.0073,0.0078,292.949045,1.0295,8
307,547194050,50,36.740446770299,127.122874349754,51.614938993007,0.0073,0.0078,292.949045,1.0295,8
308,547194100,50,36.740447416377,127.122872456569,51.617349237204,0.0073,0.0078,292.978240,1.0295,8
309,547194150,50,36.740448064239,127.122870593253,51.611120308749,0.0073,0.0078,292.978240,1.0295,8
310,547194200,50,36.740448725815,127.122868656950,51.617831861600,0.0073,0.0078,293.002601,1.0295,8
311,547194250,50,36.740449385194,127.122866743782,51.624697685242,0.0073,0.0078,293.182353,1.0295,8
312,547194300,50,36.740450068075,127.122864791354,51.606235498562,0.0073,0.0078,293.488861,1.0295,8
313,547194350,50,36.740450746995,127.122862841880,51.621755399741,0.0073,0.0078,293.398848,1.0295,8
314,547194400,50,36.740451413103,127.122860876585,51.618872676045,0.0073,0.0078,292.837495,1.0295,8
315,547194450,50,36.740452099245,127.122858848572,51.619310382754,0.0073,0.0078,292.837495,1.0295,8
316,547194500,50,36.740452756485,127.122856827872,51.611817400903,0.0073,0.0078,292.005195,1.0295,8
317,547194550,50,36.740453445175,127.122854869227,51.615304380655,0.0073,0.0078,292.005195,1.0295,8
318,547194600,50,36.740454153449,127.122852865551,51.616828566417,0.0073,0.0078,293.711687,1.0295,8
319,547194650,50,36.740454852522,127.122850842254,51.618395121768,0.0073,0.0078,293.711668,1.0295,8
320,547194700,50,36.740455544530,127.122848783927,51.620048409328,0.0073,0.0078,292.671821,1.0295,8
321,547194750,50,36.740456256766,127.122846789036,51.611717441119,0.0073,0.0078,293.922773,1.0295,8
322,547194800,50,36.740456972004,127.122844684489,51.616641194560,0.0073,0.0078,292.892997,1.0295,8
323,547194850,50,36.740457699544,127.122842628765,51.619303064421,0.0073,0.0078,292.892997,1.0295,8
324,547194900,50,36.740458419021,127.122840539145,51.617667385377,0.0073,0.0078,293.161705,1.0295,8
325,547194950,50,36.740459161583,127.122838442801,51.617102741264,0.0073,0.0078,293.755266,1.0295,8
326,547195000,50,36.740459841493,127.122836306580,51.616327972151,0.0073,0.0078,291.576961,1.0295,8
327,547195050,50,36.740460590292,127.122834208480,51.609645427205,0.0073,0.0078,291.576961,1.0295,8
328,547195100,50,36.740461334251,127.122832026136,51.606636750512,0.0073,0.0078,292.956146,1.0295,8
329,547195150,50,36.740462106210,127.122829880522,51.613078257069,0.0073,0.0078,294.086412,1.0295,8
330,547195200,50,36.740462860515,127.122827665825,51.607632291503,0.0073,0.0078,292.937520,1.0295,8
331,547195250,50,36.740463622085,127.122825441102,51.608586204238,0.0073,0.0078,293.041916,1.0295,8
332,547195300,50,36.740464425277,127.122823181515,51.605870229192,0.0073,0.0078,293.829293,1.0295,8
333,547195350,50,36.740465239447,127.122820946568,51.606545956805,0.0073,0.0079,294.353208,1.0295,8
334,547195400,50,36.740466013352,127.122818652241,51.613472351804,0.0073,0.0079,292.739300,1.0295,8
335,547195450,50,36.740466865480,127.122816286816,51.607739431784,0.0073,0.0079,294.113620,1.0295,8
336,547195500,50,36.740467656109,127.122813956754,51.611369253136,0.0074,0.0079,292.860559,1.0295,8
337,547195550,50,36.740468478213,127.122811557067,51.609235069714,0.0074,0.0079,293.058027,1.0295,8
338,547195600,50,36.740469323496,127.122809159344,51.611456491053,0.0074,0.0079,293.654895,1.0295,8
339,547195650,50,36.740470171762,127.122806712379,51.605967378244,0.0074,0.0079,293.303013,1.0295,8
340,547195650,50,36.740470171762,127.122806712379,51.605967378244,0.0074,0.0079,293.303013,1.0295,8
341,547195750,50,36.740471941839,127.122801722081,51.613703656010,0.0074,0.0079,293.818670,1.0295,8
342,547195800,50,36.740472798716,127.122799220055,51.613514535129,0.0074,0.0079,293.051116,1.0295,8
343,547195850,50,36.740473712970,127.122796695554,51.610253494233,0.0073,0.0077,293.051093,1.0295,8
344,547195900,50,36.740474619985,127.122794070506,51.606011445634,0.0073,0.0077,293.234694,1.0295,8
345,547195950,50,36.740475509694,127.122791492407,51.604902885854,0.0073,0.0077,293.209388,1.0295,8
346,547196000,50,36.740476426694,127.122788847830,51.613981128670,0.0073,0.0077,293.308223,1.0295,8
347,547196050,50,36.740477376463,127.122786167575,51.609713568352,0.0073,0.0077,293.763618,1.0295,8
348,547196100,50,36.740478326351,127.122783506689,51.610567706637,0.0073,0.0077,293.919910,1.0295,8
349,547196150,50,36.740479282500,127.122780792367,51.615445330739,0.0073,0.0077,293.638435,1.0295,8
350,547196200,50,36.740480243689,127.122778050473,51.620053765364,0.0073,0.0077,293.536566,1.0295,8
351,547196250,50,36.740481217717,127.122775323907,51.609177133068,0.0073,0.0077,293.935045,1.0295,8
352,547196300,50,36.740482224536,127.122772562679,51.607676773332,0.0073,0.0077,294.373111,1.0295,8
353,547196350,50,36.740483221034,127.122769749666,51.616955881007,0.0073,0.0077,293.756963,1.0295,8
354,547196400,50,36.740484233991,127.122766895365,51.610396130010,0.0073,0.0077,293.795234,1.0295,8
355,547196450,50,36.740485258485,127.122764021693,51.616674696095,0.0073,0.0077,293.891881,1.0295,8
356,547196500,50,36.740486292318,127.122761169503,51.614989480935,0.0073,0.0077,294.245541,1.0295,8
357,547196550,50,36.740487304734,127.122758235842,51.615223556757,0.0073,0.0077,293.209462,1.0295,8
358,547196600,50,36.740488354012,127.122755311459,51.620106676593,0.0073,0.0077,294.028195,1.0295,8
359,547196650,50,36.740489415020,127.122752326815,51.619360812008,0.0073,0.0077,293.831047,1.0295,8
360,547196700,50,36.740490509638,127.122749360431,51.622205697931,0.0073,0.0077,294.631323,1.0295,8
361,547196750,50,36.740491557667,127.122746328058,51.619585471228,0.0074,0.0077,293.240152,1.0295,8
362,547196800,50,36.740492659296,127.122743268412,51.611466585658,0.0074,0.0077,294.102259,1.0295,8
363,547196850,50,36.740493775844,127.122740227593,51.618280308321,0.0074,0.0077,294.524121,1.0295,8
364,547196850,50,36.740493775844,127.122740227593,51.618280308321,0.0074,0.0077,294.524121,1.0295,8
365,547196950,50,36.740496008202,127.122734008951,51.618699995801,0.0074,0.0077,294.073276,1.0295,8
366,547197000,50,36.740497129980,127.122730888320,51.619892353192,0.0073,0.0073,294.073248,1.0295,8
367,547197050,50,36.740498262348,127.122727718231,51.620559219271,0.0073,0.0073,293.933116,1.0295,8
368,547197100,50,36.740499439204,127.122724545304,51.623841328546,0.0073,0.0073,294.742866,1.0295,8
369,547197150,50,36.740500563871,127.122721316266,51.622201418504,0.0073,0.0073,293.401286,1.0295,8
370,547197200,50,36.740501741462,127.122718102619,51.622551394626,0.0073,0.0073,294.479775,1.0295,8
371,547197250,50,36.740502913124,127.122714825025,51.621297083795,0.0073,0.0073,293.949321,1.0295,8
372,547197300,50,36.740504118215,127.122711569637,51.620782533661,0.0073,0.0073,294.700462,1.0295,8
373,547197350,50,36.740505333764,127.122708288932,51.622008156963,0.0073,0.0073,294.719933,1.0295,8
374,547197400,50,36.740506530352,127.122704962204,51.624424431473,0.0073,0.0073,294.080776,1.0295,8
375,547197450,50,36.740507758405,127.122701603963,51.615142816678,0.0073,0.0073,294.435484,1.0295,8
376,547197500,50,36.740509005270,127.122698221089,51.614133485593,0.0073,0.0073,294.606278,1.0295,8
377,547197550,50,36.740510263669,127.122694832104,51.621183817275,0.0073,0.0073,294.767237,1.0295,8
378,547197600,50,36.740511508096,127.122691402196,51.620629191399,0.0073,0.0072,294.266091,1.0295,8
379,547197650,50,36.740512772220,127.122687943112,51.621426715516,0.0073,0.0072,294.421749,1.0295,8
380,547197700,50,36.740514065739,127.122684484353,51.618191782385,0.0073,0.0072,294.923374,1.0295,8
381,547197750,50,36.740515352513,127.122680980473,51.610369684175,0.0072,0.0072,294.923339,1.0295,8
382,547197800,50,36.740516658058,127.122677465142,51.612321855500,0.0072,0.0072,294.771080,1.0295,8
383,547197850,50,36.740517951785,127.122673876050,51.610069930553,0.0072,0.0072,294.126539,1.0295,8
384,547197900,50,36.740519255383,127.122670306162,51.615342088975,0.0072,0.0072,294.404866,1.0295,8
385,547197950,50,36.740520595532,127.122666715641,51.607568362728,0.0072,0.0072,294.880184,1.0295,8
386,547198000,50,36.740521967097,127.122663124699,51.611983771436,0.0072,0.0072,295.388074,1.0295,8
387,547198050,50,36.740523302527,127.122659489333,51.608349258080,0.0072,0.0072,294.533409,1.0295,8
388,547198100,50,36.740524649084,127.122655813161,51.608551556244,0.0072,0.0072,294.471460,1.0295,8
389,547198150,50,36.740526048735,127.122652143759,51.612175461836,0.0072,0.0072,295.358276,1.0295,8
390,547198200,50,36.740527425462,127.122648400187,51.609642938711,0.0072,0.0072,294.557767,1.0295,8
391,547198250,50,36.740528811327,127.122644671517,51.612561870366,0.0072,0.0072,294.788236,1.0295,8
392,547198250,50,36.740528811327,127.122640893822,51.603942843154,0.0073,0.0072,294.788236,1.0295,8
393,547198350,50,36.740531648303,127.122637105186,51.615274197422,0.0073,0.0072,295.280750,1.0295,8
394,547198400,50,36.740533076199,127.122633307812,51.615703199059,0.0073,0.0072,295.042601,1.0295,8
395,547198450,50,36.740534523137,127.122629440295,51.613846433349,0.0073,0.0072,294.931716,1.0295,8
396,547198500,50,36.740535947042,127.122625590806,51.613544244319,0.0073,0.0072,294.683498,1.0295,8
397,547198550,50,36.740537444121,127.122621738535,51.612372368574,0.0073,0.0072,295.774495,1.0295,8
398,547198600,50,36.740538905330,127.122617823614,51.614922595210,0.0073,0.0072,294.879885,1.0295,8
399,547198650,50,36.740540409212,127.122613879598,51.614023906179,0.0073,0.0072,295.350687,1.0295,8
400,547198650,50,36.740540409212,127.122613879598,51.614023906179,0.0073,0.0072,295.350687,1.0295,8
401,547198750,50,36.740543365538,127.122606013940,51.611919821240,0.0073,0.0072,295.137132,1.0295,8
402,547198800,50,36.740544889051,127.122602026359,51.610587484203,0.0072,0.0071,295.137092,1.0295,8
403,547198850,50,36.740546382870,127.122598053274,51.610269517638,0.0072,0.0071,295.040405,1.0295,8
404,547198850,50,36.740546382870,127.122598053274,51.610269517638,0.0072,0.0071,295.040405,1.0295,8
405,547198950,50,36.740549427776,127.122590063091,51.610322492197,0.0072,0.0071,295.496625,1.0295,8
406,547199000,50,36.740550968003,127.122586072427,51.609009192325,0.0072,0.0071,295.620429,1.0295,8
407,547199050,50,36.740552478712,127.122582033882,51.604536828585,0.0072,0.0071,294.928581,1.0295,8
408,547199050,50,36.740552478712,127.122582033882,51.604536828585,0.0072,0.0071,294.928581,1.0295,8
409,547199150,50,36.740555615435,127.122573968318,51.607934380881,0.0072,0.0071,295.922455,1.0295,8
410,547199150,50,36.740555615435,127.122573968318,51.607934380881,0.0072,0.0071,295.922455,1.0295,8
411,547199250,50,36.740558728429,127.122565824902,51.605693185702,0.0072,0.0071,295.564850,1.0295,8
412,547199250,50,36.740558728429,127.122565824902,51.605693185702,0.0072,0.0071,295.564850,1.0295,8
413,547199350,50,36.740561878422,127.122557646251,51.605383154936,0.0072,0.0072,296.062460,1.0295,8
414,547199350,50,36.740561878422,127.122557646251,51.605383154936,0.0072,0.0072,296.062460,1.0295,8
415,547199450,50,36.740565070086,127.122549422893,51.608028239571,0.0073,0.0072,295.878017,1.0295,8
416,547199500,50,36.740566660892,127.122545297269,51.604454609565,0.0073,0.0072,295.599267,1.0295,8
417,547199550,50,36.740568275854,127.122541171739,51.609316908754,0.0073,0.0072,295.937836,1.0295,8
418,547199550,50,36.740568275854,127.122541171739,51.609316908754,0.0073,0.0072,295.937836,1.0295,8
419,547199650,50,36.740571512658,127.122532799515,51.603772277944,0.0073,0.0072,296.098591,1.0295,8
420,547199650,50,36.740571512658,127.122532799515,51.605043805204,0.0073,0.0072,296.098591,1.0295,8
421,547199750,50,36.740574772179,127.122524448392,51.605428232811,0.0073,0.0072,296.028153,1.0295,8
422,547199750,50,36.740574772179,127.122524448392,51.605428232811,0.0072,0.0071,296.028153,1.0295,8
423,547199850,50,36.740578047709,127.122516040106,51.603964777663,0.0072,0.0071,296.038391,1.0295,8
424,547199850,50,36.740578047709,127.122516040106,51.603964777663,0.0072,0.0071,296.038391,1.0295,8
425,547199950,50,36.740581336822,127.122507619632,51.599411528558,0.0072,0.0071,295.960385,1.0295,8
426,547200000,50,36.740582993105,127.122503442439,51.598346580751,0.0072,0.0071,295.960385,1.0295,8
427,547200050,50,36.740584636906,127.122499207170,51.596365858801,0.0072,0.0071,295.745584,1.0295,8
428,547200050,50,36.740584636906,127.122495006182,51.597279726528,0.0072,0.0071,295.745584,1.0295,8
429,547200150,50,36.740587990428,127.122490806171,51.597937704995,0.0072,0.0071,296.112455,1.0295,8
430,547200150,50,36.740587990428,127.122490806171,51.597937704995,0.0072,0.0071,296.112455,1.0295,8
431,547200250,50,36.740591318942,127.122482383237,51.602316687815,0.0072,0.0071,296.250828,1.0295,8
432,547200250,50,36.740591318942,127.122482383237,51.597276088782,0.0072,0.0071,296.250828,1.0295,8
433,547200350,50,36.740594706909,127.122473925038,51.599839226343,0.0072,0.0071,296.697422,1.0295,8
434,547200350,50,36.740594706909,127.122473925038,51.595079976134,0.0072,0.0071,296.697422,1.0295,8
435,547200450,50,36.740598095215,127.122465440555,51.590738126077,0.0072,0.0071,296.584613,1.0295,8
436,547200500,50,36.740599805208,127.122461227428,51.604006054811,0.0072,0.0071,296.761980,1.0295,8
437,547200550,50,36.740601488177,127.122457024678,51.599984923378,0.0072,0.0071,296.453097,1.0295,8
438,547200550,50,36.740601488177,127.122457024678,51.599984923378,0.0072,0.0071,296.453097,1.0295,8
439,547200650,50,36.740604888128,127.122448501923,51.598634624854,0.0072,0.0071,296.663892,1.0295,8
440,547200650,50,36.740604888128,127.122448501923,51.600624063984,0.0072,0.0071,296.663892,1.0295,8
441,547200750,50,36.740608296989,127.122440036285,51.595708516426,0.0072,0.0071,296.226012,1.0295,8
442,547200750,50,36.740608296989,127.122440036285,51.597862682305,0.0073,0.0072,296.226012,1.0295,8
443,547200850,50,36.740611754816,127.122431535367,51.599769918248,0.0073,0.0072,296.879251,1.0295,8
444,547200850,50,36.740611754816,127.122431535367,51.599769918248,0.0073,0.0072,296.879251,1.0295,8
445,547200950,50,36.740615217484,127.122423032078,51.601178320125,0.0073,0.0072,297.081870,1.0295,8
446,547201000,50,36.740616952447,127.122418823188,51.600574614480,0.0073,0.0072,297.081870,1.0295,8
447,547201050,50,36.740618660195,127.122414512217,51.606299152598,0.0073,0.0072,296.206959,1.0295,8
448,547201050,50,36.740618660195,127.122414512217,51.600341889076,0.0073,0.0072,296.206959,1.0295,8
449,547201150,50,36.740622178754,127.122406037957,51.605586175807,0.0072,0.0071,297.326276,1.0295,8
450,547201150,50,36.740622178754,127.122406037957,51.605586175807,0.0072,0.0071,297.326276,1.0295,8
451,547201250,50,36.740625640802,127.122397489754,51.604190209880,0.0072,0.0071,296.666347,1.0295,8
452,547201300,50,36.740627419858,127.122393223211,51.606206792407,0.0072,0.0071,297.388805,1.0295,8
453,547201350,50,36.740629192495,127.122388968115,51.607506518252,0.0072,0.0071,297.367099,1.0295,8
454,547201350,50,36.740629192495,127.122388968115,51.602428793907,0.0072,0.0071,297.367099,1.0295,8
455,547201450,50,36.740632700208,127.122380418467,51.603513096459,0.0072,0.0071,297.422942,1.0295,8
456,547201500,50,36.740634472173,127.122376185411,51.606657136232,0.0072,0.0071,297.479857,1.0295,8
457,547201550,50,36.740636239130,127.122371934379,51.607056546025,0.0072,0.0071,297.314426,1.0295,8
458,547201600,50,36.740638038385,127.122367663104,51.598527926020,0.0072,0.0071,297.627796,1.0295,8
459,547201650,50,36.740639804426,127.122363392382,51.599172026850,0.0072,0.0071,297.194552,1.0295,8
460,547201700,50,36.740641578188,127.122359108444,51.601763899438,0.0072,0.0071,297.224191,1.0295,8
461,547201750,50,36.740643375881,127.122354862344,51.601762622595,0.0072,0.0071,297.746682,1.0295,8
462,547201800,50,36.740645136962,127.122350553532,51.602415556088,0.0072,0.0071,296.923183,1.0295,8
463,547201850,50,36.740646944642,127.122346300185,51.601188023575,0.0072,0.0071,297.837321,1.0295,8
464,547201900,50,36.740648756396,127.122342041486,51.612345825881,0.0072,0.0071,297.837321,1.0295,8
465,547201950,50,36.740650517110,127.122337773732,51.605154110119,0.0073,0.0071,297.140425,1.0295,8
466,547202000,50,36.740652297161,127.122333555969,51.608307196759,0.0073,0.0071,297.672028,1.0295,8
467,547202050,50,36.740654100019,127.122329285002,51.597240891308,0.0073,0.0071,297.676639,1.0295,8
468,547202100,50,36.740655940882,127.122325026917,51.605020774528,0.0073,0.0071,298.243297,1.0295,8
469,547202150,50,36.740657706011,127.122320753834,51.606563364156,0.0073,0.0071,297.169672,1.0295,8
470,547202200,50,36.740659514187,127.122316488478,51.603247911669,0.0073,0.0072,297.777170,1.0295,8
471,547202250,50,36.740661325151,127.122312266572,51.606081506237,0.0073,0.0072,298.056397,1.0295,8
472,547202300,50,36.740663139905,127.122307993936,51.598855897784,0.0072,0.0071,298.056346,1.0295,8
473,547202350,50,36.740664971581,127.122303782186,51.606203970499,0.0072,0.0071,298.385326,1.0295,8
474,547202400,50,36.740666758097,127.122299504652,51.604543133639,0.0072,0.0071,297.426558,1.0295,8
475,547202450,50,36.740668565936,127.122295289765,51.607319350354,0.0072,0.0071,298.054851,1.0295,8
476,547202500,50,36.740670400593,127.122291061518,51.610262471251,0.0072,0.0071,298.330654,1.0295,8
477,547202550,50,36.740672226302,127.122286810291,51.606756624766,0.0072,0.0071,298.084627,1.0295,8
478,547202600,50,36.740674059055,127.122282592345,51.604120379314,0.0072,0.0071,298.364210,1.0295,8
479,547202650,50,36.740675871188,127.122278344055,51.605129858479,0.0071,0.0071,298.364159,1.0295,8
480,547202700,50,36.740677695996,127.122274158383,51.606552414596,0.0071,0.0071,298.444139,1.0295,8
481,547202750,50,36.740679512188,127.122269924930,51.608312420547,0.0071,0.0071,298.059919,1.0295,8
482,547202800,50,36.740681352308,127.122265727709,51.609033149667,0.0071,0.0071,298.578756,1.0295,8
483,547202850,50,36.740683165358,127.122261540536,51.604965504259,0.0072,0.0071,298.280749,1.0295,8
484,547202900,50,36.740684991376,127.122257341262,51.608810361475,0.0072,0.0071,298.382261,1.0295,8
485,547202950,50,36.740686823049,127.122253133297,51.606127228588,0.0072,0.0071,298.406827,1.0295,8
486,547203000,50,36.740688650178,127.122248932361,51.605268551968,0.0072,0.0071,298.387350,1.0295,8
487,547203050,50,36.740690458354,127.122244717383,51.605294881389,0.0072,0.0071,298.058764,1.0295,8
488,547203100,50,36.740692311471,127.122240577690,51.605160421692,0.0072,0.0071,299.083161,1.0295,8
489,547203150,50,36.740694135280,127.122236420448,51.607707435265,0.0072,0.0071,298.594842,1.0295,8
490,547203200,50,36.740695941958,127.122232238750,51.611589806154,0.0072,0.0071,298.227919,1.0295,8
491,547203250,50,36.740697745781,127.122228071436,51.609897485934,0.0072,0.0071,298.272442,1.0295,8
492,547203300,50,36.740699569650,127.122223944688,51.605309924111,0.0072,0.0071,298.773254,1.0295,8
493,547203350,50,36.740701403798,127.122219782194,51.608327192254,0.0072,0.0071,298.700686,1.0295,8
494,547203400,50,36.740703244689,127.122215645032,51.613400775008,0.0072,0.0071,298.937202,1.0295,8
495,547203450,50,36.740705055518,127.122211520837,51.610799093731,0.0072,0.0071,298.615049,1.0295,8
496,547203500,50,36.740706876732,127.122207389340,51.608625654131,0.0072,0.0071,298.710291,1.0295,8
497,547203550,50,36.740708707286,127.122203258663,51.615617479198,0.0072,0.0071,298.838754,1.0295,8
498,547203600,50,36.740710521090,127.122199140352,51.610817578621,0.0072,0.0071,298.689052,1.0295,8
499,547203650,50,36.740712342587,127.122195065884,51.612208967097,0.0071,0.0071,298.689002,1.0295,8
500,547203700,50,36.740714152952,127.122190970491,51.613158342429,0.0071,0.0071,298.777965,1.0295,8
501,547203750,50,36.740715968707,127.122186852207,51.616985562257,0.0071,0.0071,298.715107,1.0295,8
502,547203800,50,36.740717818827,127.122182765228,51.611908913590,0.0071,0.0071,299.356491,1.0295,8
503,547203850,50,36.740719643566,127.122178630775,51.616906979121,0.0071,0.0071,298.739687,1.0295,8
504,547203900,50,36.740721483273,127.122174573103,51.617959816940,0.0071,0.0071,298.739687,1.0295,8
505,547203950,50,36.740723322611,127.122170508193,51.625796146691,0.0071,0.0071,299.345963,1.0295,8
506,547204000,50,36.740725162614,127.122166432961,51.622721021064,0.0072,0.0071,299.292759,1.0295,8
507,547204050,50,36.740726987788,127.122162353497,51.621243406087,0.0072,0.0071,299.070084,1.0295,8
508,547204100,50,36.740728836240,127.122158295272,51.619594546035,0.0072,0.0071,299.507526,1.0295,8
509,547204150,50,36.740730693621,127.122154267930,51.622748364694,0.0072,0.0071,299.814453,1.0295,8
510,547204200,50,36.740732521523,127.122150233492,51.624541401863,0.0072,0.0071,299.377506,1.0295,8
511,547204250,50,36.740734344176,127.122146186133,51.618370628916,0.0072,0.0071,299.228990,1.0295,8
512,547204300,50,36.740736141625,127.122142133620,51.628037905321,0.0072,0.0071,298.859425,1.0295,8
513,547204350,50,36.740738014332,127.122138119459,51.628218583763,0.0072,0.0071,300.099429,1.0295,8
514,547204400,50,36.740739853905,127.122134095140,51.621311204508,0.0072,0.0071,299.595412,1.0295,8
515,547204450,50,36.740741689141,127.122130103695,51.624720783904,0.0072,0.0071,299.739367,1.0295,8
516,547204500,50,36.740743540014,127.122126073043,51.624635206535,0.0072,0.0071,299.707544,1.0295,8
517,547204550,50,36.740745367615,127.122122082368,51.625427023508,0.0072,0.0071,299.641354,1.0295,8
518,547204600,50,36.740747208560,127.122118085594,51.621966352686,0.0072,0.0071,299.783121,1.0295,8
519,547204650,50,36.740749030446,127.122114084789,51.627228908241,0.0071,0.0070,299.783072,1.0295,8
520,547204700,50,36.740750862652,127.122110119431,51.624617357738,0.0071,0.0070,299.860532,1.0295,8
521,547204750,50,36.740752683488,127.122106156369,51.622751473449,0.0071,0.0070,299.721054,1.0295,8
522,547204800,50,36.740754558892,127.122102206913,51.628850004636,0.0071,0.0070,300.541077,1.0295,8
523,547204850,50,36.740756377077,127.122098226849,51.624140084721,0.0071,0.0070,299.579723,1.0295,8
524,547204900,50,36.740758214694,127.122094269908,51.619791775942,0.0071,0.0070,299.986226,1.0295,8
525,547204950,50,36.740760050476,127.122090305267,51.625893482007,0.0071,0.0071,299.913281,1.0295,8
526,547205000,50,36.740761897596,127.122086366083,51.623401138000,0.0071,0.0071,300.226295,1.0295,8
527,547205050,50,36.740763711394,127.122082409166,51.621149113402,0.0071,0.0071,299.663855,1.0295,8
528,547205100,50,36.740765594367,127.122078489960,51.622388214804,0.0071,0.0071,300.835732,1.0295,8
529,547205150,50,36.740767391567,127.122074553083,51.622345623560,0.0071,0.0071,299.562560,1.0295,8
530,547205200,50,36.740769212747,127.122070648579,51.621313198470,0.0071,0.0071,300.094390,1.0295,8
531,547205250,50,36.740771046070,127.122066708569,51.628080738708,0.0071,0.0071,300.034598,1.0295,8
532,547205300,50,36.740772868908,127.122062794527,51.623099206947,0.0071,0.0071,300.056389,1.0295,8
533,547205350,50,36.740774737729,127.122058888351,51.624658882618,0.0071,0.0071,300.056389,1.0295,8
534,547205400,50,36.740776564641,127.122054992455,51.624315699562,0.0072,0.0071,300.227549,1.0295,8
535,547205450,50,36.740778415439,127.122051121314,51.624268778600,0.0072,0.0071,300.712447,1.0295,8
536,547205500,50,36.740780250437,127.122047206369,51.623804832809,0.0072,0.0071,300.216071,1.0295,8
537,547205500,50,36.740780250437,127.122047206369,51.623804832809,0.0072,0.0071,300.216071,1.0295,8
538,547205600,50,36.740783910055,127.122039437276,51.622918207198,0.0072,0.0071,299.642122,1.0295,8
539,547205600,50,36.740783910055,127.122039437276,51.622918207198,0.0072,0.0071,299.642122,1.0295,8
540,547205650,50,36.740785755461,127.122035595010,51.625470202416,0.0072,0.0071,300.827546,1.0295,8
541,547205750,50,36.740789452037,127.122027889509,51.623573859222,0.0072,0.0071,300.532508,1.0295,8
542,547205800,50,36.740791271470,127.122024029487,51.624735727906,0.0072,0.0071,300.356058,1.0295,8
543,547205800,50,36.740791271470,127.122024029487,51.624735727906,0.0072,0.0071,300.356058,1.0295,8
544,547205900,50,36.740794988128,127.122016324756,51.631445221603,0.0071,0.0070,300.806259,1.0295,8
545,547205900,50,36.740794988128,127.122016324756,51.631445221603,0.0071,0.0070,300.806259,1.0295,8
546,547206000,50,36.740798649680,127.122008629318,51.628760345280,0.0071,0.0070,300.551950,1.0295,8
547,547206000,50,36.740798649680,127.122008629318,51.628760345280,0.0071,0.0070,300.551950,1.0295,8
548,547206100,50,36.740802308861,127.122000991764,51.626596215181,0.0071,0.0070,300.444885,1.0295,8
549,547206100,50,36.740804155946,127.121997189524,51.633909422904,0.0071,0.0070,300.444885,1.0295,8
550,547206200,50,36.740806002972,127.121993381451,51.627966055647,0.0071,0.0070,301.075606,1.0295,8
551,547206200,50,36.740806002972,127.121993381451,51.626251485199,0.0071,0.0070,301.075606,1.0295,8
552,547206300,50,36.740809683698,127.121985774698,51.628488552757,0.0071,0.0070,300.988336,1.0295,8
553,547206300,50,36.740809683698,127.121985774698,51.632028070278,0.0071,0.0070,300.988336,1.0295,8
554,547206400,50,36.740813344627,127.121978211885,51.626203031279,0.0071,0.0070,300.877640,1.0295,8
555,547206400,50,36.740813344627,127.121978211885,51.626203031279,0.0071,0.0070,300.877640,1.0295,8
556,547206500,50,36.740817049363,127.121970644104,51.627077504992,0.0072,0.0071,301.254242,1.0295,8
557,547206500,50,36.740817049363,127.121970644104,51.627077504992,0.0072,0.0071,301.254242,1.0295,8
558,547206600,50,36.740820753578,127.121963088283,51.635629268363,0.0072,0.0071,301.479950,1.0295,8
559,547206600,50,36.740820753578,127.121963088283,51.635629268363,0.0072,0.0071,301.479950,1.0295,8
560,547206700,50,36.740824459793,127.121955521073,51.630350795574,0.0072,0.0071,301.650223,1.0295,8
561,547206750,50,36.740826316320,127.121951784598,51.634207670577,0.0072,0.0071,301.689786,1.0295,8
562,547206800,50,36.740828152789,127.121947995535,51.631390625611,0.0072,0.0071,301.057221,1.0295,8
563,547206800,50,36.740828152789,127.121947995535,51.631390625611,0.0072,0.0071,301.057221,1.0295,8
564,547206900,50,36.740831878090,127.121940526411,51.634823736735,0.0072,0.0071,301.713659,1.0295,8
565,547206900,50,36.740831878090,127.121940526411,51.634823736735,0.0072,0.0071,301.713659,1.0295,8
566,547207000,50,36.740835614964,127.121933078749,51.631014255807,0.0071,0.0070,301.848567,1.0295,8
567,547207000,50,36.740835614964,127.121933078749,51.631014255807,0.0071,0.0070,301.848567,1.0295,8
568,547207100,50,36.740839210922,127.121925513854,51.636475830339,0.0071,0.0070,300.066726,1.0295,8
569,547207100,50,36.740839210922,127.121925513854,51.636475830339,0.0071,0.0070,300.066726,1.0295,8
570,547207200,50,36.740842808104,127.121917947020,51.640349266119,0.0071,0.0070,300.726205,1.0295,8
571,547207200,50,36.740842808104,127.121914243694,51.637416994199,0.0071,0.0071,300.726205,1.0295,8
572,547207300,50,36.740846641527,127.121910565681,51.638001905754,0.0071,0.0071,303.209105,1.0295,8
573,547207300,50,36.740848501767,127.121906832229,51.638219947927,0.0072,0.0071,303.209105,1.0295,8
574,547207400,50,36.740850338161,127.121903077646,51.636428203434,0.0072,0.0071,301.288149,1.0295,8
575,547207400,50,36.740850338161,127.121903077646,51.636428203434,0.0072,0.0071,301.288149,1.0295,8
576,547207500,50,36.740853997765,127.121895545629,51.640153449029,0.0072,0.0071,301.162895,1.0295,8
577,547207500,50,36.740853997765,127.121891861425,51.641838714480,0.0072,0.0071,301.162895,1.0295,8
578,547207600,50,36.740857825129,127.121888211741,51.641821147874,0.0072,0.0071,303.460373,1.0295,8
579,547207600,50,36.740857825129,127.121888211741,51.641821147874,0.0072,0.0071,303.460373,1.0295,8
580,547207700,50,36.740861595640,127.121880778298,51.636041598395,0.0072,0.0071,301.793902,1.0295,8
581,547207700,50,36.740861595640,127.121880778298,51.636041598395,0.0072,0.0071,301.793902,1.0295,8
582,547207800,50,36.740865269980,127.121873311089,51.637502407655,0.0072,0.0071,301.702415,1.0295,8
583,547207800,50,36.740865269980,127.121873311089,51.637502407655,0.0072,0.0071,301.702415,1.0295,8
584,547207900,50,36.740869112555,127.121865958429,51.642560537905,0.0072,0.0071,302.440538,1.0295,8
585,547207950,50,36.740871056348,127.121862277034,51.638997206464,0.0072,0.0071,303.267120,1.0295,8
586,547208000,50,36.740873016141,127.121858603386,51.638337203301,0.0072,0.0071,303.538453,1.0295,8
587,547208000,50,36.740873016141,127.121854844791,51.643878161907,0.0072,0.0071,303.538453,1.0295,8
588,547208100,50,36.740876729824,127.121851130635,51.639230405912,0.0072,0.0071,301.908386,1.0295,8
589,547208150,50,36.740878641082,127.121847421599,51.641426899470,0.0072,0.0072,302.630138,1.0295,8
590,547208200,50,36.740880574677,127.121843736235,51.640431138687,0.0072,0.0072,303.100802,1.0295,8
591,547208200,50,36.740880574677,127.121843736235,51.640431138687,0.0072,0.0072,303.100802,1.0295,8
592,547208300,50,36.740884509761,127.121836418916,51.639072434977,0.0072,0.0072,303.465819,1.0295,8
593,547208350,50,36.740886434816,127.121832673419,51.641532018781,0.0072,0.0072,302.562823,1.0295,8
594,547208400,50,36.740888365046,127.121828931057,51.646364035085,0.0072,0.0072,302.654412,1.0295,8
595,547208450,50,36.740890299585,127.121825178491,51.642413338646,0.0072,0.0072,302.641601,1.0295,8
596,547208500,50,36.740892254943,127.121821444837,51.645114273764,0.0073,0.0072,303.052976,1.0295,8
597,547208550,50,36.740894319420,127.121817774778,51.648601777852,0.0073,0.0072,304.951300,1.0295,8
598,547208600,50,36.740896336466,127.121814066449,51.645992576145,0.0073,0.0072,304.052259,1.0295,8
599,547208650,50,36.740898343977,127.121810318355,51.643347301520,0.0072,0.0072,304.052214,1.0295,8
600,547208700,50,36.740900286521,127.121806507480,51.647818605416,0.0072,0.0072,302.348464,1.0295,8
601,547208750,50,36.740902289770,127.121802756478,51.650557968765,0.0072,0.0072,303.567335,1.0295,8
602,547208800,50,36.740904296358,127.121799016608,51.651289970614,0.0072,0.0072,303.689846,1.0295,8
603,547208850,50,36.740906370069,127.121795332696,51.650135722943,0.0072,0.0072,304.969977,1.0295,8
604,547208900,50,36.740908472254,127.121791590781,51.646806300618,0.0072,0.0072,304.916602,1.0295,8
605,547208950,50,36.740910516956,127.121787805708,51.648080620915,0.0072,0.0072,303.869970,1.0295,8
606,547209000,50,36.740912523952,127.121784009619,51.651280813850,0.0072,0.0072,303.301788,1.0295,8
607,547209050,50,36.740914534373,127.121780181419,51.656344752759,0.0072,0.0072,303.125391,1.0295,8
608,547209100,50,36.740916611541,127.121776404139,51.659200245515,0.0072,0.0072,304.343857,1.0295,8
609,547209150,50,36.740918734143,127.121772620641,51.650748625398,0.0072,0.0072,304.879352,1.0295,8
610,547209200,50,36.740920870899,127.121768868588,51.656589186750,0.0072,0.0072,305.283351,1.0295,8
611,547209250,50,36.740922976249,127.121765081439,51.651846425608,0.0072,0.0072,304.634459,1.0295,8
612,547209300,50,36.740925040371,127.121761242519,51.653060030192,0.0073,0.0072,303.746208,1.0295,8
613,547209350,50,36.740927094126,127.121757411273,51.657672132365,0.0073,0.0072,303.665958,1.0295,8
614,547209400,50,36.740929152290,127.121753566683,51.662415120751,0.0073,0.0072,303.630730,1.0295,8
615,547209450,50,36.740931310138,127.121749775833,51.660028232262,0.0073,0.0072,305.270818,1.0295,8
616,547209500,50,36.740933470262,127.121745993879,51.649548503570,0.0073,0.0072,305.362809,1.0295,8
617,547209550,50,36.740935630142,127.121742215775,51.660923556425,0.0073,0.0072,305.387303,1.0295,8
618,547209600,50,36.740937768286,127.121738342790,51.660025047138,0.0073,0.0072,304.448358,1.0295,8
619,547209650,50,36.740939850786,127.121734470874,51.662882728502,0.0072,0.0072,304.448313,1.0295,8
620,547209700,50,36.740941962427,127.121730575020,51.657686109655,0.0072,0.0072,303.959257,1.0295,8
621,547209750,50,36.740944159863,127.121726768361,51.660999982618,0.0072,0.0072,305.650319,1.0295,8
622,547209800,50,36.740946364977,127.121723001917,51.662364354357,0.0072,0.0072,306.034020,1.0295,8
623,547209850,50,36.740948589121,127.121719200893,51.664914391935,0.0072,0.0072,306.019135,1.0295,8
624,547209900,50,36.740950740049,127.121715346044,51.658600751311,0.0072,0.0072,304.733634,1.0295,8
625,547209950,50,36.740952902931,127.121711453507,51.662187122740,0.0072,0.0072,304.621402,1.0295,8
626,547210000,50,36.740954996020,127.121707567356,51.661115680821,0.0072,0.0072,303.791406,1.0295,8
627,547210050,50,36.740957185382,127.121703753254,51.661917688325,0.0072,0.0072,305.497589,1.0295,8
628,547210100,50,36.740959446433,127.121699963770,51.669685356319,0.0072,0.0072,306.552084,1.0295,8
629,547210150,50,36.740961725936,127.121696173015,51.666163658723,0.0072,0.0072,306.765916,1.0295,8
630,547210200,50,36.740963956051,127.121692299730,51.668427132070,0.0073,0.0072,305.580115,1.0295,8
631,547210250,50,36.740966134242,127.121688406770,51.673696649261,0.0073,0.0073,304.807677,1.0295,8
632,547210300,50,36.740968303053,127.121684501496,51.669093012810,0.0073,0.0073,304.607241,1.0295,8
633,547210350,50,36.740970499548,127.121680648104,51.670965554193,0.0073,0.0073,305.308325,1.0295,8
634,547210400,50,36.740972790676,127.121676851818,51.676534851082,0.0073,0.0073,306.865680,1.0295,8
635,547210450,50,36.740975069680,127.121673070441,51.678249184974,0.0073,0.0073,306.828001,1.0295,8
636,547210500,50,36.740977370096,127.121669238680,51.675247675739,0.0073,0.0073,306.721262,1.0295,8
637,547210550,50,36.740979609420,127.121665365152,51.674996459857,0.0073,0.0073,305.690236,1.0295,8
638,547210600,50,36.740981839962,127.121661498374,51.676485499367,0.0073,0.0073,305.630938,1.0295,8
639,547210650,50,36.740984087062,127.121657625938,51.683229039423,0.0073,0.0073,305.792067,1.0295,8
640,547210700,50,36.740986380069,127.121653838643,51.681134158745,0.0073,0.0073,306.953499,1.0295,8
641,547210700,50,36.740986380069,127.121653838643,51.679572300985,0.0073,0.0073,306.953499,1.0295,8
642,547210800,50,36.740991048630,127.121646281450,51.684615523554,0.0073,0.0073,307.610150,1.0295,8
643,547210850,50,36.740993328323,127.121642421710,51.683694597334,0.0073,0.0073,306.274073,1.0295,8
644,547210900,50,36.740995585204,127.121638541659,51.684278761037,0.0072,0.0072,306.274028,1.0295,8
645,547210950,50,36.740997860896,127.121634700276,51.683019224554,0.0072,0.0072,306.356351,1.0295,8
646,547211000,50,36.741000183767,127.121630841382,51.687747783028,0.0072,0.0072,306.794263,1.0295,8
647,547211050,50,36.741002536641,127.121627041856,51.687753690407,0.0072,0.0072,307.576035,1.0295,8
648,547211100,50,36.741004910367,127.121623272977,51.685753446072,0.0072,0.0072,308.045638,1.0295,8
649,547211150,50,36.741007219542,127.121619426502,51.686751361005,0.0073,0.0072,306.720375,1.0295,8
650,547211200,50,36.741009497176,127.121615580669,51.687666673213,0.0073,0.0072,306.348032,1.0295,8
651,547211250,50,36.741011796131,127.121611724435,51.692986311391,0.0073,0.0072,306.529182,1.0295,8
652,547211300,50,36.741014085040,127.121607944617,51.684536191635,0.0073,0.0072,306.958643,1.0295,8
653,547211350,50,36.741016465520,127.121604153907,51.691587728448,0.0073,0.0073,307.964082,1.0295,8
654,547211400,50,36.741018853039,127.121600407461,51.693332972005,0.0073,0.0072,308.373228,1.0295,8
655,547211450,50,36.741021235377,127.121596645950,51.691483920440,0.0073,0.0073,308.200896,1.0295,8
656,547211500,50,36.741023541701,127.121592768078,51.693083862774,0.0073,0.0073,306.463574,1.0295,8
657,547211550,50,36.741025811202,127.121588927162,51.688167399727,0.0073,0.0073,306.285233,1.0295,8
658,547211600,50,36.741028162993,127.121585119848,51.693725618534,0.0073,0.0073,307.506644,1.0295,8
659,547211650,50,36.741030561950,127.121581375104,51.697119810618,0.0073,0.0073,308.519274,1.0295,8
660,547211700,50,36.741032972483,127.121577665967,51.693234876730,0.0073,0.0073,308.921040,1.0295,8
661,547211750,50,36.741035356981,127.121573929584,51.694451354444,0.0073,0.0073,308.412955,1.0295,8
662,547211800,50,36.741037717998,127.121570145777,51.699029297568,0.0073,0.0073,307.786756,1.0295,8
663,547211850,50,36.741040000444,127.121566315152,51.693595492281,0.0073,0.0073,306.514329,1.0295,8
664,547211900,50,36.741042365552,127.121562539219,51.699133533984,0.0073,0.0073,307.892642,1.0295,8
665,547211950,50,36.741044759472,127.121558779265,51.696613118984,0.0073,0.0073,308.347572,1.0295,8
666,547212000,50,36.741047238422,127.121555105184,51.706476245075,0.0073,0.0073,309.974715,1.0295,8
667,547212050,50,36.741049662500,127.121551401655,51.706008357927,0.0074,0.0073,309.120497,1.0295,8
668,547212100,50,36.741052037883,127.121547628788,51.707245253026,0.0074,0.0073,308.035688,1.0295,8
669,547212150,50,36.741054395015,127.121543870698,51.703334107995,0.0073,0.0072,308.035642,1.0295,8
670,547212150,50,36.741054395015,127.121543870698,51.703334107995,0.0073,0.0072,308.035642,1.0295,8
671,547212250,50,36.741059148570,127.121536382367,51.703635019250,0.0073,0.0073,309.124359,1.0295,8
672,547212300,50,36.741061574192,127.121532767196,51.704327691346,0.0073,0.0073,309.817261,1.0295,8
673,547212350,50,36.741064032587,127.121529157167,51.702255975455,0.0073,0.0073,310.236118,1.0295,8
674,547212350,50,36.741064032587,127.121529157167,51.702255975455,0.0073,0.0073,310.236118,1.0295,8
675,547212450,50,36.741068779403,127.121521726798,51.705967128277,0.0073,0.0073,308.463414,1.0295,8
676,547212500,50,36.741071111278,127.121517993974,51.710831347853,0.0073,0.0073,307.818548,1.0295,8
677,547212550,50,36.741073514378,127.121514329891,51.716031161137,0.0073,0.0073,309.177052,1.0295,8
678,547212550,50,36.741073514378,127.121514329891,51.716031161137,0.0073,0.0073,309.177052,1.0295,8
679,547212650,50,36.741078369096,127.121507102433,51.712534304708,0.0072,0.0072,309.470936,1.0295,8
680,547212650,50,36.741078369096,127.121507102433,51.712534304708,0.0072,0.0072,309.470936,1.0295,8
681,547212750,50,36.741083191008,127.121499815518,51.720975206234,0.0080,0.0077,309.153139,1.0295,8
682,547212750,50,36.741083191008,127.121496141807,51.712079009041,0.0080,0.0077,309.153139,1.0295,8
683,547212850,50,36.741087875776,127.121492503378,51.718205903657,0.0080,0.0077,308.957744,1.0295,8
684,547212850,50,36.741087875776,127.121492503378,51.718205903657,0.0080,0.0077,308.957744,1.0295,8
685,547212950,50,36.741092776555,127.121485362589,51.726101154462,0.0080,0.0077,310.253140,1.0295,8
686,547212950,50,36.741092776555,127.121485362589,51.726101154462,0.0080,0.0077,310.253140,1.0295,8
687,547213050,50,36.741097613615,127.121478200853,51.728672554716,0.0080,0.0077,309.307266,1.0295,8
688,547213050,50,36.741097613615,127.121478200853,51.728672554716,0.0080,0.0077,309.307266,1.0295,8
689,547213150,50,36.741102356074,127.121470973956,51.737961905077,0.0080,0.0077,309.610921,1.0295,8
690,547213150,50,36.741104764915,127.121467451984,51.730721766129,0.0080,0.0077,309.610921,1.0295,8
691,547213250,50,36.741107211792,127.121463967114,51.728675961494,0.0081,0.0081,311.102404,1.0295,8
692,547213250,50,36.741107211792,127.121463967114,51.728675961494,0.0081,0.0081,311.102404,1.0295,8
693,547213350,50,36.741112112957,127.121456950469,51.727034368552,0.0081,0.0080,310.789910,1.0295,8
694,547213350,50,36.741112112957,127.121456950469,51.727034368552,0.0081,0.0080,310.789910,1.0295,8
695,547213450,50,36.741116775914,127.121449810131,51.738109233789,0.0081,0.0080,308.870191,1.0295,8
696,547213500,50,36.741119231140,127.121446326700,51.738731061108,0.0081,0.0080,311.210855,1.0295,8
697,547213550,50,36.741121704560,127.121442815976,51.738355543464,0.0081,0.0080,311.198883,1.0295,8
698,547213600,50,36.741124132815,127.121439417008,51.737542371266,0.0082,0.0082,311.594562,1.0295,8
699,547213650,50,36.741126546661,127.121435940641,51.737801029347,0.0075,0.0077,311.594518,1.0295,8
700,547213650,50,36.741126546661,127.121435940641,51.737801029347,0.0075,0.0077,311.594518,1.0295,8
701,547213750,50,36.741131326200,127.121428940639,51.736704793759,0.0075,0.0077,310.257224,1.0295,8
702,547213800,50,36.741133732134,127.121425453135,51.744023257867,0.0075,0.0077,310.602632,1.0295,8
703,547213850,50,36.741136105678,127.121422008394,51.747475568205,0.0075,0.0077,310.568201,1.0295,8
704,547213850,50,36.741136105678,127.121422008394,51.747475568205,0.0075,0.0077,310.568201,1.0295,8
705,547213950,50,36.741140997282,127.121415224319,51.746292895637,0.0075,0.0077,311.357414,1.0295,8
706,547213950,50,36.741140997282,127.121411782252,51.745983989909,0.0076,0.0077,311.357414,1.0295,8
707,547214050,50,36.741145782435,127.121408297922,51.750419664197,0.0076,0.0077,310.531458,1.0295,8
708,547214050,50,36.741145782435,127.121408297922,51.742644954473,0.0076,0.0077,310.531458,1.0295,8
709,547214150,50,36.741150623410,127.121401458096,51.759591143578,0.0076,0.0077,312.268432,1.0295,8
710,547214200,50,36.741153050308,127.121398124230,51.751732394099,0.0076,0.0077,312.129337,1.0295,8
711,547214250,50,36.741155551332,127.121394794940,51.754474104382,0.0081,0.0080,313.027334,1.0295,8
712,547214250,50,36.741157931309,127.121391428784,51.754462855868,0.0081,0.0080,313.027334,1.0295,8
713,547214350,50,36.741160328893,127.121388005790,51.758571158163,0.0081,0.0080,311.033310,1.0295,8
714,547214400,50,36.741162688063,127.121384612097,51.754056966864,0.0081,0.0080,310.819065,1.0295,8
715,547214450,50,36.741165121406,127.121381301045,51.760685886256,0.0081,0.0080,312.400803,1.0295,8
716,547214450,50,36.741167573232,127.121378004407,51.755285227671,0.0081,0.0080,312.400803,1.0295,8
717,547214550,50,36.741170031231,127.121374712632,51.764013041742,0.0081,0.0080,312.855335,1.0295,8
718,547214600,50,36.741172440410,127.121371404289,51.760634538718,0.0081,0.0079,312.139537,1.0295,8
719,547214650,50,36.741174823934,127.121368055708,51.760489978828,0.0072,0.0073,312.139495,1.0295,8
720,547214650,50,36.741174823934,127.121368055708,51.759828041308,0.0072,0.0073,312.139495,1.0295,8
721,547214750,50,36.741179603465,127.121361371592,51.760544629768,0.0072,0.0073,311.696764,1.0295,8
722,547214800,50,36.741182032876,127.121358086746,51.762714410201,0.0072,0.0073,312.581398,1.0295,8
723,547214850,50,36.741184478603,127.121354827712,51.767909255810,0.0072,0.0073,312.997912,1.0295,8
724,547214850,50,36.741184478603,127.121354827712,51.767909255810,0.0072,0.0073,312.997912,1.0295,8
725,547214950,50,36.741189333074,127.121348226231,51.772697293200,0.0072,0.0073,311.411815,1.0295,8
726,547215000,50,36.741191711949,127.121344902737,51.763207887299,0.0072,0.0073,311.648896,1.0295,8
727,547215050,50,36.741194120327,127.121341584694,51.764262018725,0.0072,0.0073,312.046609,1.0295,8
728,547215050,50,36.741196579932,127.121338323898,51.767185227945,0.0072,0.0072,312.046609,1.0295,8
729,547215150,50,36.741199070990,127.121335107154,51.770306078717,0.0073,0.0074,313.896876,1.0295,8
730,547215200,50,36.741201507229,127.121331850303,51.770915243775,0.0073,0.0074,312.906005,1.0295,8
731,547215250,50,36.741203949053,127.121328581278,51.778320119716,0.0073,0.0073,312.864829,1.0295,8
732,547215300,50,36.741206310216,127.121325301015,51.771410413086,0.0073,0.0073,311.808857,1.0295,8
733,547215350,50,36.741208740703,127.121322061420,51.776061276905,0.0073,0.0073,312.990282,1.0295,8
734,547215400,50,36.741211213816,127.121318866857,51.778038340621,0.0073,0.0073,312.990282,1.0295,8
735,547215450,50,36.741213651590,127.121315640591,51.774754554033,0.0073,0.0073,313.193705,1.0295,8
736,547215500,50,36.741216150084,127.121312478329,51.777760449797,0.0073,0.0073,314.471389,1.0295,8
