0,547002700,50,36.740418013033,127.122925500871,51.627932998352,0.0072,0.0069,271.071664,0.9997,8
1,547002750,50,36.740418013429,127.122925505521,51.629661459476,0.0072,0.0069,83.962479,0.9997,8
2,547002800,50,36.740418030261,127.122925500348,51.629838256165,0.0072,0.0069,346.108510,0.9997,8
3,547002850,50,36.740418017767,127.122925519271,51.628926560283,0.0072,0.0070,129.367147,0.9997,8
4,547002950,50,36.740418025294,127.122925509057,51.630865678191,0.0072,0.0070,280.892218,0.9997,8
5,547002950,50,36.740418025294,127.122925509057,51.630865678191,0.0072,0.0070,59.876433,0.9997,8
6,547003000,50,36.740418026277,127.122925528937,51.628253158182,0.0072,0.0070,86.485788,0.9997,8
7,547003050,50,36.740418040145,127.122925542427,51.632757157087,0.0072,0.0070,38.056962,0.9997,8
8,547003100,50,36.740418033840,127.122925518733,51.631682871841,0.0072,0.0070,251.704330,0.9997,8
9,547003150,50,36.740418032081,127.122925521991,51.631346388720,0.0072,0.0070,123.851040,0.9997,8
10,547003200,50,36.740418034310,127.122925516562,51.629095070995,0.0072,0.0070,297.022283,0.9997,8
11,547003250,50,36.740418021786,127.122925520419,51.627613891847,0.0072,0.0070,166.081099,0.9997,8
12,547003300,50,36.740418032307,127.122925513022,51.629962822422,0.0072,0.0070,330.496112,0.9997,8
13,547003350,50,36.740418024112,127.122925509050,51.631977468729,0.0072,0.0070,201.309752,0.9997,8
14,547003400,50,36.740418047605,127.122925509814,51.630044314079,0.0072,0.0070,1.499482,0.9997,8
15,547003450,50,36.740418032005,127.122925516870,51.627521616407,0.0072,0.0070,159.996583,0.9997,8
16,547003500,50,36.740418034589,127.122925510210,51.628248668276,0.0072,0.0070,295.734321,0.9997,8
17,547003550,50,36.740418032889,127.122925530789,51.627675032243,0.0072,0.0070,95.861997,0.9997,8
18,547003600,50,36.740418009261,127.122925517108,51.627492520958,0.0072,0.0069,95.861997,0.9997,8
19,547003650,50,36.740418006678,127.122925490784,51.622679126449,0.0072,0.0069,263.048701,0.9997,8
20,547003700,50,36.740418004399,127.122925491487,51.627275204286,0.0072,0.0069,166.063001,0.9997,8
21,547003750,50,36.740418020909,127.122925494576,51.625339100137,0.0072,0.0069,8.562348,0.9997,8
22,547003800,50,36.740418035646,127.122925525802,51.626947382465,0.0072,0.0070,59.612434,0.9997,8
23,547003850,50,36.740418017747,127.122925491258,51.626318884082,0.0072,0.0070,237.226274,0.9997,8
24,547003900,50,36.740418023190,127.122925505131,51.625791812316,0.0072,0.0070,64.010098,0.9997,8
25,547003950,50,36.740418014279,127.122925510244,51.630839353427,0.0072,0.0070,155.215148,0.9997,8
26,547004000,50,36.740418024342,127.122925506380,51.628615643829,0.0072,0.0070,342.827804,0.9997,8
27,547004050,50,36.740418020608,127.122925511963,51.629383716732,0.0072,0.0070,129.725376,0.9997,8
28,547004100,50,36.740418020499,127.122925522365,51.624963656999,0.0072,0.0070,90.743869,0.9997,8
29,547004150,50,36.740418012455,127.122925498991,51.625606841408,0.0072,0.0070,246.847917,0.9997,8
30,547004200,50,36.740418020555,127.122925512414,51.629319977015,0.0072,0.0070,53.137927,0.9997,8
31,547004250,50,36.740418011910,127.122925497914,51.625536828302,0.0072,0.0070,233.469924,0.9997,8
32,547004300,50,36.740418013310,127.122925496653,51.627240662463,0.0072,0.0070,324.069313,0.9997,8
33,547004350,50,36.740418024571,127.122925507637,51.629532888532,0.0072,0.0070,38.133544,0.9997,8
34,547004400,50,36.740418015369,127.122925507502,51.625820481218,0.0072,0.0070,180.678239,0.9997,8
35,547004450,50,36.740418022001,127.122925505777,51.629462234676,0.0072,0.0070,348.177134,0.9997,8
36,547004500,50,36.740418040198,127.122925512112,51.629371992312,0.0072,0.0070,15.650426,0.9997,8
37,547004550,50,36.740418028955,127.122925518341,51.626772537827,0.0072,0.0070,155.969310,0.9997,8
38,547004600,50,36.740418001428,127.122925508540,51.627807905897,0.0072,0.0069,155.969310,0.9997,8
39,547004650,50,36.740418013513,127.122925511952,51.628291677684,0.0072,0.0069,12.804432,0.9997,8
40,547004700,50,36.740418008081,127.122925523017,51.625622707419,0.0072,0.0069,121.379764,0.9997,8
41,547004750,50,36.740417997298,127.122925500486,51.625434854068,0.0072,0.0069,239.261701,0.9997,8
42,547004800,50,36.740418005169,127.122925500575,51.625111943111,0.0072,0.0069,0.521651,0.9997,8
43,547004850,50,36.740418015446,127.122925513705,51.625150869600,0.0072,0.0069,45.796274,0.9997,8
44,547004900,50,36.740418003698,127.122925495806,51.626496911980,0.0072,0.0069,230.802653,0.9997,8
45,547004950,50,36.740418001057,127.122925493863,51.627288354561,0.0072,0.0069,210.615680,0.9997,8
46,547005000,50,36.740418000917,127.122925509759,51.625489739701,0.0072,0.0069,90.625506,0.9997,8
47,547005050,50,36.740418002005,127.122925494792,51.627770618536,0.0072,0.0069,275.159015,0.9997,8
48,547005100,50,36.740418000741,127.122925509310,51.623243468814,0.0072,0.0070,96.171959,0.9997,8
49,547005150,50,36.740417997191,127.122925488073,51.623794803396,0.0072,0.0070,258.266720,0.9997,8
50,547005200,50,36.740417991284,127.122925490878,51.623806623742,0.0072,0.0070,159.079660,0.9997,8
51,547005250,50,36.740417991474,127.122925484745,51.622658923268,0.0072,0.0070,272.195033,0.9997,8
52,547005300,50,36.740417991162,127.122925503329,51.623162770644,0.0072,0.0070,91.194895,0.9997,8
53,547005350,50,36.740417995695,127.122925503448,51.625020060688,0.0072,0.0070,1.217211,0.9997,8
54,547005400,50,36.740417997553,127.122925515823,51.622876112349,0.0072,0.0070,79.433661,0.9997,8
55,547005450,50,36.740417996805,127.122925498144,51.621905935928,0.0072,0.0070,266.992252,0.9997,8
56,547005500,50,36.740417992946,127.122925499865,51.622985172085,0.0072,0.0070,160.258635,0.9997,8
57,547005550,50,36.740417998293,127.122925512108,51.621108661406,0.0072,0.0070,61.515361,0.9997,8
58,547005600,50,36.740417991677,127.122925492045,51.625703725033,0.0072,0.0070,247.720337,0.9997,8
59,547005650,50,36.740418000781,127.122925510352,51.621383910067,0.0072,0.0070,58.289124,0.9997,8
60,547005700,50,36.740417999403,127.122925504410,51.619286733679,0.0072,0.0070,253.928057,0.9997,8
61,547005750,50,36.740417991947,127.122925500302,51.620696841739,0.0071,0.0069,253.928056,0.9997,8
62,547005800,50,36.740418000645,127.122925493224,51.623975412920,0.0071,0.0069,326.779685,0.9997,8
63,547005850,50,36.740418000962,127.122925505044,51.624234040268,0.0072,0.0069,88.091854,0.9997,8
64,547005900,50,36.740417985991,127.122925487895,51.619535981677,0.0072,0.0069,222.672979,0.9997,8
65,547005950,50,36.740417985476,127.122925469389,51.623445838690,0.0072,0.0069,268.019552,0.9997,8
66,547006000,50,36.740417982210,127.122925495993,51.619054413401,0.0072,0.0070,98.674117,0.9997,8
67,547006050,50,36.740418007411,127.122925498866,51.622017513961,0.0072,0.0070,5.242837,0.9997,8
68,547006100,50,36.740417992812,127.122925461717,51.620192122646,0.0072,0.0070,243.973735,0.9997,8
69,547006150,50,36.740417977286,127.122925468565,51.620319650508,0.0072,0.0070,160.455308,0.9997,8
70,547006200,50,36.740418005914,127.122925501141,51.624829460867,0.0072,0.0070,42.482732,0.9997,8
71,547006250,50,36.740417998613,127.122925480798,51.622351343744,0.0072,0.0070,245.967545,0.9997,8
72,547006300,50,36.740418001226,127.122925462465,51.620190520771,0.0072,0.0070,280.042399,0.9997,8
73,547006350,50,36.740417996720,127.122925485610,51.621957600117,0.0072,0.0070,103.598412,0.9997,8
74,547006400,50,36.740417981284,127.122925477014,51.621549897827,0.0072,0.0070,204.143043,0.9997,8
75,547006450,50,36.740417995273,127.122925469059,51.624035337009,0.0072,0.0070,335.408080,0.9997,8
76,547006500,50,36.740417994086,127.122925490738,51.620730901137,0.0072,0.0070,93.894002,0.9997,8
77,547006550,50,36.740418011883,127.122925492396,51.620663402602,0.0072,0.0070,4.287159,0.9997,8
78,547006600,50,36.740417999467,127.122925491967,51.619821296073,0.0072,0.0070,181.593688,0.9997,8
79,547006650,50,36.740418011360,127.122925488311,51.623356396332,0.0072,0.0070,346.103583,0.9997,8
80,547006700,50,36.740417988165,127.122925485042,51.620938275009,0.0072,0.0070,186.471379,0.9997,8
81,547006750,50,36.740418007789,127.122925486376,51.620019111782,0.0072,0.0070,3.131387,0.9997,8
82,547006800,50,36.740417993069,127.122925463716,51.622437352315,0.0072,0.0070,231.092820,0.9997,8
83,547006850,50,36.740418012887,127.122925488998,51.621929782443,0.0072,0.0070,45.756240,0.9997,8
84,547006900,50,36.740417991627,127.122925488418,51.620709316805,0.0072,0.0070,181.256921,0.9997,8
85,547006950,50,36.740417999736,127.122925473155,51.620262933895,0.0072,0.0070,303.429049,0.9997,8
86,547007000,50,36.740417995618,127.122925471817,51.625461335294,0.0072,0.0070,303.429049,0.9997,8
87,547007050,50,36.740418001355,127.122925482817,51.622292189859,0.0072,0.0070,57.055003,0.9997,8
88,547007100,50,36.740418010120,127.122925490478,51.623204843141,0.0072,0.0070,35.123876,0.9997,8
89,547007150,50,36.740418013306,127.122925492199,51.626654746942,0.0072,0.0070,23.505594,0.9997,8
90,547007200,50,36.740417996301,127.122925481788,51.619426117279,0.0072,0.0070,206.231676,0.9997,8
91,547007250,50,36.740418014221,127.122925511251,51.625172822736,0.0072,0.0070,52.920669,0.9997,8
92,547007300,50,36.740417996857,127.122925475470,51.624112730846,0.0072,0.0070,238.911598,0.9997,8
93,547007350,50,36.740418001782,127.122925471484,51.625017868355,0.0072,0.0070,326.926783,0.9997,8
94,547007400,50,36.740418008113,127.122925492203,51.624243657105,0.0072,0.0070,69.210793,0.9997,8
95,547007450,50,36.740418000785,127.122925471743,51.620999283157,0.0072,0.0070,246.010946,0.9997,8
96,547007500,50,36.740417994823,127.122925482389,51.621463098563,0.0072,0.0070,124.831571,0.9997,8
97,547007550,50,36.740418006503,127.122925497119,51.619527798146,0.0072,0.0070,45.425784,0.9997,8
98,547007600,50,36.740417994607,127.122925490668,51.624068924226,0.0072,0.0070,203.578897,0.9997,8
99,547007650,50,36.740417990848,127.122925471764,51.619363083504,0.0072,0.0070,203.578897,0.9997,8
100,547007700,50,36.740417988130,127.122925478571,51.619689268991,0.0072,0.0070,116.385518,0.9997,8
101,547007750,50,36.740418005267,127.122925473809,51.621047879569,0.0072,0.0072,347.393158,0.9997,8
102,547007800,50,36.740417981638,127.122925488671,51.617609828711,0.0072,0.0072,153.151252,0.9997,8
103,547007850,50,36.740417993667,127.122925497788,51.617685375735,0.0072,0.0072,31.384495,0.9997,8
104,547007900,50,36.740418006929,127.122925486438,51.618253989145,0.0072,0.0072,325.440497,0.9997,8
105,547007950,50,36.740417996735,127.122925499874,51.618487226777,0.0072,0.0072,133.311473,0.9997,8
106,547008000,50,36.740417985746,127.122925478137,51.620031306520,0.0072,0.0071,237.865249,0.9997,8
107,547008050,50,36.740417997932,127.122925492589,51.616836685687,0.0072,0.0071,43.665557,0.9997,8
108,547008100,50,36.740417985078,127.122925484876,51.618874268606,0.0072,0.0072,205.775866,0.9997,8
109,547008150,50,36.740417988460,127.122925480233,51.619223742746,0.0072,0.0072,312.139387,0.9997,8
110,547008200,50,36.740417983695,127.122925476050,51.615944617428,0.0072,0.0072,215.242412,0.9997,8
111,547008250,50,36.740417980984,127.122925477283,51.616001028568,0.0072,0.0072,159.902853,0.9997,8
112,547008300,50,36.740417984666,127.122925486685,51.616588641889,0.0072,0.0072,64.052909,0.9997,8
113,547008350,50,36.740417989329,127.122925496167,51.615824531764,0.0072,0.0072,58.569995,0.9997,8
114,547008400,50,36.740417979753,127.122925475272,51.614962682128,0.0072,0.0072,240.340075,0.9997,8
115,547008450,50,36.740417981023,127.122925482306,51.617459298111,0.0072,0.0072,77.355878,0.9997,8
116,547008500,50,36.740417994357,127.122925479643,51.617360002361,0.0072,0.0072,350.868034,0.9997,8
117,547008550,50,36.740417993568,127.122925489957,51.612224888988,0.0072,0.0072,95.431987,0.9997,8
118,547008600,50,36.740417989421,127.122925491488,51.619301239029,0.0072,0.0072,95.431987,0.9997,8
119,547008650,50,36.740418001762,127.122925477999,51.623765116557,0.0072,0.0072,318.661268,0.9997,8
120,547008700,50,36.740417999544,127.122925490948,51.618253353052,0.0072,0.0072,102.014474,0.9997,8
121,547008750,50,36.740417994551,127.122925491717,51.622401772998,0.0072,0.0072,172.928428,0.9997,8
122,547008800,50,36.740417987921,127.122925502549,51.618014824577,0.0072,0.0072,127.254998,0.9997,8
123,547008850,50,36.740417998159,127.122925496370,51.618431288749,0.0072,0.0072,334.089590,0.9997,8
124,547008900,50,36.740418001481,127.122925499064,51.617843325250,0.0072,0.0072,33.132109,0.9997,8
125,547008950,50,36.740418003564,127.122925525875,51.613961913623,0.0072,0.0072,84.484930,0.9997,8
126,547009000,50,36.740417996848,127.122925502098,51.617524787784,0.0072,0.0072,250.658998,0.9997,8
127,547009050,50,36.740417990377,127.122925487933,51.617524787784,0.0072,0.0072,240.421266,0.9997,8
128,547009100,50,36.740418004944,127.122925510079,51.618312076665,0.0072,0.0071,50.740001,0.9997,8
129,547009150,50,36.740418009026,127.122925506968,51.617399096489,0.0072,0.0071,328.474124,0.9997,8
130,547009200,50,36.740418008718,127.122925512059,51.616827358492,0.0072,0.0071,94.299167,0.9997,8
131,547009250,50,36.740418008477,127.122925489587,51.616056718864,0.0072,0.0071,269.238345,0.9997,8
132,547009300,50,36.740418009940,127.122925475477,51.612906090915,0.0072,0.0071,277.341147,0.9997,8
133,547009350,50,36.740418010230,127.122925458099,51.617075546645,0.0072,0.0071,271.186141,0.9997,8
134,547009400,50,36.740418031302,127.122925445634,51.617774421349,0.0072,0.0071,334.541211,0.9997,8
135,547009450,50,36.740418028811,127.122925401337,51.620773782022,0.0072,0.0071,266.001963,0.9997,8
136,547009500,50,36.740418030952,127.122925387759,51.616626635194,0.0072,0.0071,281.084959,0.9997,8
137,547009550,50,36.740418048413,127.122925343856,51.614519244991,0.0072,0.0071,296.298032,0.9997,8
138,547009600,50,36.740418066193,127.122925305883,51.615699479356,0.0072,0.0071,300.189481,0.9997,8
139,547009650,50,36.740418093644,127.122925255013,51.619317428209,0.0072,0.0071,300.189481,0.9997,8
140,547009700,50,36.740418118218,127.122925182481,51.620573502034,0.0072,0.0071,292.829078,0.9997,8
141,547009750,50,36.740418135538,127.122925140119,51.618556861766,0.0072,0.0071,296.929965,0.9997,8
142,547009800,50,36.740418138408,127.122925092258,51.615938292816,0.0072,0.0071,274.262375,0.9997,8
143,547009850,50,36.740418158591,127.122925039307,51.619180719368,0.0072,0.0071,295.341732,0.9997,8
144,547009900,50,36.740418185057,127.122924974712,51.620680451393,0.0072,0.0071,296.979617,0.9997,8
145,547009950,50,36.740418205541,127.122924936273,51.611770970747,0.0072,0.0072,303.509719,0.9997,8
146,547010000,50,36.740418226926,127.122924895647,51.616415143944,0.0072,0.0072,303.186391,0.9997,8
147,547010050,50,36.740418261541,127.122924827193,51.616096616723,0.0072,0.0072,302.141438,0.9997,8
148,547010100,50,36.740418267385,127.122924792313,51.615008927882,0.0072,0.0072,281.758556,0.9997,8
149,547010150,50,36.740418275785,127.122924743662,51.614063853398,0.0072,0.0072,282.108464,0.9997,8
150,547010200,50,36.740418291931,127.122924741981,51.611386003904,0.0072,0.0072,355.210510,0.9997,8
151,547010250,50,36.740418298594,127.122924692779,51.616695723496,0.0072,0.0072,279.551501,0.9997,8
152,547010300,50,36.740418315978,127.122924659934,51.614541169256,0.0072,0.0072,303.329707,0.9997,8
153,547010350,50,36.740418314020,127.122924660234,51.611588217318,0.0072,0.0072,172.959733,0.9997,8
154,547010400,50,36.740418319962,127.122924666736,51.612402779050,0.0072,0.0072,41.361795,0.9997,8
155,547010450,50,36.740418314256,127.122924672901,51.616964820772,0.0072,0.0073,138.992449,0.9997,8
156,547010500,50,36.740418326250,127.122924670344,51.615712010302,0.0072,0.0073,350.264502,0.9997,8
157,547010550,50,36.740418320845,127.122924688623,51.612827843986,0.0072,0.0073,110.174679,0.9997,8
158,547010600,50,36.740418309953,127.122924676663,51.611574941315,0.0072,0.0072,221.468661,0.9997,8
159,547010650,50,36.740418325403,127.122924681640,51.616612519138,0.0072,0.0072,14.534642,0.9997,8
160,547010700,50,36.740418302005,127.122924652015,51.616527037695,0.0072,0.0072,225.539737,0.9997,8
161,547010750,50,36.740418324059,127.122924669067,51.614396212623,0.0072,0.0072,31.893855,0.9997,8
162,547010800,50,36.740418305245,127.122924657110,51.613789059222,0.0072,0.0072,207.090735,0.9997,8
163,547010850,50,36.740418311952,127.122924663176,51.615897008218,0.0072,0.0072,207.090734,0.9997,8
164,547010900,50,36.740418311405,127.122924671125,51.616720926948,0.0072,0.0072,94.884432,0.9997,8
165,547010950,50,36.740418320582,127.122924690290,51.618786420673,0.0072,0.0072,59.250104,0.9997,8
166,547011000,50,36.740418316735,127.122924669082,51.618239897303,0.0072,0.0072,257.300566,0.9997,8
167,547011050,50,36.740418318983,127.122924665809,51.619932840578,0.0072,0.0072,310.475647,0.9997,8
168,547011100,50,36.740418320987,127.122924666104,51.615839558654,0.0072,0.0071,6.763714,0.9997,8
169,547011150,50,36.740418305995,127.122924663588,51.612591803074,0.0072,0.0071,187.693894,0.9997,8
170,547011200,50,36.740418306399,127.122924675216,51.615132517181,0.0072,0.0071,87.526185,0.9997,8
171,547011250,50,36.740418303035,127.122924667391,51.614155171439,0.0072,0.0071,241.886036,0.9997,8
172,547011300,50,36.740418318622,127.122924682178,51.612184032798,0.0072,0.0071,37.360262,0.9997,8
173,547011350,50,36.740418298274,127.122924665885,51.613774515688,0.0072,0.0071,212.798163,0.9997,8
174,547011400,50,36.740418312365,127.122924660830,51.613188007846,0.0072,0.0071,343.892531,0.9997,8
175,547011450,50,36.740418303471,127.122924673155,51.615167527460,0.0072,0.0071,131.879940,0.9997,8
176,547011500,50,36.740418306906,127.122924674313,51.616448101588,0.0072,0.0071,15.182366,0.9997,8
177,547011550,50,36.740418318181,127.122924675627,51.610967934132,0.0072,0.0071,5.358779,0.9997,8
178,547011600,50,36.740418310357,127.122924681985,51.613134379499,0.0072,0.0071,146.813423,0.9997,8
179,547011650,50,36.740418315489,127.122924671115,51.614745988511,0.0072,0.0071,300.396651,0.9997,8
180,547011700,50,36.740418307588,127.122924675742,51.610844558105,0.0072,0.0071,154.764396,0.9997,8
181,547011750,50,36.740418329329,127.122924686684,51.615227280185,0.0072,0.0071,22.051543,0.9997,8
182,547011800,50,36.740418305393,127.122924660021,51.612117171288,0.0072,0.0071,221.876811,0.9997,8
183,547011850,50,36.740418314944,127.122924681075,51.618898739107,0.0072,0.0071,60.591124,0.9997,8
184,547011900,50,36.740418300535,127.122924672462,51.613144558854,0.0072,0.0071,205.692056,0.9997,8
185,547011950,50,36.740418314730,127.122924684484,51.605936896056,0.0073,0.0071,34.279834,0.9997,8
186,547012000,50,36.740418312339,127.122924657973,51.609602918848,0.0073,0.0071,263.606368,0.9997,8
187,547012050,50,36.740418300005,127.122924663231,51.607131455094,0.0073,0.0071,161.060408,0.9997,8
188,547012100,50,36.740418309503,127.122924668097,51.612989299931,0.0073,0.0071,22.407907,0.9997,8
189,547012150,50,36.740418314539,127.122924682719,51.613233831711,0.0072,0.0071,22.407907,0.9997,8
190,547012200,50,36.740418288957,127.122924665476,51.610866035335,0.0072,0.0071,208.479066,0.9997,8
191,547012250,50,36.740418294054,127.122924672019,51.606019046158,0.0072,0.0071,45.936696,0.9997,8
192,547012300,50,36.740418317080,127.122924680646,51.614333487116,0.0072,0.0071,16.779033,0.9997,8
193,547012350,50,36.740418312119,127.122924696893,51.607870729640,0.0072,0.0071,110.774137,0.9997,8
194,547012400,50,36.740418318907,127.122924690974,51.614756146446,0.0072,0.0071,324.936976,0.9997,8
195,547012450,50,36.740418298153,127.122924677783,51.611990333535,0.0072,0.0071,207.091650,0.9997,8
196,547012500,50,36.740418297942,127.122924687661,51.612848028541,0.0072,0.0071,91.517421,0.9997,8
197,547012550,50,36.740418313519,127.122924675291,51.611446294934,0.0072,0.0071,327.417363,0.9997,8
198,547012600,50,36.740418322812,127.122924697652,51.609181301668,0.0072,0.0071,62.689349,0.9997,8
199,547012650,50,36.740418308770,127.122924664240,51.610093622468,0.0072,0.0071,242.427109,0.9997,8
200,547012700,50,36.740418294574,127.122924681276,51.613541491330,0.0072,0.0071,135.995186,0.9997,8
201,547012750,50,36.740418304137,127.122924686432,51.613762514666,0.0072,0.0071,23.457923,0.9997,8
202,547012800,50,36.740418305814,127.122924700569,51.605648867786,0.0072,0.0071,81.613850,0.9997,8
203,547012850,50,36.740418309479,127.122924681157,51.609654212371,0.0073,0.0071,283.202640,0.9997,8
204,547012900,50,36.740418312980,127.122924695755,51.611423729919,0.0073,0.0071,73.409300,0.9997,8
205,547012950,50,36.740418326670,127.122924667574,51.617216302082,0.0072,0.0070,73.409300,0.9997,8
206,547013000,50,36.740418330652,127.122924668545,51.615762738511,0.0072,0.0072,11.104177,0.9997,8
207,547013050,50,36.740418320769,127.122924683921,51.610525994562,0.0072,0.0072,128.609499,0.9997,8
208,547013100,50,36.740418313181,127.122924677843,51.618230260909,0.0072,0.0072,212.810807,0.9997,8
209,547013150,50,36.740418341927,127.122924672378,51.617294774391,0.0072,0.0072,351.301913,0.9997,8
210,547013200,50,36.740418316788,127.122924667446,51.615433632396,0.0072,0.0072,188.973352,0.9997,8
211,547013250,50,36.740418318349,127.122924683416,51.613266700879,0.0072,0.0072,83.075280,0.9997,8
212,547013300,50,36.740418330040,127.122924669150,51.617171376012,0.0072,0.0072,315.519867,0.9997,8
213,547013350,50,36.740418345800,127.122924679665,51.616154923104,0.0072,0.0072,28.235225,0.9997,8
214,547013400,50,36.740418313414,127.122924672281,51.616263716482,0.0072,0.0072,190.398257,0.9997,8
215,547013450,50,36.740418330090,127.122924690959,51.614126363769,0.0072,0.0072,42.032373,0.9997,8
216,547013500,50,36.740418312736,127.122924674946,51.618545051664,0.0072,0.0072,216.597921,0.9997,8
217,547013550,50,36.740418319347,127.122924677862,51.615221836604,0.0072,0.0072,19.545146,0.9997,8
218,547013600,50,36.740418323644,127.122924678256,51.613045568578,0.0072,0.0072,4.224365,0.9997,8
219,547013650,50,36.740418310182,127.122924668245,51.617277910933,0.0072,0.0071,4.224366,0.9997,8
220,547013700,50,36.740418310713,127.122924678229,51.617304866202,0.0072,0.0071,86.221265,0.9997,8
221,547013750,50,36.740418298074,127.122924695649,51.615891181864,0.0072,0.0071,132.032996,0.9997,8
222,547013800,50,36.740418304467,127.122924677629,51.613222960383,0.0072,0.0071,293.789703,0.9997,8
223,547013850,50,36.740418319908,127.122924671296,51.617803765461,0.0072,0.0071,341.732060,0.9997,8
224,547013900,50,36.740418300997,127.122924664377,51.617207153700,0.0072,0.0071,196.408064,0.9997,8
225,547013950,50,36.740418307487,127.122924664145,51.617633945309,0.0072,0.0071,358.352824,0.9997,8
226,547014000,50,36.740418312217,127.122924668895,51.619378258474,0.0072,0.0071,38.942421,0.9997,8
227,547014050,50,36.740418307808,127.122924693109,51.614072389901,0.0072,0.0071,102.746959,0.9997,8
228,547014100,50,36.740418309002,127.122924687503,51.617022546940,0.0072,0.0071,284.824249,0.9997,8
229,547014150,50,36.740418313496,127.122924673913,51.616084488109,0.0072,0.0071,292.336554,0.9997,8
230,547014200,50,36.740418313367,127.122924680906,51.615562059917,0.0072,0.0071,91.322349,0.9997,8
231,547014250,50,36.740418298409,127.122924667245,51.612748486921,0.0072,0.0071,216.316467,0.9997,8
232,547014300,50,36.740418316507,127.122924679698,51.617272128351,0.0072,0.0071,28.976199,0.9997,8
233,547014350,50,36.740418313684,127.122924665229,51.618057075888,0.0072,0.0071,256.373650,0.9997,8
234,547014400,50,36.740418324581,127.122924687572,51.615011449903,0.0072,0.0071,58.786675,0.9997,8
235,547014450,50,36.740418301318,127.122924685249,51.612884923816,0.0072,0.0071,184.595933,0.9997,8
236,547014500,50,36.740418311393,127.122924691983,51.616526028141,0.0072,0.0071,28.276766,0.9997,8
237,547014550,50,36.740418297114,127.122924659674,51.613397705369,0.0072,0.0071,241.225989,0.9997,8
238,547014600,50,36.740418311858,127.122924666455,51.617545912042,0.0072,0.0071,20.310025,0.9997,8
239,547014650,50,36.740418313725,127.122924676451,51.615365552716,0.0072,0.0070,20.310025,0.9997,8
240,547014700,50,36.740418321419,127.122924656155,51.614660182036,0.0072,0.0071,295.222068,0.9997,8
241,547014750,50,36.740418309468,127.122924678210,51.616554078646,0.0072,0.0071,123.951761,0.9997,8
242,547014800,50,36.740418306964,127.122924681068,51.618100723252,0.0072,0.0071,137.432107,0.9997,8
243,547014850,50,36.740418307700,127.122924674963,51.614217664115,0.0072,0.0071,278.518978,0.9997,8
244,547014900,50,36.740418293886,127.122924664097,51.616912932135,0.0072,0.0071,212.337128,0.9997,8
245,547014950,50,36.740418320575,127.122924689058,51.618291634135,0.0072,0.0071,36.969565,0.9997,8
246,547015000,50,36.740418296401,127.122924665396,51.611601160839,0.0072,0.0071,218.230261,0.9997,8
247,547015050,50,36.740418323173,127.122924674487,51.621317991987,0.0072,0.0071,15.285335,0.9997,8
248,547015100,50,36.740418291469,127.122924691862,51.615306707099,0.0072,0.0071,156.198634,0.9997,8
249,547015150,50,36.740418299332,127.122924683359,51.617923778482,0.0072,0.0071,318.964779,0.9997,8
250,547015200,50,36.740418310511,127.122924688831,51.615834748372,0.0072,0.0071,21.503227,0.9997,8
251,547015250,50,36.740418297410,127.122924687864,51.615244133398,0.0072,0.0071,183.401859,0.9997,8
252,547015300,50,36.740418303618,127.122924684389,51.615462578833,0.0072,0.0071,335.748054,0.9997,8
253,547015350,50,36.740418291577,127.122924689596,51.613924535923,0.0072,0.0071,160.808371,0.9997,8
254,547015400,50,36.740418303072,127.122924689600,51.614025755785,0.0072,0.0071,0.014379,0.9997,8
255,547015450,50,36.740418288248,127.122924685988,51.618101218715,0.0072,0.0071,191.095123,0.9997,8
256,547015500,50,36.740418280510,127.122924696264,51.611930074170,0.0072,0.0071,133.094561,0.9997,8
257,547015550,50,36.740418296627,127.122924679870,51.617923663929,0.0072,0.0071,320.692480,0.9997,8
258,547015600,50,36.740418291438,127.122924665899,51.615298797376,0.0072,0.0071,245.229079,0.9997,8
259,547015650,50,36.740418297181,127.122924680117,51.612877440639,0.0072,0.0071,63.351651,0.9997,8
260,547015700,50,36.740418292814,127.122924686803,51.614223367535,0.0072,0.0071,129.063282,0.9997,8
261,547015750,50,36.740418286100,127.122924664770,51.617997033522,0.0072,0.0071,249.261228,0.9997,8
262,547015800,50,36.740418295766,127.122924674189,51.613551167771,0.0072,0.0071,38.103988,0.9997,8
263,547015850,50,36.740418292847,127.122924690890,51.618412996642,0.0072,0.0070,38.103988,0.9997,8
264,547015900,50,36.740418304484,127.122924709519,51.614363415167,0.0072,0.0070,52.181590,0.9997,8
265,547015950,50,36.740418289085,127.122924689115,51.619899401441,0.0072,0.0070,226.841636,0.9997,8
266,547016000,50,36.740418288089,127.122924691480,51.619968688115,0.0072,0.0072,117.609479,0.9997,8
267,547016050,50,36.740418279542,127.122924677384,51.614114650525,0.0072,0.0072,233.003777,0.9997,8
268,547016100,50,36.740418294101,127.122924691551,51.617988213897,0.0072,0.0072,38.065337,0.9997,8
269,547016150,50,36.740418293393,127.122924697147,51.617831903510,0.0072,0.0072,98.935608,0.9997,8
270,547016200,50,36.740418294714,127.122924700364,51.618885668926,0.0072,0.0072,62.960170,0.9997,8
271,547016250,50,36.740418295430,127.122924705853,51.620953260921,0.0072,0.0072,80.798356,0.9997,8
272,547016300,50,36.740418284345,127.122924693209,51.614309388213,0.0072,0.0072,222.553404,0.9997,8
273,547016350,50,36.740418273946,127.122924682656,51.613645573147,0.0072,0.0072,219.240881,0.9997,8
274,547016400,50,36.740418300526,127.122924683769,51.619076482952,0.0072,0.0072,1.930694,0.9997,8
275,547016450,50,36.740418302944,127.122924650845,51.618747702800,0.0072,0.0072,275.213970,0.9997,8
276,547016500,50,36.740418309012,127.122924618982,51.618872357532,0.0072,0.0072,283.312431,0.9997,8
277,547016550,50,36.740418323489,127.122924557268,51.618995781057,0.0072,0.0072,286.249920,0.9997,8
278,547016600,50,36.740418358421,127.122924497841,51.620275306515,0.0072,0.0072,306.143098,0.9997,8
279,547016650,50,36.740418365824,127.122924458964,51.614178880118,0.0072,0.0072,283.312336,0.9997,8
280,547016700,50,36.740418410948,127.122924371877,51.618917082436,0.0072,0.0072,302.773602,0.9997,8
281,547016750,50,36.740418443849,127.122924275447,51.612334294245,0.0073,0.0072,292.973597,0.9997,8
282,547016800,50,36.740418476565,127.122924183692,51.614145855419,0.0073,0.0072,293.894678,0.9997,8
283,547016850,50,36.740418532826,127.122924075670,51.610253621824,0.0073,0.0072,302.908494,0.9997,8
284,547016900,50,36.740418606030,127.122923943944,51.608189377934,0.0073,0.0072,304.625153,0.9997,8
285,547016950,50,36.740418667081,127.122923779871,51.602645901963,0.0073,0.0072,294.812672,0.9997,8
286,547017000,50,36.740418726858,127.122923611756,51.599606208503,0.0072,0.0072,294.812672,0.9997,8
287,547017050,50,36.740418815429,127.122923425147,51.607078253292,0.0072,0.0072,300.529445,0.9997,8
288,547017100,50,36.740418885319,127.122923236126,51.612245975062,0.0072,0.0071,294.675050,0.9997,8
289,547017150,50,36.740418960795,127.122922984634,51.619704526849,0.0072,0.0071,290.449956,0.9997,8
290,547017200,50,36.740419051843,127.122922703200,51.617899270728,0.0072,0.0071,291.898675,0.9997,8
291,547017250,50,36.740419184043,127.122922386008,51.611649428494,0.0072,0.0071,297.377678,0.9997,8
292,547017300,50,36.740419295986,127.122922030333,51.612199977040,0.0072,0.0071,291.358612,0.9997,8
293,547017350,50,36.740419426848,127.122921726782,51.611230860464,0.0072,0.0071,298.175679,0.9997,8
294,547017400,50,36.740419558572,127.122921337459,51.606859553605,0.0072,0.0071,292.801586,0.9997,8
295,547017450,50,36.740419700120,127.122920948232,51.608574556187,0.0072,0.0071,294.316008,0.9997,8
296,547017500,50,36.740419845351,127.122920530554,51.610231616534,0.0072,0.0071,293.366102,0.9997,8
297,547017550,50,36.740420038974,127.122920044898,51.606791013852,0.0073,0.0072,296.352366,0.9997,8
298,547017600,50,36.740420212472,127.122919553042,51.606031031348,0.0073,0.0071,293.667079,0.9997,8
299,547017650,50,36.740420442806,127.122919078955,51.617018200457,0.0072,0.0071,293.667079,0.9997,8
300,547017700,50,36.740420626239,127.122918530061,51.616225939244,0.0072,0.0071,292.549722,0.9997,8
301,547017750,50,36.740420874122,127.122917947642,51.611814561300,0.0072,0.0071,297.870937,0.9997,8
302,547017800,50,36.740421135119,127.122917341709,51.624181815423,0.0072,0.0071,298.155458,0.9997,8
303,547017850,50,36.740421346163,127.122916691555,51.620074612089,0.0072,0.0071,291.965557,0.9997,8
304,547017900,50,36.740421574751,127.122915984168,51.611317777075,0.0072,0.0071,291.875899,0.9997,8
305,547017950,50,36.740421898485,127.122915296774,51.607565836050,0.0072,0.0071,300.334961,0.9997,8
306,547018000,50,36.740422155241,127.122914537054,51.617174077779,0.0072,0.0071,292.778515,0.9997,8
307,547018050,50,36.740422438097,127.122913757809,51.615373265930,0.0072,0.0071,294.276141,0.9997,8
308,547018100,50,36.740422788807,127.122912956634,51.610261546448,0.0072,0.0071,298.541851,0.9997,8
309,547018150,50,36.740423115254,127.122912127692,51.614720627666,0.0073,0.0071,296.073237,0.9997,8
310,547018200,50,36.740423437838,127.122911234066,51.614774547517,0.0073,0.0071,294.157447,0.9997,8
311,547018250,50,36.740423782463,127.122910311721,51.619504157454,0.0073,0.0071,294.903146,0.9997,8
312,547018300,50,36.740424162568,127.122909375170,51.627174669877,0.0073,0.0071,296.760947,0.9997,8
313,547018350,50,36.740424510751,127.122908391312,51.615932608023,0.0073,0.0071,293.735992,0.9997,8
314,547018400,50,36.740424865805,127.122907363336,51.612688610330,0.0073,0.0071,293.226774,0.9997,8
315,547018450,50,36.740425293762,127.122906343148,51.613405662589,0.0073,0.0071,297.529361,0.9997,8
316,547018500,50,36.740425674352,127.122905220222,51.620479714125,0.0073,0.0071,292.836982,0.9997,8
317,547018550,50,36.740426096214,127.122904135052,51.617209664546,0.0073,0.0071,295.781851,0.9997,8
318,547018600,50,36.740426517880,127.122903005156,51.611944847740,0.0073,0.0071,294.876808,0.9997,8
319,547018650,50,36.740426961828,127.122901841602,51.621264212765,0.0072,0.0071,294.876803,0.9997,8
320,547018700,50,36.740427425325,127.122900661273,51.617200109176,0.0072,0.0071,296.008467,0.9997,8
321,547018750,50,36.740427887943,127.122899425806,51.615726100281,0.0072,0.0071,294.950481,0.9997,8
322,547018800,50,36.740428390467,127.122898162644,51.614853040315,0.0072,0.0071,296.303566,0.9997,8
323,547018850,50,36.740428848402,127.122896872665,51.612919096835,0.0072,0.0071,293.801523,0.9997,8
324,547018900,50,36.740429385646,127.122895552095,51.613053906709,0.0073,0.0071,296.816039,0.9997,8
325,547018950,50,36.740429901635,127.122894165636,51.611317105591,0.0073,0.0071,294.816628,0.9997,8
326,547019000,50,36.740430389506,127.122892862092,51.620805363171,0.0073,0.0071,294.939750,0.9997,8
327,547019050,50,36.740430932324,127.122891481412,51.620073031634,0.0073,0.0071,296.035370,0.9997,8
328,547019100,50,36.740431485600,127.122890013041,51.619758200832,0.0073,0.0071,295.087752,0.9997,8
329,547019150,50,36.740432053591,127.122888571094,51.611107804812,0.0073,0.0071,296.078581,0.9997,8
330,547019200,50,36.740432593646,127.122887116917,51.625697423704,0.0073,0.0071,294.770804,0.9997,8
331,547019250,50,36.740433197136,127.122885622308,51.622352112085,0.0073,0.0071,296.642846,0.9997,8
332,547019300,50,36.740433769562,127.122884086126,51.619329242967,0.0073,0.0071,294.843969,0.9997,8
333,547019350,50,36.740434335531,127.122882534931,51.618941532448,0.0073,0.0071,294.386814,0.9997,8
334,547019400,50,36.740434970756,127.122880997665,51.616670032963,0.0073,0.0071,297.177207,0.9997,8
335,547019450,50,36.740435532845,127.122879346388,51.614584974013,0.0073,0.0071,292.925777,0.9997,8
336,547019500,50,36.740436164964,127.122877760189,51.621982770041,0.0073,0.0071,296.342591,0.9997,8
337,547019550,50,36.740436763373,127.122876139387,51.619808373973,0.0073,0.0071,294.642905,0.9997,8
338,547019600,50,36.740437424017,127.122874508215,51.612831144594,0.0073,0.0071,296.713022,0.9997,8
339,547019650,50,36.740438097730,127.122872799470,51.616548275575,0.0073,0.0071,296.713009,0.9997,8
340,547019700,50,36.740438727505,127.122871124500,51.621956968680,0.0073,0.0071,295.040791,0.9997,8
341,547019750,50,36.740439396412,127.122869381886,51.616566192359,0.0073,0.0071,295.498398,0.9997,8
342,547019800,50,36.740440058835,127.122867648395,51.617398001254,0.0073,0.0071,295.398550,0.9997,8
343,547019850,50,36.740440749893,127.122865916090,51.621125749312,0.0073,0.0071,296.366119,0.9997,8
344,547019900,50,36.740441436225,127.122864129373,51.615117891692,0.0073,0.0071,295.514497,0.9997,8
345,547019950,50,36.740442112915,127.122862334880,51.612401707098,0.0073,0.0071,295.105078,0.9997,8
346,547020000,50,36.740442794836,127.122860503643,51.622993779369,0.0073,0.0071,294.829529,0.9997,8
347,547020050,50,36.740443556472,127.122858652892,51.619826836511,0.0073,0.0071,297.081948,0.9997,8
348,547020100,50,36.740444240999,127.122856769530,51.613189787604,0.0073,0.0071,294.304118,0.9997,8
349,547020150,50,36.740444983272,127.122854899477,51.618361066096,0.0073,0.0071,296.251835,0.9997,8
350,547020200,50,36.740445720867,127.122852994737,51.612775313668,0.0073,0.0071,295.694657,0.9997,8
351,547020250,50,36.740446478941,127.122851161153,51.615456222557,0.0073,0.0071,297.189664,0.9997,8
352,547020300,50,36.740447198991,127.122849201833,51.615519210696,0.0074,0.0071,294.542553,0.9997,8
353,547020350,50,36.740447951345,127.122847239433,51.626462983899,0.0074,0.0071,295.471270,0.9997,8
354,547020400,50,36.740448707990,127.122845286979,51.610342888162,0.0074,0.0071,295.711652,0.9997,8
355,547020450,50,36.740449478864,127.122843339095,51.617062989622,0.0074,0.0071,296.184442,0.9997,8
356,547020500,50,36.740450230844,127.122841328917,51.616477855481,0.0074,0.0071,294.929311,0.9997,8
357,547020550,50,36.740451030357,127.122839386046,51.613739825785,0.0074,0.0071,297.081013,0.9997,8
358,547020600,50,36.740451778712,127.122837377505,51.615398830734,0.0074,0.0071,294.841465,0.9997,8
359,547020650,50,36.740452557355,127.122835362750,51.620528414845,0.0074,0.0071,295.650059,0.9997,8
360,547020700,50,36.740453330275,127.122833355558,51.621783681214,0.0074,0.0072,295.569300,0.9997,8
361,547020750,50,36.740454141766,127.122831319243,51.606899313629,0.0074,0.0072,296.342477,0.9997,8
362,547020800,50,36.740454928257,127.122829305774,51.618401864544,0.0074,0.0072,295.889348,0.9997,8
363,547020850,50,36.740455714484,127.122827240842,51.608285837807,0.0074,0.0071,295.889329,0.9997,8
364,547020900,50,36.740456527403,127.122825174710,51.608193211257,0.0074,0.0071,296.052429,0.9997,8
365,547020950,50,36.740457364986,127.122823133058,51.609021872282,0.0074,0.0071,297.009655,0.9997,8
366,547021000,50,36.740458177862,127.122821006538,51.610730579123,0.0074,0.0071,295.405788,0.9997,8
367,547021050,50,36.740459015029,127.122818905831,51.616380251944,0.0074,0.0071,296.342856,0.9997,8
368,547021100,50,36.740459832313,127.122816763109,51.613242052495,0.0074,0.0071,295.357362,0.9997,8
369,547021150,50,36.740460695090,127.122814630232,51.610792153515,0.0074,0.0071,296.684690,0.9997,8
370,547021200,50,36.740461527306,127.122812465325,51.606699873693,0.0074,0.0071,295.530843,0.9997,8
371,547021250,50,36.740462385446,127.122810267096,51.612282630987,0.0074,0.0071,295.875703,0.9997,8
372,547021300,50,36.740463234532,127.122808039722,51.612324827351,0.0074,0.0071,295.344671,0.9997,8
373,547021350,50,36.740464118218,127.122805767695,51.609956809320,0.0074,0.0071,295.792848,0.9997,8
374,547021400,50,36.740465045651,127.122803553654,51.613659543917,0.0074,0.0072,297.495737,0.9997,8
375,547021450,50,36.740465909060,127.122801265292,51.609381965362,0.0074,0.0072,295.117454,0.9997,8
376,547021500,50,36.740466844429,127.122798934055,51.611098758876,0.0074,0.0072,296.497954,0.9997,8
377,547021550,50,36.740467769987,127.122796606471,51.612796872854,0.0074,0.0072,296.293175,0.9997,8
378,547021600,50,36.740468691579,127.122794256686,51.608690100722,0.0074,0.0072,295.980781,0.9997,8
379,547021650,50,36.740469680339,127.122791831354,51.615768956020,0.0074,0.0072,296.864416,0.9997,8
380,547021700,50,36.740470609380,127.122789415474,51.617794995196,0.0074,0.0072,295.539210,0.9997,8
381,547021750,50,36.740471603214,127.122786999352,51.617318744771,0.0074,0.0072,297.071059,0.9997,8
382,547021800,50,36.740472582648,127.122784510274,51.605762075633,0.0074,0.0072,296.054942,0.9997,8
383,547021850,50,36.740473571085,127.122782007772,51.619839812629,0.0074,0.0072,296.140304,0.9997,8
384,547021900,50,36.740474561723,127.122779477494,51.616926255636,0.0074,0.0072,295.941125,0.9997,8
385,547021950,50,36.740475568605,127.122776910341,51.616495989263,0.0074,0.0072,295.981616,0.9997,8
386,547022000,50,36.740476604149,127.122774339513,51.613459876738,0.0074,0.0072,296.587586,0.9997,8
387,547022050,50,36.740477643934,127.122771758664,51.617832738906,0.0074,0.0072,296.592092,0.9997,8
388,547022100,50,36.740478702634,127.122769106653,51.626079999842,0.0075,0.0072,296.382323,0.9997,8
389,547022150,50,36.740479775408,127.122766434469,51.620799552649,0.0074,0.0071,296.382299,0.9997,8
390,547022200,50,36.740480820589,127.122763734964,51.624214804731,0.0074,0.0071,295.690820,0.9997,8
391,547022250,50,36.740481911237,127.122761049561,51.618084781803,0.0074,0.0071,296.777045,0.9997,8
392,547022300,50,36.740482993811,127.122758300816,51.617163639516,0.0074,0.0071,296.075050,0.9997,8
393,547022350,50,36.740484144469,127.122755561910,51.624827877618,0.0074,0.0071,297.564557,0.9997,8
394,547022400,50,36.740485221916,127.122752753816,51.610698239878,0.0074,0.0071,295.489204,0.9997,8
395,547022450,50,36.740486364416,127.122749925755,51.616835410707,0.0074,0.0071,296.654802,0.9997,8
396,547022500,50,36.740487498504,127.122747092700,51.629058769904,0.0074,0.0071,296.445090,0.9997,8
397,547022550,50,36.740488631682,127.122744234179,51.623584449291,0.0074,0.0071,296.222950,0.9997,8
398,547022600,50,36.740489814393,127.122741344856,51.620374507271,0.0074,0.0071,296.958302,0.9997,8
399,547022650,50,36.740490951005,127.122738437253,51.616585467942,0.0074,0.0071,296.958274,0.9997,8
400,547022700,50,36.740492144602,127.122735458069,51.615539134480,0.0074,0.0071,296.464456,0.9997,8
401,547022750,50,36.740493312848,127.122732551923,51.611182032153,0.0074,0.0071,296.541204,0.9997,8
402,547022800,50,36.740494526330,127.122729506498,51.618583798409,0.0074,0.0071,296.339674,0.9997,8
403,547022850,50,36.740495726071,127.122726514066,51.614291316830,0.0074,0.0071,296.480410,0.9997,8
404,547022900,50,36.740496955591,127.122723453917,51.616109264083,0.0074,0.0071,296.529403,0.9997,8
405,547022950,50,36.740498202619,127.122720378517,51.614567694254,0.0074,0.0071,296.739893,0.9997,8
406,547023000,50,36.740499462147,127.122717318912,51.614235031419,0.0074,0.0071,297.089637,0.9997,8
407,547023050,50,36.740500692064,127.122714172719,51.615672452375,0.0074,0.0071,295.907058,0.9997,8
408,547023100,50,36.740501972530,127.122711075949,51.611388157122,0.0074,0.0071,297.192288,0.9997,8
409,547023150,50,36.740503254942,127.122707910708,51.614675902762,0.0074,0.0071,296.721169,0.9997,8
410,547023200,50,36.740504536763,127.122704710549,51.617778206244,0.0074,0.0071,296.458970,0.9997,8
411,547023250,50,36.740505851264,127.122701521998,51.613618136384,0.0075,0.0072,297.123102,0.9997,8
412,547023300,50,36.740507202250,127.122698282691,51.619685125537,0.0077,0.0073,297.393335,0.9997,8
413,547023350,50,36.740508517349,127.122695048766,51.622739226557,0.0076,0.0073,296.806450,0.9997,8
414,547023400,50,36.740509886674,127.122691795918,51.619002954103,0.0076,0.0073,297.611867,0.9997,8
415,547023450,50,36.740511185868,127.122688462301,51.620111216791,0.0076,0.0073,295.838090,0.9997,8
416,547023500,50,36.740512553012,127.122685107042,51.615237181075,0.0076,0.0073,296.852140,0.9997,8
417,547023550,50,36.740513931859,127.122681765155,51.617662421428,0.0077,0.0073,297.142195,0.9997,8
418,547023600,50,36.740515337931,127.122678421566,51.614538515918,0.0076,0.0073,297.587619,0.9997,8
419,547023650,50,36.740516694998,127.122674974072,51.615384126082,0.0076,0.0072,297.587585,0.9997,8
420,547023700,50,36.740518092144,127.122671545829,51.619815729558,0.0076,0.0072,296.856459,0.9997,8
421,547023750,50,36.740519536801,127.122668103064,51.617894679308,0.0076,0.0072,297.536860,0.9997,8
422,547023800,50,36.740520972261,127.122664627117,51.617550105788,0.0075,0.0072,297.163280,0.9997,8
423,547023850,50,36.740522418723,127.122661198618,51.613536628895,0.0075,0.0072,297.663924,0.9997,8
424,547023900,50,36.740523831671,127.122657651830,51.615478649735,0.0075,0.0072,296.334728,0.9997,8
425,547023950,50,36.740525317725,127.122654173306,51.613727489486,0.0075,0.0072,297.959921,0.9997,8
426,547024000,50,36.740526795549,127.122650587200,51.612653183751,0.0075,0.0072,297.114113,0.9997,8
427,547024050,50,36.740528254816,127.122646976300,51.611599026248,0.0075,0.0072,296.662844,0.9997,8
428,547024100,50,36.740529750103,127.122643370969,51.611493368633,0.0075,0.0072,297.263160,0.9997,8
429,547024150,50,36.740531262300,127.122639753896,51.614037808962,0.0075,0.0072,297.450110,0.9997,8
430,547024200,50,36.740532792068,127.122636071305,51.616267476231,0.0075,0.0072,297.300400,0.9997,8
431,547024250,50,36.740534313191,127.122632435477,51.611983148381,0.0075,0.0072,297.466829,0.9997,8
432,547024300,50,36.740535886595,127.122628731178,51.618427023292,0.0075,0.0071,297.823275,0.9997,8
433,547024350,50,36.740537404528,127.122624972156,51.615756492130,0.0075,0.0071,296.644788,0.9997,8
434,547024400,50,36.740539001592,127.122621226906,51.612813905813,0.0075,0.0072,297.916363,0.9997,8
435,547024450,50,36.740540543717,127.122617481446,51.615228917450,0.0075,0.0071,297.093524,0.9997,8
436,547024500,50,36.740542123904,127.122613664745,51.612225509249,0.0075,0.0071,297.222425,0.9997,8
437,547024550,50,36.740543746272,127.122609858081,51.615989599377,0.0075,0.0071,297.903453,0.9997,8
438,547024600,50,36.740545368819,127.122606022843,51.621632608585,0.0075,0.0071,297.729216,0.9997,8
439,547024650,50,36.740546980274,127.122602134006,51.618419884704,0.0074,0.0071,297.729176,0.9997,8
440,547024700,50,36.740548605027,127.122598288857,51.615651120432,0.0074,0.0071,297.700363,0.9997,8
441,547024750,50,36.740550266870,127.122594411519,51.619973636232,0.0074,0.0071,298.037383,0.9997,8
442,547024800,50,36.740551901040,127.122590507023,51.611307815649,0.0074,0.0071,297.476082,0.9997,8
443,547024850,50,36.740553544167,127.122586605150,51.617138477974,0.0074,0.0071,297.620292,0.9997,8
444,547024900,50,36.740555185791,127.122582668618,51.611582924612,0.0074,0.0071,297.391248,0.9997,8
445,547024950,50,36.740556844464,127.122578718605,51.618364341557,0.0074,0.0071,297.553387,0.9997,8
446,547025000,50,36.740558522776,127.122574757036,51.615220461972,0.0074,0.0071,297.761848,0.9997,8
447,547025050,50,36.740560204327,127.122570786003,51.613451474346,0.0074,0.0071,297.751033,0.9997,8
448,547025100,50,36.740561873596,127.122566805971,51.614981242456,0.0074,0.0071,297.525118,0.9997,8
449,547025150,50,36.740563594682,127.122562877615,51.620163909160,0.0074,0.0071,298.562521,0.9997,8
450,547025200,50,36.740565274039,127.122558883615,51.614509037696,0.0074,0.0071,297.584391,0.9997,8
451,547025250,50,36.740566959845,127.122554853454,51.616545584984,0.0074,0.0071,297.462758,0.9997,8
452,547025300,50,36.740568671783,127.122550838775,51.606690043584,0.0074,0.0071,297.916130,0.9997,8
453,547025350,50,36.740570416494,127.122546828771,51.611423232593,0.0074,0.0071,298.395921,0.9997,8
454,547025400,50,36.740572109994,127.122542817918,51.612810377963,0.0074,0.0071,297.682712,0.9997,8
455,547025450,50,36.740573877010,127.122538721282,51.614508099854,0.0074,0.0071,298.188582,0.9997,8
456,547025500,50,36.740575605958,127.122534658264,51.615154630505,0.0074,0.0071,297.866837,0.9997,8
457,547025550,50,36.740577322013,127.122530569943,51.612901553512,0.0074,0.0071,297.543891,0.9997,8
458,547025600,50,36.740579126521,127.122526492143,51.609941197559,0.0074,0.0071,298.803698,0.9997,8
459,547025650,50,36.740580880058,127.122522392524,51.609054364264,0.0074,0.0071,297.989031,0.9997,8
460,547025700,50,36.740582632767,127.122518295149,51.609276991338,0.0074,0.0071,297.990831,0.9997,8
461,547025750,50,36.740584412697,127.122514200803,51.614614871331,0.0074,0.0071,298.376048,0.9997,8
462,547025800,50,36.740586190306,127.122510037352,51.613304498605,0.0074,0.0071,297.945956,0.9997,8
463,547025850,50,36.740587943183,127.122505891474,51.607467467897,0.0073,0.0071,297.945911,0.9997,8
464,547025900,50,36.740589732561,127.122501778106,51.607483023778,0.0073,0.0071,298.391817,0.9997,8
465,547025950,50,36.740591518481,127.122497658880,51.609086768702,0.0073,0.0071,298.311419,0.9997,8
466,547026000,50,36.740593327551,127.122493518008,51.615399264731,0.0073,0.0071,298.494536,0.9997,8
467,547026050,50,36.740595092453,127.122489382385,51.608448228799,0.0073,0.0071,297.934826,0.9997,8
468,547026100,50,36.740596881881,127.122485268050,51.607103147544,0.0073,0.0071,298.386857,0.9997,8
469,547026150,50,36.740598664924,127.122481088177,51.612458212301,0.0073,0.0071,297.924953,0.9997,8
470,547026200,50,36.740600491946,127.122476940867,51.611269323155,0.0073,0.0071,298.694891,0.9997,8
471,547026250,50,36.740602284433,127.122472786612,51.608141153120,0.0073,0.0071,298.196810,0.9997,8
472,547026300,50,36.740604100034,127.122468630848,51.605627357028,0.0073,0.0071,298.494878,0.9997,8
473,547026350,50,36.740605941793,127.122464507227,51.610197751783,0.0073,0.0071,299.028236,0.9997,8
474,547026400,50,36.740607740826,127.122460331555,51.611885684542,0.0073,0.0071,298.161119,0.9997,8
475,547026450,50,36.740609550467,127.122456186249,51.612202480435,0.0073,0.0071,298.476428,0.9997,8
476,547026500,50,36.740611381584,127.122452036487,51.613535273820,0.0073,0.0071,298.734691,0.9997,8
477,547026550,50,36.740613184627,127.122447863074,51.614532386884,0.0073,0.0071,298.227169,0.9997,8
478,547026600,50,36.740615020390,127.122443717606,51.615702783689,0.0073,0.0071,298.820986,0.9997,8
479,547026650,50,36.740616882800,127.122439534268,51.611811918207,0.0073,0.0071,298.949855,0.9997,8
480,547026700,50,36.740618684999,127.122435384292,51.608016392216,0.0073,0.0071,298.350625,0.9997,8
481,547026750,50,36.740620533447,127.122431213220,51.615657833405,0.0073,0.0071,298.838638,0.9997,8
482,547026800,50,36.740622378393,127.122427047614,51.614732591435,0.0073,0.0071,298.824474,0.9997,8
483,547026850,50,36.740624229411,127.122422874544,51.619609707035,0.0073,0.0071,298.860694,0.9997,8
484,547026900,50,36.740626082362,127.122418686454,51.614078852348,0.0073,0.0071,298.798997,0.9997,8
485,547026950,50,36.740627914909,127.122414470510,51.613376903348,0.0074,0.0071,298.372880,0.9997,8
486,547027000,50,36.740629747968,127.122410320502,51.619870852679,0.0073,0.0071,298.372832,0.9997,8
487,547027050,50,36.740631578630,127.122406124651,51.619120679796,0.0073,0.0071,298.462722,0.9997,8
488,547027100,50,36.740633472608,127.122401943988,51.622423705645,0.0073,0.0071,299.375200,0.9997,8
489,547027150,50,36.740635343137,127.122397740494,51.617288185284,0.0073,0.0071,298.938753,0.9997,8
490,547027200,50,36.740637185165,127.122393523733,51.617689950392,0.0073,0.0071,298.491997,0.9997,8
491,547027250,50,36.740639068243,127.122389335778,51.623598657548,0.0073,0.0071,299.191533,0.9997,8
492,547027300,50,36.740640950761,127.122385153834,51.616207639687,0.0073,0.0071,299.219335,0.9997,8
493,547027350,50,36.740642823356,127.122380988935,51.619823420420,0.0073,0.0071,299.190020,0.9997,8
494,547027400,50,36.740644729989,127.122376827135,51.621741775423,0.0073,0.0071,299.649878,0.9997,8
495,547027450,50,36.740646618599,127.122372632140,51.623045499437,0.0073,0.0071,299.222149,0.9997,8
496,547027500,50,36.740648509425,127.122368437121,51.618871926330,0.0073,0.0071,299.250636,0.9997,8
497,547027550,50,36.740650347233,127.122364216956,51.616676531732,0.0073,0.0071,298.417598,0.9997,8
498,547027600,50,36.740652256046,127.122360052272,51.619988851249,0.0073,0.0071,299.660981,0.9997,8
499,547027650,50,36.740654153053,127.122355885957,51.620632982813,0.0073,0.0070,299.660931,0.9997,8
500,547027700,50,36.740656016569,127.122351692387,51.621038904414,0.0073,0.0070,298.904965,0.9997,8
501,547027750,50,36.740657927001,127.122347498963,51.624728037976,0.0073,0.0070,299.512610,0.9997,8
502,547027800,50,36.740659826893,127.122343344144,51.624609134160,0.0073,0.0070,299.603969,0.9997,8
503,547027850,50,36.740661727832,127.122339123925,51.618753964081,0.0073,0.0070,299.234629,0.9997,8
504,547027900,50,36.740663633568,127.122334959833,51.624151445925,0.0073,0.0070,299.624702,0.9997,8
505,547027950,50,36.740665536387,127.122330785666,51.616664317437,0.0073,0.0070,299.527586,0.9997,8
506,547028000,50,36.740667418000,127.122326599631,51.617924889550,0.0073,0.0070,299.183741,0.9997,8
507,547028050,50,36.740669354812,127.122322443955,51.624468453228,0.0073,0.0070,300.074827,0.9997,8
508,547028100,50,36.740671233088,127.122318231461,51.611461022869,0.0073,0.0070,298.987175,0.9997,8
509,547028150,50,36.740673148666,127.122314087095,51.622512272559,0.0073,0.0070,299.869055,0.9997,8
510,547028200,50,36.740675054848,127.122309916839,51.617409308441,0.0073,0.0070,299.594088,0.9997,8
511,547028250,50,36.740676963079,127.122305739644,51.622007125989,0.0073,0.0071,299.579603,0.9997,8
512,547028300,50,36.740678846975,127.122301512931,51.622422942892,0.0073,0.0071,298.977910,0.9997,8
513,547028350,50,36.740680775702,127.122297348288,51.615975583903,0.0073,0.0071,299.917595,0.9997,8
514,547028400,50,36.740682696258,127.122293201437,51.622490369715,0.0073,0.0071,299.918483,0.9997,8
515,547028450,50,36.740684609977,127.122289032737,51.626646637917,0.0073,0.0071,299.700484,0.9997,8
516,547028500,50,36.740686513942,127.122284863380,51.616785937920,0.0073,0.0071,299.570789,0.9997,8
517,547028550,50,36.740688461718,127.122280729096,51.617949656211,0.0073,0.0071,300.344059,0.9997,8
518,547028600,50,36.740690400923,127.122276605840,51.625330455601,0.0073,0.0071,300.300645,0.9997,8
519,547028650,50,36.740692292205,127.122272469282,51.619784926064,0.0072,0.0070,300.300595,0.9997,8
520,547028700,50,36.740694178964,127.122268304042,51.625321164727,0.0072,0.0070,299.372185,0.9997,8
521,547028750,50,36.740696132849,127.122264180473,51.624466513284,0.0072,0.0070,300.487288,0.9997,8
522,547028800,50,36.740698090709,127.122260030446,51.619749113917,0.0072,0.0070,300.378096,0.9997,8
523,547028850,50,36.740699986382,127.122255889106,51.617788009346,0.0073,0.0070,299.629254,0.9997,8
524,547028900,50,36.740701912603,127.122251782104,51.620182970539,0.0073,0.0070,300.231576,0.9997,8
525,547028950,50,36.740703827735,127.122247664222,51.623716328293,0.0072,0.0070,300.022176,0.9997,8
526,547029000,50,36.740705786390,127.122243578629,51.625979023986,0.0072,0.0070,300.780965,0.9997,8
527,547029050,50,36.740707663702,127.122239459137,51.617236959748,0.0073,0.0070,299.519985,0.9997,8
528,547029100,50,36.740709554087,127.122235347849,51.624474725686,0.0073,0.0070,299.739949,0.9997,8
529,547029150,50,36.740711496648,127.122231286515,51.625295900740,0.0073,0.0070,300.723188,0.9997,8
530,547029200,50,36.740713433744,127.122227214060,51.625076506287,0.0073,0.0070,300.583663,0.9997,8
531,547029250,50,36.740715360673,127.122223151151,51.618465172127,0.0073,0.0070,300.510558,0.9997,8
532,547029300,50,36.740717273329,127.122219055823,51.624790857546,0.0073,0.0070,300.126514,0.9997,8
533,547029350,50,36.740719203442,127.122214987457,51.622818906792,0.0073,0.0070,300.518302,0.9997,8
534,547029400,50,36.740721099108,127.122210896072,51.621269779280,0.0073,0.0070,299.928938,0.9997,8
535,547029450,50,36.740723014555,127.122206875603,51.635604390875,0.0073,0.0071,300.624075,0.9997,8
536,547029500,50,36.740724951114,127.122202807061,51.628722917289,0.0073,0.0071,300.600852,0.9997,8
537,547029550,50,36.740726855408,127.122198783814,51.625888513401,0.0073,0.0071,300.460334,0.9997,8
538,547029600,50,36.740728818914,127.122194740245,51.630915292539,0.0073,0.0071,301.104747,0.9997,8
539,547029650,50,36.740730746004,127.122190718425,51.630761622451,0.0072,0.0070,301.104697,0.9997,8
540,547029700,50,36.740732661342,127.122186674842,51.632914715447,0.0072,0.0070,300.478828,0.9997,8
541,547029750,50,36.740734601028,127.122182631084,51.635782849975,0.0072,0.0070,300.795095,0.9997,8
542,547029800,50,36.740736542321,127.122178656103,51.632771693170,0.0072,0.0070,301.250131,0.9997,8
543,547029850,50,36.740738467122,127.122174620896,51.635622642934,0.0072,0.0070,300.654511,0.9997,8
544,547029900,50,36.740740435099,127.122170654914,51.631076233461,0.0072,0.0070,301.656132,0.9997,8
545,547029950,50,36.740742334337,127.122166619075,51.630520973355,0.0073,0.0070,300.315697,0.9997,8
546,547030000,50,36.740744246578,127.122162603829,51.631540634669,0.0073,0.0070,300.614630,0.9997,8
547,547030050,50,36.740746187404,127.122158649012,51.642246000469,0.0073,0.0070,301.373408,0.9997,8
548,547030100,50,36.740748138000,127.122154678255,51.642194662243,0.0073,0.0070,301.398861,0.9997,8
549,547030150,50,36.740750015286,127.122150721005,51.634337123483,0.0073,0.0070,300.516807,0.9997,8
550,547030200,50,36.740751963948,127.122146750527,51.639326540753,0.0073,0.0070,301.375383,0.9997,8
551,547030250,50,36.740753894891,127.122142757139,51.634840569459,0.0073,0.0070,300.997507,0.9997,8
552,547030300,50,36.740755805501,127.122138790750,51.635828981176,0.0073,0.0070,300.901431,0.9997,8
553,547030350,50,36.740757682321,127.122134837488,51.638276088051,0.0073,0.0070,300.535886,0.9997,8
554,547030400,50,36.740759652360,127.122130880772,51.638656146824,0.0073,0.0070,301.742895,0.9997,8
555,547030450,50,36.740761540394,127.122126925308,51.637603317387,0.0073,0.0070,300.671466,0.9997,8
556,547030500,50,36.740763483656,127.122123035564,51.637653327547,0.0073,0.0070,301.829758,0.9997,8
557,547030550,50,36.740765361227,127.122119086380,51.635965444148,0.0073,0.0070,300.571813,0.9997,8
558,547030600,50,36.740767267078,127.122115150605,51.632141255774,0.0073,0.0070,301.034281,0.9997,8
559,547030650,50,36.740769159540,127.122111252208,51.638640835881,0.0073,0.0070,301.097395,0.9997,8
560,547030700,50,36.740771126086,127.122107317441,51.640711456537,0.0073,0.0070,301.840106,0.9997,8
561,547030750,50,36.740773009440,127.122103402863,51.633385569789,0.0073,0.0071,300.870667,0.9997,8
562,547030800,50,36.740774929389,127.122099516659,51.640388842672,0.0072,0.0070,300.870618,0.9997,8
563,547030850,50,36.740776864179,127.122095576353,51.637854717672,0.0072,0.0070,301.387701,0.9997,8
564,547030900,50,36.740778767629,127.122091684617,51.642891000025,0.0072,0.0070,301.287734,0.9997,8
565,547030950,50,36.740780673875,127.122087793405,51.644923590124,0.0072,0.0070,301.328510,0.9997,8
566,547031000,50,36.740782600213,127.122083923637,51.639381864108,0.0073,0.0070,301.737425,0.9997,8
567,547031050,50,36.740784528099,127.122080078752,51.640972602181,0.0073,0.0070,301.923665,0.9997,8
568,547031100,50,36.740786434705,127.122076205761,51.643308521248,0.0073,0.0070,301.452898,0.9997,8
569,547031150,50,36.740788335971,127.122072338172,51.642576154321,0.0073,0.0070,301.416984,0.9997,8
570,547031200,50,36.740790242993,127.122068476376,51.645325266756,0.0073,0.0070,301.532343,0.9997,8
571,547031250,50,36.740792179546,127.122064604599,51.642905223183,0.0073,0.0070,301.859834,0.9997,8
572,547031300,50,36.740794078312,127.122060754528,51.642086509615,0.0073,0.0070,301.499217,0.9997,8
573,547031350,50,36.740795981608,127.122056927306,51.640281695873,0.0073,0.0070,301.712374,0.9997,8
574,547031400,50,36.740797902207,127.122053084305,51.646701444872,0.0073,0.0070,301.838979,0.9997,8
575,547031450,50,36.740799815825,127.122049217945,51.646394643933,0.0073,0.0070,301.590419,0.9997,8
576,547031500,50,36.740801746585,127.122045435483,51.655052305199,0.0073,0.0070,302.384711,0.9997,8
577,547031550,50,36.740803625834,127.122041616606,51.646005424671,0.0073,0.0070,301.443187,0.9997,8
578,547031600,50,36.740805543128,127.122037791319,51.646302090026,0.0073,0.0070,301.913450,0.9997,8
579,547031650,50,36.740807424573,127.122033942192,51.646185345948,0.0073,0.0070,301.272038,0.9997,8
580,547031700,50,36.740809371213,127.122030158947,51.651591286063,0.0073,0.0070,302.591988,0.9997,8
581,547031750,50,36.740811275100,127.122026375539,51.649887709878,0.0073,0.0070,302.016161,0.9997,8
582,547031800,50,36.740813186737,127.122022607019,51.648734618910,0.0073,0.0070,302.222688,0.9997,8
583,547031850,50,36.740815119056,127.122018796492,51.653033444658,0.0073,0.0070,302.214325,0.9997,8
584,547031900,50,36.740817029314,127.122015038935,51.643662307411,0.0073,0.0070,302.279373,0.9997,8
585,547031950,50,36.740818934545,127.122011247044,51.644075511023,0.0073,0.0070,301.976677,0.9997,8
586,547032000,50,36.740820849774,127.122007484695,51.649426815100,0.0073,0.0071,302.313651,0.9997,8
587,547032050,50,36.740822762061,127.122003723388,51.649555506185,0.0073,0.0071,302.281039,0.9997,8
588,547032100,50,36.740824668446,127.121999992789,51.650075331330,0.0073,0.0071,302.413308,0.9997,8
589,547032150,50,36.740826550470,127.121996249612,51.645109105855,0.0072,0.0070,302.413261,0.9997,8
590,547032200,50,36.740828480256,127.121992487072,51.655171381310,0.0072,0.0070,302.508612,0.9997,8
591,547032250,50,36.740830376343,127.121988772481,51.653079956770,0.0072,0.0070,302.384325,0.9997,8
592,547032300,50,36.740832286019,127.121985041714,51.646929177456,0.0072,0.0070,302.456834,0.9997,8
593,547032350,50,36.740834209047,127.121981273422,51.650820283219,0.0072,0.0070,302.377997,0.9997,8
594,547032400,50,36.740836108322,127.121977526980,51.654212608933,0.0072,0.0070,302.206869,0.9997,8
595,547032450,50,36.740838019178,127.121973789824,51.652771505527,0.0072,0.0070,302.428482,0.9997,8
596,547032500,50,36.740839938679,127.121970053766,51.652906007133,0.0072,0.0070,302.553287,0.9997,8
597,547032550,50,36.740841862736,127.121966324997,51.654112388380,0.0072,0.0070,302.665765,0.9997,8
598,547032600,50,36.740843780436,127.121962623516,51.657319127582,0.0072,0.0070,302.770898,1.0090,8
599,547032650,50,36.740845681728,127.121958894580,51.655073340051,0.0072,0.0070,302.770852,1.0090,8
600,547032700,50,36.740847589524,127.121955187959,51.658154248260,0.0072,0.0070,302.599882,1.0090,8
601,547032750,50,36.740849526185,127.121951475198,51.658613413572,0.0072,0.0070,302.948344,1.0090,8
602,547032800,50,36.740851432012,127.121947803577,51.659350206144,0.0072,0.0070,302.820150,1.0090,8
603,547032850,50,36.740853323125,127.121944085836,51.661187537946,0.0072,0.0070,302.294349,1.0090,8
604,547032900,50,36.740855239649,127.121940386661,51.658735629171,0.0072,0.0070,302.771130,1.0090,8
605,547032950,50,36.740857176338,127.121936682554,51.661546895280,0.0072,0.0070,303.009783,1.0090,8
606,547033000,50,36.740859079959,127.121932986760,51.659463033080,0.0072,0.0070,302.619008,1.0090,8
607,547033050,50,36.740861022809,127.121929274176,51.657439213246,0.0072,0.0070,303.033099,1.0090,8
608,547033100,50,36.740862946398,127.121925612349,51.659687459469,0.0072,0.0070,303.132735,1.0090,8
609,547033150,50,36.740864863509,127.121921915675,51.659495336004,0.0072,0.0070,302.796779,1.0090,8
610,547033200,50,36.740866776094,127.121918222987,51.662235992029,0.0072,0.0070,302.763269,1.0090,8
611,547033250,50,36.740868657655,127.121914541177,51.656870626844,0.0072,0.0070,302.414754,1.0090,8
612,547033300,50,36.740870608462,127.121910860883,51.667114941403,0.0072,0.0070,303.369737,1.0090,8
613,547033350,50,36.740872521059,127.121907184230,51.662578981370,0.0072,0.0070,302.877017,1.0090,8
614,547033400,50,36.740874445516,127.121903468738,51.658931802958,0.0072,0.0070,302.764097,1.0090,8
615,547033450,50,36.740876358492,127.121899791186,51.666958466172,0.0072,0.0070,302.875800,1.0090,8
616,547033500,50,36.740878316372,127.121896109294,51.669033248909,0.0072,0.0070,303.453628,1.0090,8
617,547033550,50,36.740880235181,127.121892431573,51.669140329584,0.0072,0.0070,302.954184,1.0090,8
618,547033600,50,36.740882130049,127.121888743974,51.666154154576,0.0072,0.0070,302.556939,1.0090,8
619,547033650,50,36.740884038600,127.121885032797,51.663381840102,0.0072,0.0070,302.556895,1.0090,8
620,547033700,50,36.740886009065,127.121881368136,51.668296379969,0.0072,0.0070,303.746692,1.0090,8
621,547033750,50,36.740887926592,127.121877693518,51.662225365639,0.0072,0.0070,302.958744,1.0090,8
622,547033800,50,36.740889898651,127.121874013089,51.670409736224,0.0072,0.0070,303.654526,1.0090,8
623,547033850,50,36.740891835451,127.121870326312,51.667886179872,0.0072,0.0070,303.134152,1.0090,8
624,547033900,50,36.740893757417,127.121866633702,51.667588206939,0.0072,0.0070,302.891523,1.0090,8
625,547033950,50,36.740895736389,127.121862941996,51.668892213143,0.0072,0.0070,303.666153,1.0090,8
626,547034000,50,36.740897659736,127.121859241559,51.674366287887,0.0072,0.0070,302.854988,1.0090,8
627,547034050,50,36.740899608745,127.121855594012,51.668235957623,0.0072,0.0070,303.581034,1.0090,8
628,547034100,50,36.740901559253,127.121851901136,51.670718880370,0.0072,0.0070,303.275930,1.0090,8
629,547034150,50,36.740903530842,127.121848222724,51.671601451933,0.0072,0.0070,303.662731,1.0090,8
630,547034200,50,36.740905524038,127.121844523200,51.668948284350,0.0072,0.0070,303.799708,1.0090,8
631,547034250,50,36.740907494392,127.121840807993,51.671701737680,0.0072,0.0070,303.383641,1.0090,8
632,547034300,50,36.740909451420,127.121837061325,51.674202159047,0.0072,0.0070,302.984245,1.0090,8
633,547034350,50,36.740911477934,127.121833341411,51.677657331340,0.0072,0.0070,304.093815,1.0090,8
634,547034400,50,36.740913469137,127.121829599375,51.679108720273,0.0072,0.0070,303.471388,1.0090,8
635,547034450,50,36.740915478213,127.121825892624,51.679373936728,0.0072,0.0070,303.958393,1.0090,8
636,547034500,50,36.740917515804,127.121822181556,51.681556921452,0.0072,0.0070,304.302441,1.0090,8
637,547034550,50,36.740919518834,127.121818439136,51.679330111481,0.0072,0.0070,303.624961,1.0090,8
638,547034600,50,36.740921568238,127.121814688636,51.682539602742,0.0072,0.0070,304.174834,1.0090,8
639,547034650,50,36.740923569388,127.121810953720,51.680091049522,0.0072,0.0070,304.174790,1.0090,8
640,547034700,50,36.740925612525,127.121807206043,51.683643049560,0.0072,0.0069,304.113319,1.0090,8
641,547034750,50,36.740927589268,127.121803429635,51.684250947088,0.0072,0.0070,303.039635,1.0090,8
642,547034800,50,36.740929550261,127.121799587348,51.680853261612,0.0072,0.0070,302.380697,1.0090,8
643,547034850,50,36.740931459008,127.121795677816,51.681521288119,0.0072,0.0070,301.242453,1.0090,8
644,547034900,50,36.740933369482,127.121791799067,51.680600632913,0.0072,0.0070,301.466741,1.0090,8
645,547034950,50,36.740935307973,127.121787922513,51.685486983508,0.0072,0.0070,301.853881,1.0090,8
646,547035000,50,36.740937310522,127.121784106848,51.685023694299,0.0072,0.0070,303.108529,1.0090,8
647,547035050,50,36.740939438170,127.121780336644,51.691008038819,0.0072,0.0070,305.037938,1.0090,8
648,547035100,50,36.740941544253,127.121776571877,51.688930356875,0.0072,0.0070,304.802788,1.0090,8
649,547035150,50,36.740943699346,127.121772843474,51.687056447379,0.0072,0.0070,305.686016,1.0090,8
650,547035200,50,36.740945885827,127.121769088276,51.690695957281,0.0072,0.0070,305.884371,1.0090,8
651,547035250,50,36.740948046312,127.121765344670,51.683882527053,0.0072,0.0070,305.643399,1.0090,8
652,547035300,50,36.740950157116,127.121761552722,51.685551176779,0.0072,0.0070,304.669869,1.0090,8
653,547035350,50,36.740952198379,127.121757684550,51.691615853459,0.0072,0.0070,303.252387,1.0090,8
654,547035400,50,36.740954222951,127.121753756910,51.690172103234,0.0072,0.0070,302.638753,1.0090,8
655,547035450,50,36.740956147022,127.121749830450,51.691092463210,0.0073,0.0070,301.335958,1.0090,8
656,547035500,50,36.740958109283,127.121745833674,51.695062524639,0.0073,0.0070,301.384453,1.0090,8
657,547035550,50,36.740960086382,127.121741883780,51.688746226020,0.0073,0.0070,301.879066,1.0090,8
658,547035600,50,36.740962104843,127.121737982238,51.688949444331,0.0073,0.0070,302.733670,1.0090,8
659,547035650,50,36.740964204183,127.121734073591,51.689407735132,0.0073,0.0071,303.717598,1.0090,8
660,547035700,50,36.740966383848,127.121730268856,51.695388974622,0.0073,0.0071,305.443995,1.0090,8
661,547035750,50,36.740968589766,127.121726498720,51.690265445039,0.0073,0.0071,306.017298,1.0090,8
662,547035800,50,36.740970841073,127.121722781682,51.692345236428,0.0073,0.0071,306.963726,1.0090,8
663,547035850,50,36.740973055119,127.121718992179,51.693334515207,0.0072,0.0070,306.963681,1.0090,8
664,547035900,50,36.740975249507,127.121715148797,51.689508641139,0.0072,0.0070,305.352669,1.0090,8
665,547035950,50,36.740977388634,127.121711251550,51.695647581480,0.0072,0.0070,304.293881,1.0090,8
666,547036000,50,36.740979468027,127.121707324451,51.699117943645,0.0073,0.0070,303.341455,1.0090,8
667,547036050,50,36.740981498887,127.121703347018,51.699709784240,0.0073,0.0070,302.392131,1.0090,8
668,547036100,50,36.740983516723,127.121699326709,51.699034535326,0.0073,0.0070,301.949106,1.0090,8
669,547036150,50,36.740985512762,127.121695308840,51.698668763973,0.0073,0.0070,301.685918,1.0090,8
670,547036200,50,36.740987554323,127.121691341478,51.697184538469,0.0073,0.0070,302.594390,1.0090,8
671,547036250,50,36.740989683337,127.121687362507,51.694667545147,0.0073,0.0070,303.617233,1.0090,8
672,547036300,50,36.740991855432,127.121683518650,51.698797236197,0.0073,0.0070,305.073739,1.0090,8
673,547036350,50,36.740994087242,127.121679672349,51.692808650434,0.0073,0.0070,305.790549,1.0090,8
674,547036400,50,36.740996387764,127.121675902127,51.702417814173,0.0073,0.0071,307.168136,1.0090,8
675,547036450,50,36.740998673613,127.121672061756,51.702188305557,0.0073,0.0071,306.485495,1.0090,8
676,547036500,50,36.741000957813,127.121668216366,51.704220060259,0.0073,0.0071,306.429961,1.0090,8
677,547036550,50,36.741003187045,127.121664384932,51.704974453896,0.0073,0.0071,305.864437,1.0090,8
678,547036600,50,36.741005346866,127.121660482410,51.706587679684,0.0073,0.0071,304.514946,1.0090,8
679,547036650,50,36.741007405965,127.121656462948,51.701638302766,0.0073,0.0071,302.477691,1.0090,8
680,547036700,50,36.741009492531,127.121652470839,51.707959393971,0.0073,0.0071,303.001031,1.0090,8
681,547036750,50,36.741011510638,127.121648454046,51.705635522492,0.0074,0.0071,301.975116,1.0090,8
682,547036800,50,36.741013576548,127.121644463891,51.706438770518,0.0074,0.0071,302.753966,1.0090,8
683,547036850,50,36.741015681942,127.121640450156,51.703334347345,0.0074,0.0071,303.094812,1.0090,8
684,547036900,50,36.741017885709,127.121636553887,51.706548881717,0.0074,0.0071,305.098919,1.0090,8
685,547036950,50,36.741020121854,127.121632672466,51.712896062061,0.0074,0.0071,305.596500,1.0090,8
686,547037000,50,36.741022432581,127.121628904102,51.712329900824,0.0074,0.0071,307.303952,1.0090,8
687,547037050,50,36.741024756867,127.121625124776,51.709673106670,0.0073,0.0070,307.303906,1.0090,8
688,547037100,50,36.741027086205,127.121621300274,51.703272766434,0.0073,0.0071,307.117216,1.0090,8
689,547037150,50,36.741029356024,127.121617478911,51.707978865132,0.0073,0.0071,306.428655,1.0090,8
690,547037200,50,36.741031582977,127.121613580166,51.705827346072,0.0073,0.0071,305.364309,1.0090,8
691,547037250,50,36.741033763118,127.121609690970,51.707286642864,0.0073,0.0071,304.857713,1.0090,8
692,547037300,50,36.741035837340,127.121605691592,51.707383253612,0.0073,0.0071,302.798448,1.0090,8
693,547037350,50,36.741037913559,127.121601674642,51.719402187504,0.0073,0.0071,302.709249,1.0090,8
694,547037400,50,36.741039956966,127.121597641595,51.711545010097,0.0073,0.0071,302.192226,1.0090,8
695,547037450,50,36.741042053246,127.121593637904,51.711069685407,0.0073,0.0071,303.046796,1.0090,8
696,547037500,50,36.741044254557,127.121589753301,51.713111729361,0.0073,0.0071,305.149697,1.0090,8
697,547037550,50,36.741046479902,127.121585873231,51.712858062238,0.0073,0.0071,305.474721,1.0090,8
698,547037600,50,36.741048759988,127.121582062779,51.715300789103,0.0074,0.0071,306.630707,1.0090,8
699,547037650,50,36.741051111701,127.121578246214,51.717683196068,0.0073,0.0070,306.630660,1.0090,8
700,547037700,50,36.741053450051,127.121574461230,51.715856796131,0.0073,0.0070,307.510768,1.0090,8
701,547037750,50,36.741055808344,127.121570680157,51.725381003693,0.0073,0.0070,307.774743,1.0090,8
702,547037800,50,36.741058095173,127.121566832035,51.719607192092,0.0073,0.0071,306.442006,1.0090,8
703,547037850,50,36.741060324999,127.121562894141,51.719569736160,0.0073,0.0071,305.129315,1.0090,8
704,547037900,50,36.741062486253,127.121558968763,51.715785818174,0.0073,0.0071,304.376603,1.0090,8
705,547037950,50,36.741064588523,127.121555021023,51.731827385724,0.0073,0.0071,303.491589,1.0090,8
706,547038000,50,36.741066682201,127.121551007464,51.721533571370,0.0073,0.0071,302.949856,1.0090,8
707,547038050,50,36.741068791528,127.121547023362,51.726522466168,0.0073,0.0071,303.338381,1.0090,8
708,547038100,50,36.741070944634,127.121543087445,51.720097838901,0.0073,0.0071,304.204366,1.0090,8
709,547038150,50,36.741073146624,127.121539187188,51.726714381017,0.0073,0.0071,305.049607,1.0090,8
710,547038200,50,36.741075446438,127.121535377240,51.729247822426,0.0073,0.0071,306.870978,1.0090,8
711,547038250,50,36.741077763960,127.121531599794,51.729445245117,0.0073,0.0071,307.318562,1.0090,8
712,547038300,50,36.741080131311,127.121527861529,51.733809654601,0.0073,0.0071,308.197781,1.0090,8
713,547038350,50,36.741082485867,127.121524107152,51.735540659167,0.0073,0.0071,307.927449,1.0090,8
714,547038400,50,36.741084838986,127.121520335674,51.737464936450,0.0073,0.0071,307.784346,1.0090,8
715,547038450,50,36.741087119205,127.121516528833,51.737539175898,0.0073,0.0071,306.658336,1.0090,8
716,547038500,50,36.741089331052,127.121512620679,51.732470649295,0.0073,0.0071,305.115479,1.0090,8
717,547038550,50,36.741091472634,127.121508663441,51.735418778844,0.0076,0.0072,303.918108,1.0090,8
718,547038600,50,36.741093567094,127.121504743803,51.737948130816,0.0076,0.0072,303.581922,1.0090,8
719,547038650,50,36.741095683336,127.121500797125,51.740624068305,0.0075,0.0072,303.581875,1.0090,8
720,547038700,50,36.741097858704,127.121496867332,51.736524408683,0.0075,0.0072,304.520529,1.0090,8
721,547038750,50,36.741099997293,127.121492964992,51.729832012206,0.0075,0.0072,304.252380,1.0090,8
722,547038800,50,36.741102268145,127.121489162476,51.740945591591,0.0077,0.0072,306.576586,1.0090,8
723,547038850,50,36.741104636644,127.121485451915,51.729901296087,0.0077,0.0072,308.418595,1.0090,8
724,547038900,50,36.741106991623,127.121481665221,51.730779926293,0.0077,0.0072,307.694581,1.0090,8
725,547038950,50,36.741109384143,127.121477954851,51.742391902022,0.0077,0.0072,308.701838,1.0090,8
726,547039000,50,36.741111752306,127.121474248094,51.736919458956,0.0077,0.0072,308.443270,1.0090,8
727,547039050,50,36.741114084190,127.121470468936,51.744979861192,0.0077,0.0072,307.476815,1.0090,8
728,547039100,50,36.741116381752,127.121466628570,51.746749284677,0.0077,0.0072,306.625659,1.0090,8
729,547039150,50,36.741118573677,127.121462793840,51.743230691180,0.0077,0.0072,305.383310,1.0090,8
730,547039200,50,36.741120746019,127.121458868431,51.745179267600,0.0077,0.0072,304.513178,1.0090,8
731,547039250,50,36.741122813458,127.121454970425,51.751939517446,0.0076,0.0072,303.385478,1.0090,8
732,547039300,50,36.741124948464,127.121451059898,51.740874447860,0.0077,0.0072,304.151937,1.0090,8
733,547039350,50,36.741127091002,127.121447192800,51.751814665273,0.0098,0.0093,304.543999,1.0090,8
734,547039400,50,36.741129372550,127.121443402738,51.744644593447,0.0081,0.0075,306.795651,1.0090,8
735,547039450,50,36.741131654141,127.121439639146,51.736287418753,0.0081,0.0075,306.988973,1.1177,7
736,547039500,50,36.741133985429,127.121435940035,51.742968113162,0.0081,0.0075,308.063635,1.1177,7
737,547039550,50,36.741136373524,127.121432254255,51.753056462854,0.0081,0.0075,308.836100,1.1177,7
738,547039600,50,36.741138763779,127.121428611801,51.746488200501,0.0081,0.0075,309.192818,1.1177,7
739,547039650,50,36.741141103405,127.121424891411,51.755855972879,0.0080,0.0075,309.192772,1.1177,7
740,547039700,50,36.741143457319,127.121421185070,51.756537986919,0.0081,0.0075,308.278120,1.1177,7
741,547039750,50,36.741145709924,127.121417406696,51.757977028377,0.0081,0.0075,306.530042,1.1177,7
742,547039800,50,36.741147920577,127.121413576074,51.750632761978,0.0081,0.0075,305.642824,1.1177,7
743,547039850,50,36.741150054515,127.121409711690,51.749246003106,0.0081,0.0075,304.455191,1.1177,7
744,547039900,50,36.741152203701,127.121405825700,51.752601496875,0.0081,0.0075,304.496489,1.1177,7
745,547039950,50,36.741154348349,127.121401947212,51.766062239185,0.0081,0.0075,304.491632,1.1177,7
746,547040000,50,36.741156577548,127.121398145664,51.764177726582,0.0081,0.0075,306.077348,1.1177,7
747,547040050,50,36.741158869149,127.121394388011,51.763042020611,0.0081,0.0075,307.153127,1.1177,7
748,547040100,50,36.741161219375,127.121390738506,51.760412100703,0.0081,0.0075,308.665640,1.1177,7
749,547040150,50,36.741163591953,127.121387092734,51.762012308463,0.0081,0.0075,308.959172,1.1177,7
750,547040200,50,36.741165995490,127.121383458007,51.761518250220,0.0081,0.0075,309.408058,1.1177,7
751,547040250,50,36.741168406329,127.121379847415,51.761445727199,0.0081,0.0075,309.680800,1.1177,7
752,547040300,50,36.741170699194,127.121376204108,51.756925607100,0.0082,0.0079,308.024210,1.1177,7
753,547040350,50,36.741173006694,127.121372497629,51.763850909658,0.0082,0.0079,307.723559,1.1177,7
754,547040400,50,36.741175242898,127.121368765231,51.773398785852,0.0082,0.0079,306.665416,1.1177,7
755,547040450,50,36.741177421372,127.121364945882,51.762964544818,0.0082,0.0079,305.325594,1.1177,7
756,547040500,50,36.741179571932,127.121361098290,51.767009978183,0.0082,0.0078,304.779710,1.1177,7
757,547040550,50,36.741181736143,127.121357272289,51.761854171753,0.0082,0.0078,305.101303,1.0103,8
758,547040600,50,36.741183897457,127.121353438216,51.768393795006,0.0082,0.0080,305.008455,1.0103,8
759,547040650,50,36.741186141311,127.121349740283,51.765662372112,0.0082,0.0080,307.014378,1.0103,8
760,547040700,50,36.741188424904,127.121346034224,51.766581185162,0.0082,0.0080,307.438311,1.0103,8
761,547040750,50,36.741190770891,127.121342408730,51.771173311397,0.0082,0.0080,308.799809,1.0103,8
762,547040800,50,36.741193132698,127.121338791951,51.769449037500,0.0082,0.0079,308.799765,1.0103,8
763,547040850,50,36.741195515592,127.121335204262,51.770572835580,0.0082,0.0079,309.531772,1.0103,8
764,547040900,50,36.741197900108,127.121331590318,51.775647401810,0.0082,0.0079,309.345938,1.0103,8
765,547040950,50,36.741200262379,127.121327937320,51.770076613873,0.0082,0.0079,308.781859,1.0103,8
766,547041000,50,36.741202560848,127.121324231212,51.763289505616,0.0082,0.0079,307.617641,1.0103,8
767,547041050,50,36.741204754119,127.121320502914,51.773432886228,0.0082,0.0079,306.164898,1.0103,8
768,547041100,50,36.741206946317,127.121316763730,51.771968527697,0.0082,0.0078,306.072009,1.0103,8
769,547041150,50,36.741209091585,127.121312953033,51.774457155727,0.0082,0.0079,304.972476,1.0103,8
770,547041200,50,36.741211276572,127.121309173516,51.761962873861,0.0085,0.0080,305.690444,1.0103,8
771,547041250,50,36.741213460446,127.121305451423,51.765816034749,0.0085,0.0080,306.093200,1.0103,8
772,547041300,50,36.741215753160,127.121301841655,51.770852465183,0.0085,0.0080,308.279793,1.0103,8
773,547041350,50,36.741218093034,127.121298232397,51.771651877090,0.0085,0.0080,308.852394,1.0103,8
774,547041400,50,36.741220467651,127.121294678337,51.767380459234,0.0085,0.0080,309.698913,1.0103,8
775,547041450,50,36.741222867013,127.121291142589,51.775164076127,0.0085,0.0080,310.136924,1.0103,8
776,547041500,50,36.741225271806,127.121287593819,51.765529072843,0.0087,0.0080,310.096957,1.0103,8
777,547041550,50,36.741227668454,127.121284015594,51.784414000809,0.0087,0.0080,309.768174,1.0103,8
778,547041600,50,36.741230027613,127.121280421196,51.767548975535,0.0087,0.0081,309.198076,1.0103,8
779,547041650,50,36.741232265951,127.121276744737,51.781526863575,0.0087,0.0081,307.107059,1.0103,8
780,547041700,50,36.741234486124,127.121273031881,51.785214267671,0.0087,0.0081,306.612080,1.0103,8
781,547041750,50,36.741236656154,127.121269323427,51.779220008291,0.0087,0.0081,306.019953,1.0103,8
782,547041800,50,36.741238840564,127.121265548831,51.791751225479,0.0087,0.0081,305.718681,1.0103,8
