0,550143950,50,36.741961361088,127.119382319368,51.739706563763,0.0085,0.0069,17.617440,1.0776,8
1,550144000,50,36.741961339595,127.119382308354,51.742981493473,0.0085,0.0069,202.410495,1.0776,8
2,550144050,50,36.741961356782,127.119382322812,51.736645708792,0.0085,0.0069,34.097971,1.0776,8
3,550144100,50,36.741961329491,127.119382303981,51.738267933950,0.0086,0.0070,209.044244,1.0776,8
4,550144150,50,36.741961348953,127.119382332137,51.736854068935,0.0086,0.0070,49.341967,1.0776,8
5,550144200,50,36.741961335464,127.119382354362,51.734448625706,0.0086,0.0070,127.020193,1.0776,8
6,550144250,50,36.741961335163,127.119382394740,51.733060299419,0.0086,0.0070,90.531197,1.0776,8
7,550144300,50,36.741961305048,127.119382430921,51.735390933231,0.0086,0.0070,135.962978,1.0776,8
8,550144350,50,36.741961290094,127.119382471995,51.735232616775,0.0087,0.0070,114.340750,1.0776,8
9,550144400,50,36.741961270989,127.119382522584,51.731587211601,0.0087,0.0070,115.138734,1.0776,8
10,550144450,50,36.741961247825,127.119382565886,51.729643762112,0.0087,0.0070,123.611649,1.0776,8
11,550144500,50,36.741961214277,127.119382631861,51.726967034861,0.0087,0.0071,122.285619,1.0776,8
12,550144550,50,36.741961174732,127.119382725806,51.727832172066,0.0087,0.0071,117.610436,1.0776,8
13,550144600,50,36.741961132631,127.119382833256,51.748629699461,0.0084,0.0069,117.610435,1.0776,8
14,550144650,50,36.741961086303,127.119382943471,51.745121393353,0.0084,0.0069,117.577630,1.0776,8
15,550144700,50,36.741961059756,127.119383054491,51.739822524600,0.0084,0.0069,106.547075,1.0776,8
16,550144750,50,36.741961014254,127.119383194367,51.737928882241,0.0084,0.0069,112.008618,1.0776,8
17,550144800,50,36.741960956552,127.119383368697,51.735861965455,0.0085,0.0069,112.355814,1.0776,8
18,550144850,50,36.741960886156,127.119383529800,51.734200686216,0.0085,0.0069,118.499624,1.0776,8
19,550144900,50,36.741960812380,127.119383729458,51.739245485514,0.0085,0.0069,114.661229,1.0776,8
20,550144950,50,36.741960733377,127.119383925157,51.736045744270,0.0085,0.0069,116.638911,1.0776,8
21,550145000,50,36.741960625975,127.119384142696,51.741140377708,0.0085,0.0069,121.527201,1.0776,8
22,550145050,50,36.741960533028,127.119384378508,51.740891104564,0.0085,0.0069,116.093568,1.0776,8
23,550145100,50,36.741960443466,127.119384700128,51.735052860342,0.0086,0.0070,109.086049,1.0776,8
24,550145150,50,36.741960326914,127.119385035982,51.730046056211,0.0086,0.0070,113.325685,1.0776,8
25,550145200,50,36.741960171799,127.119385304788,51.729633148760,0.0086,0.0070,125.640871,1.0776,8
26,550145250,50,36.741960049624,127.119385614786,51.732126628980,0.0086,0.0070,116.091013,1.0776,8
27,550145300,50,36.741959898352,127.119386077054,51.730113747530,0.0087,0.0070,112.127013,1.0776,8
28,550145350,50,36.741959746411,127.119386522597,51.730289160274,0.0087,0.0070,112.964142,1.0776,8
29,550145400,50,36.741959551017,127.119386894383,51.732879952528,0.0087,0.0071,123.145310,1.0776,8
30,550145450,50,36.741959351977,127.119387371328,51.726033192128,0.0087,0.0071,117.408428,1.0776,8
31,550145500,50,36.741959183853,127.119387903883,51.728022015654,0.0087,0.0071,111.418096,1.0776,8
32,550145550,50,36.741958983672,127.119388383524,51.725057907403,0.0088,0.0071,117.410332,1.0776,8
33,550145600,50,36.741958762081,127.119388987419,51.722142433748,0.0088,0.0071,114.509729,1.0776,8
34,550145650,50,36.741958527668,127.119389579598,51.722186124884,0.0088,0.0071,116.190595,1.0776,8
35,550145700,50,36.741958268739,127.119390226173,51.728464271873,0.0088,0.0072,116.454389,1.0776,8
36,550145750,50,36.741958009018,127.119390854510,51.725227396935,0.0089,0.0072,117.184928,1.0776,8
37,550145800,50,36.741957701861,127.119391590923,51.734044030309,0.0085,0.0069,117.184929,1.0776,8
38,550145850,50,36.741957440739,127.119392353828,51.737435239367,0.0085,0.0070,113.039379,1.0776,8
39,550145900,50,36.741957117673,127.119393109300,51.740138387308,0.0085,0.0070,117.984022,1.0776,8
40,550145950,50,36.741956828795,127.119393919298,51.735557405278,0.0085,0.0070,113.899957,1.0776,8
41,550146000,50,36.741956496213,127.119394762223,51.731695717201,0.0086,0.0070,116.116484,1.0776,8
42,550146050,50,36.741956146376,127.119395629553,51.735305197537,0.0086,0.0070,116.618896,1.0776,8
43,550146100,50,36.741955844388,127.119396537249,51.727581836283,0.0086,0.0070,112.459660,1.0776,8
44,550146150,50,36.741955430532,127.119397529407,51.732953127474,0.0086,0.0070,117.397452,1.0776,8
45,550146200,50,36.741955059668,127.119398465915,51.729924566112,0.0087,0.0070,116.199615,1.0776,8
46,550146250,50,36.741954666263,127.119399553296,51.733152394183,0.0087,0.0071,114.205776,1.0776,8
47,550146300,50,36.741954232079,127.119400555843,51.732759087346,0.0087,0.0071,118.285521,1.0776,8
48,550146350,50,36.741953824358,127.119401625918,51.733614093624,0.0087,0.0071,115.334340,1.0776,8
49,550146400,50,36.741953384518,127.119402746911,51.735702104867,0.0087,0.0071,115.990616,1.0776,8
50,550146450,50,36.741952942257,127.119403937115,51.730333762243,0.0088,0.0071,114.783040,1.0776,8
51,550146500,50,36.741952480358,127.119405132499,51.728498002514,0.0088,0.0071,115.646548,1.0776,8
52,550146550,50,36.741951973345,127.119406357525,51.726658775471,0.0088,0.0071,117.214903,1.0776,8
53,550146600,50,36.741951488666,127.119407611989,51.735022936016,0.0088,0.0072,115.644290,1.0776,8
54,550146650,50,36.741950967654,127.119408873366,51.733835131861,0.0089,0.0072,117.168206,1.0776,8
55,550146700,50,36.741950445794,127.119410190397,51.731281488203,0.0089,0.0072,116.212980,1.0776,8
56,550146750,50,36.741949979176,127.119411556743,51.728877104819,0.0089,0.0072,112.993228,1.0776,8
57,550146800,50,36.741949395881,127.119412937207,51.727249136195,0.0090,0.0072,117.700118,1.0776,8
58,550146850,50,36.741948832479,127.119414371958,51.742003881373,0.0090,0.0072,116.008789,1.0776,8
59,550146900,50,36.741948272470,127.119415779144,51.729734226130,0.0090,0.0073,116.311654,1.0776,8
60,550146950,50,36.741947718617,127.119417214978,51.728271393105,0.0090,0.0073,115.607945,1.0776,8
61,550147000,50,36.741947118733,127.119418749494,51.745051921345,0.0086,0.0070,115.607952,1.0776,8
62,550147050,50,36.741946490584,127.119420244508,51.749963421375,0.0087,0.0070,117.567580,1.0776,8
63,550147100,50,36.741945896252,127.119421757086,51.747746449895,0.0087,0.0071,116.022785,1.0776,8
64,550147150,50,36.741945307465,127.119423332814,51.743940521963,0.0087,0.0071,114.904767,1.0776,8
65,550147200,50,36.741944725910,127.119424924878,51.736717144027,0.0087,0.0071,114.412265,1.0776,8
66,550147250,50,36.741944044549,127.119426517610,51.749498375691,0.0088,0.0071,117.992815,1.0776,8
67,550147300,50,36.741943421852,127.119428122171,51.750708541833,0.0088,0.0071,115.743443,1.0776,8
68,550147350,50,36.741942780873,127.119429778038,51.751004347578,0.0088,0.0071,115.686597,1.0776,8
69,550147400,50,36.741942139773,127.119431455342,51.756020760164,0.0088,0.0072,115.404079,1.0776,8
70,550147450,50,36.741941488393,127.119433120102,51.752933653072,0.0089,0.0072,115.927790,1.0776,8
71,550147500,50,36.741940762538,127.119434789746,51.747736174613,0.0089,0.0072,118.376798,1.0776,8
72,550147550,50,36.741940081360,127.119436468251,51.752165626734,0.0089,0.0072,116.759577,1.0776,8
73,550147600,50,36.741939391907,127.119438311385,51.750212597661,0.0085,0.0070,116.759591,1.0776,8
74,550147650,50,36.741938679294,127.119440077222,51.760079343803,0.0085,0.0070,116.630635,1.0776,8
75,550147700,50,36.741937984601,127.119441838500,51.760112090968,0.0085,0.0070,116.108871,1.0776,8
76,550147750,50,36.741937265040,127.119443646176,51.760650546290,0.0086,0.0070,116.317101,1.0776,8
77,550147800,50,36.741936521046,127.119445442654,51.752864710055,0.0086,0.0070,117.229612,1.0776,8
78,550147850,50,36.741935754252,127.119447254220,51.761698061600,0.0086,0.0070,117.741485,1.0776,8
79,550147900,50,36.741935060113,127.119449155854,51.761957577430,0.0086,0.0070,114.396813,1.0776,8
80,550147950,50,36.741934310505,127.119451084262,51.740697665140,0.0087,0.0071,115.780361,1.0776,8
81,550148000,50,36.741933561801,127.119452950264,51.752605373971,0.0090,0.0082,116.498453,1.0776,8
82,550148050,50,36.741932818420,127.119454868660,51.748699219897,0.0090,0.0082,115.710037,1.0776,8
83,550148100,50,36.741932050963,127.119456790761,51.747639700770,0.0091,0.0082,116.386922,1.0776,8
84,550148150,50,36.741931276482,127.119458720226,51.751932013780,0.0091,0.0082,116.507669,1.0776,8
85,550148200,50,36.741930494513,127.119460657642,51.747149611823,0.0091,0.0082,116.633979,1.0776,8
86,550148250,50,36.741929706241,127.119462616675,51.751808702014,0.0091,0.0082,116.563623,1.0776,8
87,550148300,50,36.741928939886,127.119464606947,51.744929306209,0.0092,0.0082,115.568224,1.0776,8
88,550148350,50,36.741928113631,127.119466566747,51.743809797801,0.0092,0.0082,117.647975,1.0776,8
89,550148400,50,36.741927329279,127.119468583041,51.744172962382,0.0092,0.0082,115.796995,1.0776,8
90,550148450,50,36.741926488464,127.119470565300,51.748194663785,0.0092,0.0082,117.791287,1.0776,8
91,550148500,50,36.741925708886,127.119472580642,51.740411034785,0.0092,0.0080,115.670747,1.0776,8
92,550148550,50,36.741924872647,127.119474593298,51.753212645650,0.0092,0.0080,117.305515,1.0776,8
93,550148600,50,36.741924028018,127.119476597056,51.752171446569,0.0088,0.0078,117.305536,1.0776,8
94,550148650,50,36.741923222421,127.119478657762,51.746327484027,0.0088,0.0078,115.908024,1.0776,8
95,550148700,50,36.741922414442,127.119480739261,51.748851213604,0.0088,0.0078,115.748779,1.0776,8
96,550148750,50,36.741921564526,127.119482840147,51.744345368817,0.0088,0.0078,116.687272,1.0776,8
97,550148800,50,36.741920732990,127.119484948942,51.746732903644,0.0088,0.0078,116.102693,1.0776,8
98,550148850,50,36.741919887754,127.119487030629,51.748193765059,0.0089,0.0078,116.771462,1.0776,8
99,550148900,50,36.741919050565,127.119489183849,51.748303491622,0.0089,0.0079,115.785531,1.0776,8
100,550148950,50,36.741918197661,127.119491340893,51.742081491277,0.0089,0.0079,116.165030,1.0776,8
101,550149000,50,36.741917285377,127.119493500850,51.742899668403,0.0089,0.0079,117.690454,1.0776,8
102,550149050,50,36.741916417571,127.119495715274,51.734000222757,0.0090,0.0079,115.963021,1.0776,8
103,550149100,50,36.741915518773,127.119497901060,51.740559537895,0.0090,0.0079,117.063920,1.0776,8
104,550149150,50,36.741914574362,127.119500125608,51.741719577461,0.0090,0.0079,117.811926,1.0776,8
105,550149200,50,36.741913692742,127.119502383159,51.741626280360,0.0090,0.0079,115.884278,1.0776,8
106,550149250,50,36.741912739468,127.119504717067,51.739965712652,0.0090,0.0079,116.908111,1.0776,8
107,550149300,50,36.741911820092,127.119507022199,51.739394059405,0.0091,0.0079,116.361649,1.0776,8
108,550149350,50,36.741910867129,127.119509387389,51.736142913811,0.0091,0.0079,116.593984,1.0776,8
109,550149400,50,36.741909879054,127.119511755973,51.740104245022,0.0091,0.0079,117.399205,1.0776,8
110,550149450,50,36.741908927982,127.119514141397,51.740074636415,0.0091,0.0079,116.353811,1.0776,8
111,550149500,50,36.741907968771,127.119516633359,51.726758072153,0.0091,0.0078,115.560782,1.0776,8
112,550149550,50,36.741906966718,127.119519055453,51.736373768188,0.0091,0.0078,117.205543,1.0776,8
113,550149600,50,36.741905946302,127.119521561202,51.734398550354,0.0087,0.0075,117.205567,1.0776,8
114,550149650,50,36.741904915979,127.119524048036,51.731229417957,0.0087,0.0075,117.239199,1.0776,8
115,550149700,50,36.741903874876,127.119526606444,51.735828013159,0.0087,0.0075,116.822496,1.0776,8
116,550149750,50,36.741902817116,127.119529167752,51.733779087663,0.0088,0.0076,117.164052,1.0776,8
117,550149800,50,36.741901809624,127.119531779708,51.730015708134,0.0088,0.0076,115.607200,1.0776,8
118,550149850,50,36.741900727479,127.119534402878,51.718863378279,0.0088,0.0076,117.139066,1.0776,8
119,550149900,50,36.741899646397,127.119537054851,51.729373100214,0.0088,0.0076,116.863186,1.0776,8
120,550149950,50,36.741898554527,127.119539709554,51.728277574293,0.0088,0.0076,117.069269,1.0776,8
121,550150000,50,36.741897460058,127.119542409902,51.726702670567,0.0088,0.0075,116.730166,1.0776,8
122,550150050,50,36.741896343183,127.119545124428,51.727187938057,0.0089,0.0075,117.077603,1.0776,8
123,550150100,50,36.741895216999,127.119547892102,51.729395125061,0.0089,0.0075,116.820896,1.0776,8
124,550150150,50,36.741894024878,127.119550624093,51.722718455829,0.0089,0.0075,118.465982,1.0776,8
125,550150200,50,36.741892900035,127.119553489099,51.728073904291,0.0089,0.0075,116.004810,1.0776,8
126,550150250,50,36.741891726799,127.119556261887,51.732137652114,0.0089,0.0075,117.732991,1.0776,8
127,550150300,50,36.741890587817,127.119559152667,51.724464809522,0.0090,0.0075,116.084714,1.0776,8
128,550150350,50,36.741889374474,127.119562053423,51.728004411794,0.0090,0.0075,117.462385,1.0776,8
129,550150400,50,36.741888186700,127.119564971393,51.724358207546,0.0090,0.0075,116.829336,1.0776,8
130,550150450,50,36.741886968392,127.119567875206,51.725740514696,0.0090,0.0075,117.533479,1.0776,8
131,550150500,50,36.741885753220,127.119570824793,51.727456144989,0.0090,0.0075,117.107866,1.0776,8
132,550150550,50,36.741884515797,127.119573817964,51.726856021211,0.0090,0.0075,117.188738,1.0776,8
133,550150600,50,36.741883242510,127.119576852936,51.729610697366,0.0091,0.0075,117.532568,1.0776,8
134,550150650,50,36.741882040004,127.119579902366,51.732732618228,0.0091,0.0075,116.103822,1.0776,8
135,550150700,50,36.741880749643,127.119582941291,51.725478432141,0.0091,0.0075,117.815804,1.0776,8
136,550150750,50,36.741879475551,127.119586012729,51.728951696306,0.0091,0.0075,117.267756,1.0776,8
137,550150800,50,36.741878238555,127.119589154261,51.718874029815,0.0087,0.0073,117.267785,1.0776,8
138,550150850,50,36.741876917268,127.119592286808,51.724625938572,0.0087,0.0073,117.658673,1.0776,8
139,550150900,50,36.741875582734,127.119595415753,51.722905443050,0.0087,0.0073,117.921615,1.0776,8
140,550150950,50,36.741874266974,127.119598591071,51.721888609231,0.0087,0.0073,117.242570,1.0776,8
141,550151000,50,36.741872950198,127.119601799255,51.727323238738,0.0088,0.0072,117.021056,1.0776,8
142,550151050,50,36.741871601669,127.119604999981,51.726144886576,0.0088,0.0073,117.632220,1.0776,8
143,550151100,50,36.741870237340,127.119608253060,51.724677103572,0.0088,0.0073,117.524618,1.0776,8
144,550151150,50,36.741868878497,127.119611543444,51.715233755298,0.0088,0.0073,117.163872,1.0776,8
145,550151200,50,36.741867526449,127.119614843165,51.722422327846,0.0088,0.0073,116.981692,1.0776,8
146,550151250,50,36.741866142934,127.119618207694,51.729019856080,0.0089,0.0073,117.064164,1.0776,8
147,550151300,50,36.741864693288,127.119621518200,51.720688249916,0.0089,0.0073,118.550398,1.0776,8
148,550151350,50,36.741863266482,127.119624840338,51.728378839791,0.0089,0.0073,118.086520,1.0776,8
149,550151400,50,36.741861849258,127.119628229991,51.730614477769,0.0089,0.0073,117.452164,1.0776,8
150,550151450,50,36.741860417488,127.119631624058,51.724655363709,0.0089,0.0073,117.661527,1.0776,8
151,550151500,50,36.741858980409,127.119635076267,51.724801491946,0.0090,0.0073,117.349753,1.0776,8
152,550151550,50,36.741857499264,127.119638528152,51.731302765198,0.0090,0.0073,118.064260,1.0776,8
153,550151600,50,36.741856037194,127.119642008899,51.735531059094,0.0090,0.0073,117.560902,1.0776,8
154,550151650,50,36.741854557346,127.119645528753,51.733088996261,0.0090,0.0073,117.582384,1.0776,8
155,550151700,50,36.741853064192,127.119649037540,51.727264426649,0.0091,0.0074,117.867881,1.0776,8
156,550151750,50,36.741851544427,127.119652586489,51.728867938742,0.0091,0.0074,118.016925,1.0776,8
157,550151800,50,36.741850013167,127.119656149455,51.731743426993,0.0091,0.0074,118.102389,1.0776,8
158,550151850,50,36.741848463109,127.119659781739,51.739756939001,0.0091,0.0074,117.934473,1.0776,8
159,550151900,50,36.741846938757,127.119663416547,51.729751435108,0.0092,0.0074,117.523462,1.0776,8
160,550151950,50,36.741845389506,127.119667048545,51.731928477064,0.0092,0.0074,117.923988,1.0776,8
161,550152000,50,36.741843822863,127.119670719626,51.738864705898,0.0092,0.0074,117.934904,1.0776,8
162,550152050,50,36.741842248376,127.119674430255,51.737669792026,0.0092,0.0074,117.799456,1.0776,8
163,550152100,50,36.741840648192,127.119678133488,51.736748850904,0.0088,0.0072,117.799491,1.0776,8
164,550152150,50,36.741839035718,127.119681826979,51.733022100292,0.0088,0.0072,118.477798,1.0776,8
165,550152200,50,36.741837426772,127.119685593514,51.732716382481,0.0088,0.0072,117.958039,1.0776,8
166,550152250,50,36.741835822351,127.119689340230,51.731113919988,0.0088,0.0072,118.016439,1.0776,8
167,550152300,50,36.741834163286,127.119693147430,51.735785473138,0.0089,0.0072,118.433698,1.0776,8
168,550152350,50,36.741832534486,127.119696993172,51.732906053774,0.0089,0.0072,117.755733,1.0776,8
169,550152400,50,36.741830884865,127.119700816863,51.738884984516,0.0089,0.0072,118.193719,1.0776,8
170,550152450,50,36.741829208556,127.119704701039,51.741343304515,0.0089,0.0073,118.202158,1.0776,8
171,550152500,50,36.741827522519,127.119708583451,51.733846846968,0.0090,0.0073,118.351329,1.0776,8
172,550152550,50,36.741825878210,127.119712467835,51.738557677716,0.0090,0.0073,117.743419,1.0776,8
173,550152600,50,36.741824204838,127.119716430516,51.730684073642,0.0086,0.0070,117.743460,1.0776,8
174,550152650,50,36.741822481720,127.119720346087,51.730664356612,0.0086,0.0070,118.669785,1.0776,8
175,550152700,50,36.741820798455,127.119724275160,51.728598677553,0.0086,0.0070,118.027117,1.0776,8
176,550152750,50,36.741819061650,127.119728226120,51.731877602637,0.0086,0.0071,118.643603,1.0776,8
177,550152800,50,36.741817383951,127.119732165197,51.728598332964,0.0086,0.0071,117.888193,1.0776,8
178,550152850,50,36.741815641224,127.119736126838,51.728333542123,0.0087,0.0071,118.660578,1.0776,8
179,550152900,50,36.741813914749,127.119740043643,51.723344886675,0.0087,0.0071,118.709126,1.0776,8
180,550152950,50,36.741812168660,127.119744026562,51.724764309824,0.0087,0.0071,118.577954,1.0776,8
181,550153000,50,36.741810417164,127.119747984980,51.723575709388,0.0087,0.0071,118.801442,1.0776,8
182,550153050,50,36.741808685717,127.119751989926,51.715608629398,0.0087,0.0071,118.243790,1.0776,8
183,550153100,50,36.741806893693,127.119756016840,51.719152935781,0.0088,0.0071,118.940000,1.0776,8
184,550153150,50,36.741805142848,127.119760017563,51.724928558804,0.0088,0.0071,118.536082,1.0776,8
185,550153200,50,36.741803371863,127.119764063957,51.719064500183,0.0088,0.0072,118.538158,1.0776,8
186,550153250,50,36.741801583001,127.119768130881,51.718866635114,0.0088,0.0072,118.658138,1.0776,8
187,550153300,50,36.741799775507,127.119772166500,51.720172109082,0.0088,0.0072,119.096417,1.0776,8
188,550153350,50,36.741797959765,127.119776235399,51.721731251106,0.0089,0.0072,119.007387,1.0776,8
189,550153400,50,36.741796155251,127.119780285783,51.721570258960,0.0089,0.0072,118.967519,1.0776,8
190,550153450,50,36.741794363781,127.119784415873,51.719030901790,0.0089,0.0072,118.322909,1.0776,8
191,550153500,50,36.741792551381,127.119788522036,51.722956545651,0.0089,0.0072,118.741861,1.0776,8
192,550153550,50,36.741790737536,127.119792596716,51.717918001115,0.0090,0.0072,118.947529,1.0776,8
193,550153600,50,36.741788908800,127.119796696570,51.717081384733,0.0090,0.0073,118.996493,1.0776,8
194,550153650,50,36.741787066163,127.119800773151,51.722514680587,0.0090,0.0073,119.319877,1.0776,8
195,550153700,50,36.741785223988,127.119804868195,51.726118448190,0.0090,0.0073,119.203338,1.0776,8
196,550153750,50,36.741783397489,127.119808943549,51.715048437938,0.0086,0.0070,119.203384,1.0776,8
197,550153800,50,36.741781530438,127.119813071282,51.710868917406,0.0086,0.0070,119.336858,1.0776,8
198,550153850,50,36.741779704711,127.119817177917,51.714536117390,0.0087,0.0071,118.916435,1.0776,8
199,550153900,50,36.741777833472,127.119821287564,51.715927723795,0.0087,0.0071,119.499429,1.0776,8
200,550153950,50,36.741775971024,127.119825414819,51.713939853944,0.0087,0.0071,119.279320,1.0776,8
201,550154000,50,36.741774137689,127.119829487936,51.714654918760,0.0087,0.0071,119.217005,1.0776,8
202,550154050,50,36.741772297470,127.119833611574,51.712104102597,0.0087,0.0071,119.008055,1.0776,8
203,550154100,50,36.741770426584,127.119837725682,51.715552465990,0.0087,0.0071,119.468142,1.0776,8
204,550154150,50,36.741768570338,127.119841866498,51.710385714658,0.0088,0.0071,119.117881,1.0776,8
205,550154200,50,36.741766721106,127.119845984097,51.711046152748,0.0088,0.0071,119.162647,1.0776,8
206,550154250,50,36.741764827857,127.119850085408,51.708495624363,0.0088,0.0071,119.837595,1.0776,8
207,550154300,50,36.741762927319,127.119854202244,51.715671041980,0.0088,0.0072,119.839178,1.0776,8
208,550154350,50,36.741761053825,127.119858344498,51.714922006242,0.0089,0.0072,119.335196,1.0776,8
209,550154400,50,36.741759185649,127.119862479240,51.712791769765,0.0089,0.0072,119.310059,1.0776,8
210,550154450,50,36.741757279215,127.119866617064,51.711013775319,0.0089,0.0072,119.790041,1.0776,8
211,550154500,50,36.741755381977,127.119870752243,51.710936740041,0.0089,0.0072,119.686501,1.0776,8
212,550154550,50,36.741753510391,127.119874887506,51.714779601432,0.0089,0.0072,119.351590,1.0776,8
213,550154600,50,36.741751601592,127.119879020860,51.700673595071,0.0085,0.0070,119.351638,1.0776,8
214,550154650,50,36.741749680695,127.119883144536,51.700043428689,0.0085,0.0070,120.062159,1.0776,8
215,550154700,50,36.741747773510,127.119887285939,51.707182719372,0.0086,0.0070,119.778450,1.0776,8
216,550154750,50,36.741745855424,127.119891455494,51.704624243081,0.0086,0.0070,119.751900,1.0776,8
217,550154800,50,36.741743972435,127.119895572018,51.703864936717,0.0086,0.0070,119.612203,1.0776,8
218,550154850,50,36.741742017676,127.119899649433,51.702950498089,0.0086,0.0070,120.781543,1.0776,8
219,550154900,50,36.741740078842,127.119903869749,51.700281579047,0.0086,0.0070,119.718787,1.0776,8
220,550154950,50,36.741738176455,127.119908009154,51.702604273334,0.0087,0.0070,119.728176,1.0776,8
221,550155000,50,36.741736252098,127.119912166727,51.702761758119,0.0087,0.0071,119.903732,1.0776,8
222,550155050,50,36.741734299735,127.119916343821,51.704176792875,0.0087,0.0071,120.146099,1.0776,8
223,550155100,50,36.741732386990,127.119920499756,51.701170967892,0.0087,0.0071,119.763809,1.0776,8
224,550155150,50,36.741730444253,127.119924656242,51.702593528666,0.0087,0.0071,120.146173,1.0776,8
225,550155200,50,36.741728475445,127.119928769547,51.704983329400,0.0088,0.0071,120.741178,1.0776,8
226,550155250,50,36.741726504294,127.119932912678,51.699017727748,0.0088,0.0071,120.589466,1.0776,8
227,550155300,50,36.741724603187,127.119937110441,51.704004829749,0.0088,0.0071,119.367480,1.0776,8
228,550155350,50,36.741722665593,127.119941294813,51.699977712706,0.0088,0.0072,119.914365,1.0776,8
229,550155400,50,36.741720685674,127.119945441544,51.700221331790,0.0089,0.0072,120.679126,1.0776,8
230,550155450,50,36.741718728265,127.119949558036,51.700343027711,0.0089,0.0072,120.575758,1.0776,8
231,550155500,50,36.741716771735,127.119953718824,51.703562748618,0.0089,0.0072,120.296677,1.0776,8
232,550155550,50,36.741714822147,127.119957875571,51.703670669347,0.0089,0.0072,120.232248,1.0776,8
233,550155600,50,36.741712863392,127.119962044768,51.699376170523,0.0089,0.0072,120.274650,1.0776,8
234,550155650,50,36.741710868762,127.119966216046,51.705248926766,0.0090,0.0072,120.716852,1.0776,8
235,550155700,50,36.741708952791,127.119970396458,51.700890650973,0.0090,0.0073,119.660495,1.0776,8
236,550155750,50,36.741706971548,127.119974503560,51.686821821146,0.0086,0.0070,119.660545,1.0776,8
237,550155800,50,36.741704993061,127.119978616330,51.691373363137,0.0086,0.0070,120.868062,1.0776,8
238,550155850,50,36.741703042767,127.119982776063,51.688709598035,0.0086,0.0070,120.223398,1.0776,8
239,550155900,50,36.741701069018,127.119986922223,51.684501165524,0.0086,0.0070,120.604205,1.0776,8
240,550155950,50,36.741699117357,127.119991040258,51.691145359538,0.0087,0.0070,120.492647,1.0776,8
241,550156000,50,36.741697148890,127.119995189602,51.684158260934,0.0087,0.0071,120.517694,1.0776,8
242,550156050,50,36.741695147984,127.119999317811,51.685537354089,0.0087,0.0071,121.058148,1.0776,8
243,550156100,50,36.741693156357,127.120003403167,51.690317437984,0.0087,0.0071,121.204871,1.0776,8
244,550156150,50,36.741691233698,127.120007566449,51.684229843318,0.0087,0.0071,119.847913,1.0776,8
245,550156200,50,36.741689262458,127.120011657205,51.683591851965,0.0088,0.0071,120.910883,1.0776,8
246,550156250,50,36.741687269630,127.120015759688,51.683081169613,0.0088,0.0071,121.114016,1.0776,8
247,550156300,50,36.741685287795,127.120019862854,51.689093132503,0.0088,0.0071,120.969775,1.0776,8
248,550156350,50,36.741683360204,127.120023951093,51.680246941745,0.0088,0.0072,120.363808,1.0776,8
249,550156400,50,36.741681316969,127.120028042824,51.674873517826,0.0089,0.0072,121.818166,1.0776,8
250,550156450,50,36.741679356326,127.120032163989,51.681919611059,0.0089,0.0072,120.588704,1.0776,8
251,550156500,50,36.741677370211,127.120036271469,51.682040095329,0.0089,0.0072,120.997749,1.0776,8
252,550156550,50,36.741675397199,127.120040361986,51.682842182927,0.0089,0.0072,120.935034,1.0776,8
253,550156600,50,36.741673385207,127.120044435741,51.682355925441,0.0090,0.0072,121.536324,1.0776,8
254,550156650,50,36.741671370552,127.120048482597,51.679399226792,0.0090,0.0072,121.739699,1.0776,8
255,550156700,50,36.741669403772,127.120052560368,51.681061118841,0.0090,0.0073,120.933945,1.0776,8
256,550156750,50,36.741667414834,127.120056629168,51.680429730564,0.0090,0.0073,121.273672,1.0776,8
257,550156800,50,36.741665425228,127.120060667594,51.681827402674,0.0091,0.0073,121.473046,1.0776,8
258,550156850,50,36.741663462458,127.120064689256,51.676756581292,0.0091,0.0073,121.233232,1.0776,8
259,550156900,50,36.741661470519,127.120068773334,51.679327352904,0.0091,0.0073,121.216744,1.0776,8
260,550156950,50,36.741659454138,127.120072831818,51.678648306057,0.0092,0.0073,121.688104,1.0776,8
261,550157000,50,36.741657506326,127.120076854149,51.673315215856,0.0087,0.0071,121.688154,1.0776,8
262,550157050,50,36.741655459819,127.120080893324,51.668514816090,0.0087,0.0071,122.192274,1.0776,8
263,550157100,50,36.741653479012,127.120084945422,51.675103189424,0.0087,0.0071,121.274127,1.0776,8
264,550157150,50,36.741651480427,127.120088967207,51.671835022047,0.0088,0.0071,121.693744,1.0776,8
265,550157200,50,36.741649495277,127.120092978215,51.675074372441,0.0088,0.0071,121.589799,1.0776,8
266,550157250,50,36.741647521328,127.120097002058,51.674640365876,0.0088,0.0071,121.363914,1.0776,8
267,550157300,50,36.741645528735,127.120101016610,51.670614805073,0.0088,0.0071,121.662934,1.0776,8
268,550157350,50,36.741643496416,127.120105044404,51.675112066790,0.0089,0.0072,122.085530,1.0776,8
269,550157400,50,36.741641514595,127.120109000469,51.675056798384,0.0089,0.0072,121.900346,1.0776,8
270,550157450,50,36.741639516046,127.120113033858,51.675259164535,0.0089,0.0072,121.619521,1.0776,8
271,550157500,50,36.741637553511,127.120117006852,51.672153799795,0.0089,0.0072,121.540328,1.0776,8
272,550157550,50,36.741635521795,127.120120964535,51.673334438354,0.0090,0.0072,122.532327,1.0776,8
273,550157600,50,36.741633545123,127.120124965445,51.672004820779,0.0090,0.0072,121.544826,1.0776,8
274,550157650,50,36.741631561937,127.120128928764,51.669872924685,0.0086,0.0070,121.544875,1.0776,8
275,550157700,50,36.741629518488,127.120132879349,51.663060000166,0.0086,0.0070,122.728885,1.0776,8
276,550157750,50,36.741627565510,127.120136847765,51.661549832672,0.0086,0.0070,121.445205,1.0776,8
277,550157800,50,36.741625553910,127.120140836478,51.663714855909,0.0086,0.0070,122.072743,1.0776,8
278,550157850,50,36.741623577551,127.120144805652,51.669586342759,0.0087,0.0070,121.744606,1.0776,8
279,550157900,50,36.741621565526,127.120148715391,51.664444447495,0.0087,0.0071,122.596001,1.0776,8
280,550157950,50,36.741619560296,127.120152654455,51.665434305556,0.0087,0.0071,122.314363,1.0776,8
281,550158000,50,36.741617592145,127.120156587869,51.665335971862,0.0087,0.0071,121.870053,1.0776,8
282,550158050,50,36.741615555522,127.120160518424,51.664746586233,0.0087,0.0071,122.774143,1.0776,8
283,550158100,50,36.741613584381,127.120164464228,51.663085660897,0.0088,0.0071,121.828266,1.0776,8
284,550158150,50,36.741611585801,127.120168382248,51.657841037028,0.0088,0.0071,122.367039,1.0776,8
285,550158200,50,36.741609617129,127.120172330936,51.655997254886,0.0088,0.0071,121.777345,1.0776,8
286,550158250,50,36.741607582361,127.120176202209,51.661976058036,0.0088,0.0071,123.147794,1.0776,8
287,550158300,50,36.741605593142,127.120180101098,51.658777334727,0.0089,0.0072,122.372215,1.0776,8
288,550158350,50,36.741603584793,127.120184072641,51.660525707528,0.0089,0.0072,122.142259,1.0776,8
289,550158400,50,36.741601571025,127.120187961834,51.662206552923,0.0089,0.0072,122.755715,1.0776,8
290,550158450,50,36.741599589649,127.120191857415,51.663834997453,0.0089,0.0072,122.291896,1.0776,8
291,550158500,50,36.741597596184,127.120195726798,51.651884074323,0.0090,0.0072,122.624783,1.0776,8
292,550158550,50,36.741595600042,127.120199617617,51.656671546400,0.0090,0.0072,122.516080,1.0776,8
293,550158600,50,36.741593582597,127.120203474964,51.650581852533,0.0086,0.0070,122.516127,1.0776,8
294,550158650,50,36.741591578084,127.120207326174,51.646872534417,0.0086,0.0070,122.891670,1.0776,8
295,550158700,50,36.741589557734,127.120211199336,51.643641724251,0.0086,0.0070,122.948796,1.0776,8
296,550158750,50,36.741587564170,127.120215101612,51.642924569547,0.0086,0.0070,122.406273,1.0776,8
297,550158800,50,36.741585559251,127.120218946005,51.644162032753,0.0086,0.0070,122.943258,1.0776,8
298,550158850,50,36.741583539264,127.120222800921,51.638836550526,0.0087,0.0070,123.067670,1.0776,8
299,550158900,50,36.741581542233,127.120226628906,51.642917702906,0.0087,0.0071,122.952016,1.0776,8
300,550158950,50,36.741579541063,127.120230489416,51.636562163010,0.0087,0.0071,122.785105,1.0776,8
301,550159000,50,36.741577538546,127.120234355597,51.631410271861,0.0087,0.0071,122.764372,1.0776,8
302,550159050,50,36.741575551793,127.120238176795,51.632850580849,0.0087,0.0071,122.863528,1.0776,8
303,550159100,50,36.741573532015,127.120241967537,51.630173587240,0.0088,0.0071,123.506221,1.0776,8
304,550159150,50,36.741571533113,127.120245844001,51.628530034795,0.0088,0.0071,122.648108,1.0776,8
305,550159200,50,36.741569504907,127.120249614166,51.628965386190,0.0088,0.0071,123.760053,1.0776,8
306,550159250,50,36.741567554520,127.120253449975,51.628309014253,0.0088,0.0071,122.284088,1.0776,8
307,550159300,50,36.741565541980,127.120257289324,51.620968578383,0.0089,0.0072,123.076905,1.0776,8
308,550159350,50,36.741563512521,127.120261100442,51.624425536022,0.0089,0.0072,123.490935,1.0776,8
309,550159400,50,36.741561510695,127.120264944830,51.624743971974,0.0089,0.0072,122.902890,1.0776,8
310,550159450,50,36.741559489011,127.120268731234,51.624604584649,0.0089,0.0072,123.561302,1.0776,8
311,550159500,50,36.741557504213,127.120272506356,51.621021252126,0.0089,0.0072,123.155260,1.0776,8
312,550159550,50,36.741555458088,127.120276265551,51.619616217911,0.0090,0.0072,124.070708,1.0776,8
313,550159600,50,36.741553419396,127.120280034176,51.622106014751,0.0090,0.0072,123.907505,1.0776,8
314,550159650,50,36.741551418755,127.120283791375,51.618573839776,0.0090,0.0073,123.489512,1.0776,8
315,550159700,50,36.741549351994,127.120287539436,51.618757418357,0.0091,0.0073,124.417204,1.0776,8
316,550159750,50,36.741547369654,127.120291346999,51.630092987791,0.0086,0.0070,124.417251,1.0776,8
317,550159800,50,36.741545471246,127.120295190492,51.627585103735,0.0087,0.0070,121.538223,1.0776,8
318,550159850,50,36.741543582570,127.120299063006,51.626381443813,0.0087,0.0070,121.215743,1.0776,8
319,550159900,50,36.741541808931,127.120302984133,51.628643466160,0.0087,0.0071,119.337322,1.0776,8
320,550159950,50,36.741540138408,127.120306950299,51.631524996832,0.0087,0.0071,117.625054,1.0776,8
321,550160000,50,36.741538525426,127.120310975404,51.629787852988,0.0088,0.0071,116.469553,1.0776,8
322,550160050,50,36.741536912797,127.120314988307,51.628637761809,0.0088,0.0071,116.534002,1.0776,8
323,550160100,50,36.741535266316,127.120318948615,51.621331959963,0.0088,0.0071,117.319734,1.0776,8
324,550160150,50,36.741533525393,127.120322898030,51.628595782444,0.0088,0.0072,118.710069,1.0776,8
325,550160200,50,36.741531791809,127.120326823670,51.625392302871,0.0089,0.0072,118.753848,1.0776,8
326,550160250,50,36.741529990940,127.120330659697,51.627319743857,0.0089,0.0072,120.255822,1.0776,8
327,550160300,50,36.741528162007,127.120334495279,51.626152005047,0.0089,0.0072,120.645788,1.0776,8
328,550160350,50,36.741526253157,127.120338300280,51.627209066413,0.0090,0.0072,121.936788,1.0776,8
329,550160400,50,36.741524306209,127.120341998872,51.627186738886,0.0090,0.0072,123.187451,1.0776,8
330,550160450,50,36.741522300636,127.120345683323,51.624399849214,0.0090,0.0072,124.072425,1.0776,8
331,550160500,50,36.741520261921,127.120349314991,51.632693858817,0.0090,0.0073,124.896489,1.0776,8
332,550160550,50,36.741518250004,127.120352984736,51.630323500372,0.0091,0.0073,124.262981,1.0776,8
333,550160600,50,36.741516255713,127.120356650189,51.628220516257,0.0091,0.0073,124.059890,1.0776,8
334,550160650,50,36.741514317463,127.120360353941,51.623263108544,0.0091,0.0073,123.033490,1.0776,8
335,550160700,50,36.741512427169,127.120364119116,51.624916329049,0.0091,0.0073,121.956157,1.0776,8
336,550160750,50,36.741510588064,127.120367886682,51.623886128888,0.0092,0.0073,121.237966,1.0808,8
337,550160800,50,36.741508760651,127.120371714025,51.644431252964,0.0088,0.0071,121.238012,1.0808,8
338,550160850,50,36.741507049505,127.120375569319,51.644096891396,0.0088,0.0071,118.876169,1.0808,8
339,550160900,50,36.741505420837,127.120379487362,51.647001892328,0.0088,0.0071,117.316281,1.0808,8
340,550160950,50,36.741503772402,127.120383374062,51.644675577059,0.0088,0.0071,117.788458,1.0808,8
341,550161000,50,36.741502088932,127.120387217427,51.642784585245,0.0088,0.0072,118.557286,1.0808,8
342,550161050,50,36.741500352158,127.120391061113,51.647349783219,0.0089,0.0072,119.311462,1.0808,8
343,550161100,50,36.741498608849,127.120394862152,51.641268367879,0.0089,0.0072,119.677615,1.0808,8
344,550161150,50,36.741496777285,127.120398576329,51.650021750480,0.0089,0.0072,121.496796,1.0808,8
345,550161200,50,36.741494879982,127.120402277577,51.645891522989,0.0089,0.0072,122.494420,1.0808,8
346,550161250,50,36.741492976607,127.120405912598,51.648395125754,0.0090,0.0072,123.048559,1.0808,8
347,550161300,50,36.741490967264,127.120409479891,51.643234084360,0.0090,0.0072,124.987228,1.0808,8
348,550161350,50,36.741488906146,127.120412998554,51.649414957501,0.0090,0.0072,126.048281,1.0808,8
349,550161400,50,36.741486874859,127.120416506235,51.645295978524,0.0090,0.0073,125.736615,1.0808,8
350,550161450,50,36.741484836436,127.120420073590,51.641996648163,0.0091,0.0073,125.374435,1.0808,8
351,550161500,50,36.741482852726,127.120423654470,51.644258205779,0.0091,0.0073,124.540613,1.0808,8
352,550161550,50,36.741480889192,127.120427271795,51.639740957879,0.0091,0.0073,123.998077,1.0808,8
353,550161600,50,36.741478974577,127.120430878640,51.638644241728,0.0091,0.0073,123.407528,1.0808,8
354,550161650,50,36.741477082625,127.120434568548,51.644187443890,0.0092,0.0073,122.500728,1.0808,8
355,550161700,50,36.741475266201,127.120438241726,51.642970617861,0.0092,0.0074,121.568270,1.0808,8
356,550161750,50,36.741473549825,127.120442004035,51.643568962812,0.0092,0.0074,119.546436,1.0808,8
357,550161800,50,36.741471818691,127.120445785857,51.646391778253,0.0092,0.0074,119.629795,1.0808,8
358,550161850,50,36.741470133872,127.120449579944,51.646566800773,0.0093,0.0074,118.888176,1.0808,8
359,550161900,50,36.741468385928,127.120453346260,51.642361326143,0.0093,0.0074,119.970087,1.0808,8
360,550161950,50,36.741466626217,127.120457133583,51.646823865362,0.0093,0.0075,119.998521,1.0808,8
361,550162000,50,36.741464785179,127.120460824963,51.644579378888,0.0094,0.0075,121.786324,1.0808,8
362,550162050,50,36.741462889581,127.120464466523,51.645668820478,0.0094,0.0075,122.894386,1.0808,8
363,550162100,50,36.741460955602,127.120468107734,51.656444157474,0.0089,0.0072,122.894432,1.0808,8
364,550162150,50,36.741458950802,127.120471663440,51.656296657398,0.0089,0.0072,125.013873,1.0808,8
365,550162200,50,36.741456931579,127.120475123574,51.646669191308,0.0090,0.0072,125.945785,1.0808,8
366,550162250,50,36.741454824737,127.120478598914,51.659160079435,0.0090,0.0072,126.988935,1.0808,8
367,550162300,50,36.741452689493,127.120482027471,51.648689319380,0.0090,0.0073,127.733517,1.0808,8
368,550162350,50,36.741450614662,127.120485504733,51.649741152301,0.0090,0.0073,126.553102,1.0808,8
369,550162400,50,36.741448506696,127.120489018138,51.647008613683,0.0091,0.0073,126.704071,1.0808,8
370,550162450,50,36.741446454998,127.120492576548,51.647213166580,0.0091,0.0073,125.618249,1.0808,8
371,550162500,50,36.741444453904,127.120496175692,51.646718602628,0.0091,0.0073,124.638012,1.0808,8
372,550162550,50,36.741442525586,127.120499825687,51.647163935006,0.0091,0.0073,123.282268,1.0808,8
373,550162600,50,36.741440629912,127.120503475716,51.645782071166,0.0087,0.0071,123.282312,1.0808,8
374,550162650,50,36.741438778960,127.120507172453,51.649743733928,0.0087,0.0071,121.887031,1.0808,8
375,550162700,50,36.741437003266,127.120510956904,51.649091000669,0.0087,0.0071,120.242314,1.0808,8
376,550162750,50,36.741435223547,127.120514740950,51.644353236072,0.0088,0.0071,120.301451,1.0808,8
377,550162800,50,36.741433432571,127.120518462841,51.641558988951,0.0088,0.0071,120.875374,1.0808,8
378,550162850,50,36.741431550532,127.120522196359,51.645712227561,0.0088,0.0071,122.060891,1.0808,8
379,550162900,50,36.741429615235,127.120525867274,51.647637285292,0.0088,0.0071,123.227057,1.0808,8
380,550162950,50,36.741427629389,127.120529487943,51.648362885229,0.0089,0.0072,124.274195,1.0808,8
381,550163000,50,36.741425638385,127.120533133267,51.644260536879,0.0089,0.0072,124.162491,1.0808,8
382,550163050,50,36.741423551249,127.120536694160,51.645369455218,0.0089,0.0072,126.065019,1.0808,8
383,550163100,50,36.741421376483,127.120540203626,51.649523471482,0.0089,0.0072,127.595371,1.0808,8
384,550163150,50,36.741419206592,127.120543693907,51.642286827788,0.0089,0.0072,127.685084,1.0808,8
385,550163200,50,36.741416963886,127.120547229638,51.648367254995,0.0090,0.0072,128.242714,1.0808,8
386,550163250,50,36.741414757226,127.120550792897,51.648346124217,0.0090,0.0072,127.577293,1.0808,8
387,550163300,50,36.741412579039,127.120554332664,51.646542051807,0.0090,0.0073,127.400970,1.0808,8
388,550163350,50,36.741410450983,127.120557966413,51.644435350783,0.0090,0.0073,126.042166,1.0808,8
389,550163400,50,36.741408325776,127.120561623151,51.647198284976,0.0091,0.0073,125.833984,1.0808,8
390,550163450,50,36.741406245680,127.120565344180,51.643173846416,0.0091,0.0073,124.783254,1.0808,8
391,550163500,50,36.741404205773,127.120569087471,51.650385865010,0.0091,0.0073,124.102458,1.0808,8
392,550163550,50,36.741402239308,127.120572897799,51.646877229214,0.0091,0.0073,122.670090,1.0808,8
393,550163600,50,36.741400340790,127.120576746907,51.639256005175,0.0087,0.0071,122.670133,1.0808,8
394,550163650,50,36.741398441360,127.120580677172,51.643909239210,0.0088,0.0071,120.984458,1.0808,8
395,550163700,50,36.741396499053,127.120584529208,51.648519762792,0.0088,0.0071,122.067830,1.0808,8
396,550163750,50,36.741394485949,127.120588381432,51.636711250991,0.0088,0.0071,122.996546,1.0808,8
397,550163800,50,36.741392380851,127.120592163448,51.632149896584,0.0088,0.0071,124.667683,1.0808,8
398,550163850,50,36.741390252001,127.120595945998,51.641109781340,0.0088,0.0072,124.965218,1.0808,8
399,550163900,50,36.741388048128,127.120599660577,51.636040416546,0.0089,0.0072,126.397429,1.0808,8
400,550163950,50,36.741385820407,127.120603347734,51.632263883948,0.0089,0.0072,126.896049,1.0808,8
401,550164000,50,36.741383498462,127.120607003398,51.638120740652,0.0089,0.0072,128.280736,1.0808,8
402,550164050,50,36.741381100090,127.120610536647,51.638414029963,0.0089,0.0072,130.145165,1.0808,8
403,550164100,50,36.741378720820,127.120614077136,51.630861994810,0.0090,0.0073,129.861819,1.0808,8
404,550164150,50,36.741376358714,127.120617694814,51.636708571576,0.0090,0.0073,129.051956,1.0808,8
405,550164200,50,36.741373985216,127.120621313365,51.631974043325,0.0090,0.0073,129.180121,1.0808,8
406,550164250,50,36.741371626418,127.120624991010,51.630265529267,0.0090,0.0073,128.552751,1.0808,8
407,550164300,50,36.741369378839,127.120628745264,51.627126248553,0.0091,0.0073,126.644394,1.0808,8
408,550164350,50,36.741367128081,127.120632531555,51.634408299811,0.0091,0.0073,126.450205,1.0808,8
409,550164400,50,36.741364927879,127.120636332303,51.634732339531,0.0091,0.0073,125.726724,1.0808,8
410,550164450,50,36.741362837459,127.120640273274,51.637530996464,0.0091,0.0074,123.387870,1.0808,8
411,550164500,50,36.741360745510,127.120644232813,51.632760736160,0.0092,0.0074,123.283463,1.0808,8
412,550164550,50,36.741358697639,127.120648189799,51.639335832559,0.0092,0.0074,122.742903,1.0808,8
413,550164600,50,36.741356528099,127.120652136419,51.634736642241,0.0088,0.0072,122.742948,1.0808,8
414,550164650,50,36.741354379754,127.120656041155,51.639202514663,0.0088,0.0072,124.357458,1.0808,8
415,550164700,50,36.741352116380,127.120659869544,51.634274220094,0.0089,0.0072,126.300655,1.0808,8
416,550164750,50,36.741349852530,127.120663695568,51.638552593067,0.0089,0.0072,126.323286,1.0808,8
417,550164800,50,36.741347520997,127.120667484034,51.636842994019,0.0089,0.0072,127.404629,1.0808,8
418,550164850,50,36.741345071885,127.120671127720,51.636283692904,0.0090,0.0072,129.867471,1.0808,8
419,550164900,50,36.741342608318,127.120674681913,51.624732272699,0.0090,0.0073,130.736616,1.0808,8
420,550164950,50,36.741340158364,127.120678342066,51.619048382156,0.0090,0.0073,129.750084,1.0808,8
421,550165000,50,36.741337605587,127.120681952449,51.633771322668,0.0090,0.0073,131.300779,1.0808,8
422,550165050,50,36.741335132813,127.120685632470,51.646112800576,0.0091,0.0073,129.858791,1.0808,8
423,550165100,50,36.741332688946,127.120689263014,51.624792312272,0.0091,0.0074,129.908880,1.0808,8
424,550165150,50,36.741330142946,127.120692990612,51.629828313366,0.0092,0.0074,130.319947,1.0808,8
425,550165200,50,36.741327765282,127.120696713026,51.616668655537,0.0092,0.0074,128.437365,1.0808,8
426,550165250,50,36.741325494762,127.120700586076,51.627724131569,0.0092,0.0074,126.070021,1.0808,8
427,550165300,50,36.741323159032,127.120704410316,51.627601795830,0.0093,0.0074,127.194686,1.0808,8
428,550165350,50,36.741320887843,127.120708316596,51.624243893661,0.0093,0.0075,125.845383,1.0808,8
429,550165400,50,36.741318746293,127.120712332799,51.631237537600,0.0093,0.0075,123.526355,1.0808,8
430,550165450,50,36.741316509867,127.120716260276,51.619708924554,0.0094,0.0076,125.280571,1.0808,8
431,550165500,50,36.741314314329,127.120720223776,51.619939531200,0.0095,0.0076,124.538937,1.0808,8
432,550165550,50,36.741312035030,127.120724109797,51.635150956921,0.0095,0.0076,126.084053,1.0808,8
433,550165600,50,36.741309686348,127.120727925229,51.622481979430,0.0095,0.0076,127.411106,1.0808,8
434,550165650,50,36.741307303492,127.120731748590,51.621385848150,0.0095,0.0076,127.753629,1.0808,8
435,550165700,50,36.741304860985,127.120735402252,51.620987818576,0.0095,0.0076,129.714297,1.0808,8
436,550165750,50,36.741302377149,127.120739058961,51.607302220538,0.0096,0.0076,130.163979,1.0808,8
437,550165800,50,36.741299803742,127.120742653890,51.604896256700,0.0092,0.0074,130.164024,1.0808,8
438,550165850,50,36.741297209593,127.120746206791,51.608013330027,0.0092,0.0074,132.215191,1.0808,8
439,550165900,50,36.741294578828,127.120749767498,51.608722164296,0.0092,0.0074,132.552440,1.0808,8
440,550165950,50,36.741291999821,127.120753306492,51.611012723297,0.0092,0.0074,132.160105,1.0808,8
441,550166000,50,36.741289455175,127.120756917061,51.605677061714,0.0092,0.0074,131.208685,1.0808,8
442,550166050,50,36.741286903934,127.120760549931,51.605133594945,0.0092,0.0074,131.107350,1.0808,8
443,550166100,50,36.741284439187,127.120764288326,51.605615701526,0.0092,0.0074,129.324440,1.0808,8
444,550166150,50,36.741281996339,127.120767986284,51.606625413522,0.0092,0.0074,129.379232,1.0808,8
445,550166200,50,36.741279609771,127.120771834678,51.603558228351,0.0092,0.0075,127.615913,1.0808,8
446,550166250,50,36.741277336907,127.120775663289,51.602067567408,0.0092,0.0075,126.413462,1.0808,8
447,550166300,50,36.741275085185,127.120779570394,51.607428407297,0.0093,0.0075,125.605830,1.0808,8
448,550166350,50,36.741272871495,127.120783521015,51.604749808088,0.0093,0.0075,124.846966,1.0808,8
449,550166400,50,36.741270575991,127.120787425139,51.603144682944,0.0093,0.0075,126.150540,1.0808,8
450,550166450,50,36.741268245902,127.120791232833,51.606693123467,0.0093,0.0075,127.247605,1.0808,8
451,550166500,50,36.741265888267,127.120794991269,51.600214369595,0.0093,0.0075,127.933675,1.0808,8
452,550166550,50,36.741263459612,127.120798631546,51.593130335212,0.0093,0.0075,129.657485,1.0808,8
453,550166600,50,36.741261000814,127.120802339833,51.604244529270,0.0094,0.0075,129.483746,1.0808,8
454,550166650,50,36.741258426472,127.120805944245,51.600667604245,0.0094,0.0075,131.586917,1.0808,8
455,550166700,50,36.741255827743,127.120809446772,51.604981384240,0.0094,0.0075,132.672919,1.0808,8
456,550166750,50,36.741253197335,127.120812849701,51.597125628032,0.0094,0.0076,133.844225,1.0808,8
457,550166800,50,36.741250569047,127.120816250305,51.597925737500,0.0094,0.0076,133.840706,1.0808,8
458,550166850,50,36.741247931478,127.120819654064,51.590681129135,0.0095,0.0076,133.915066,1.0808,8
459,550166900,50,36.741245372891,127.120823181633,51.589969110675,0.0095,0.0076,132.025642,1.0808,8
460,550166950,50,36.741242712674,127.120826683497,51.593951611780,0.0095,0.0076,133.346622,1.0808,8
461,550167000,50,36.741240272182,127.120830255505,51.591549784876,0.0091,0.0073,133.346667,1.0808,8
462,550167050,50,36.741237847681,127.120833887925,51.587350970134,0.0091,0.0074,129.670137,1.0808,8
463,550167100,50,36.741235402539,127.120837575314,51.585961704142,0.0091,0.0074,129.486067,1.0808,8
464,550167150,50,36.741233043615,127.120841250848,51.587113843299,0.0091,0.0074,128.570237,1.0808,8
465,550167200,50,36.741230826123,127.120845067413,51.585818391293,0.0091,0.0074,125.826534,1.0808,8
466,550167250,50,36.741228597953,127.120848853702,51.591944032349,0.0092,0.0074,126.174421,1.0808,8
467,550167300,50,36.741226276347,127.120852558936,51.600527014583,0.0092,0.0074,127.901917,1.0808,8
468,550167350,50,36.741223957171,127.120856263352,51.596234107390,0.0092,0.0074,127.878967,1.0808,8
469,550167400,50,36.741221444138,127.120859828388,51.579868542962,0.0093,0.0075,131.214045,1.0808,8
470,550167450,50,36.741218936608,127.120863361309,51.581234419718,0.0093,0.0075,131.408849,1.0808,8
471,550167500,50,36.741216413761,127.120866844635,51.581039482728,0.0093,0.0075,131.984461,1.0808,8
472,550167550,50,36.741213927998,127.120870311129,51.583424435928,0.0093,0.0075,131.700731,1.0808,8
473,550167600,50,36.741211368648,127.120873718431,51.593499893323,0.0089,0.0073,131.700775,1.0808,8
474,550167650,50,36.741208695254,127.120877034439,51.602835969999,0.0089,0.0073,135.049583,1.0808,8
475,550167700,50,36.741206009550,127.120880327445,51.585778522305,0.0090,0.0073,135.380594,1.0808,8
476,550167750,50,36.741203385518,127.120883648332,51.601059195586,0.0090,0.0073,134.473568,1.0808,8
477,550167800,50,36.741200746745,127.120886951815,51.584554845467,0.0090,0.0073,134.784577,1.0808,8
478,550167850,50,36.741198178139,127.120890363794,51.587563665584,0.0091,0.0073,133.088151,1.0808,8
479,550167900,50,36.741195654677,127.120893740756,51.578820662573,0.0091,0.0073,132.876227,1.0808,8
480,550167950,50,36.741193214812,127.120897260778,51.576581053436,0.0091,0.0073,130.736354,1.0808,8
481,550168000,50,36.741190805096,127.120900796279,51.578774417751,0.0091,0.0073,130.260400,1.0808,8
482,550168050,50,36.741188519043,127.120904409664,51.589645926841,0.0091,0.0074,128.170772,1.0808,8
483,550168100,50,36.741186227579,127.120908054451,51.590571174398,0.0091,0.0074,127.995832,1.0808,8
484,550168150,50,36.741183901610,127.120911630542,51.582529898733,0.0092,0.0074,128.943871,1.0808,8
485,550168200,50,36.741181562443,127.120915256189,51.581550407223,0.0092,0.0074,128.717073,1.0808,8
486,550168250,50,36.741179211777,127.120918813255,51.579661906697,0.0092,0.0074,129.389844,1.0808,8
