0,550604100,50,36.742186360826,127.118569649030,51.653622819111,0.0083,0.0066,168.550855,1.1020,8
1,550604150,50,36.742186364219,127.118569652736,51.656114358455,0.0083,0.0067,41.318885,1.1020,8
2,550604200,50,36.742186367801,127.118569667102,51.655935189687,0.0083,0.0067,72.785569,1.1020,8
3,550604250,50,36.742186360088,127.118569655347,51.657615972683,0.0083,0.0067,230.807928,1.1020,8
4,550604300,50,36.742186361033,127.118569635332,51.661879267544,0.0084,0.0067,273.357410,1.1020,8
5,550604350,50,36.742186361267,127.118569651236,51.653153129853,0.0084,0.0067,88.954320,1.1020,8
6,550604400,50,36.742186370630,127.118569667387,51.658155194484,0.0084,0.0067,54.233259,1.1020,8
7,550604450,50,36.742186362345,127.118569652464,51.652215592563,0.0084,0.0067,235.401385,1.1020,8
8,550604500,50,36.742186361210,127.118569649211,51.656649097800,0.0084,0.0067,246.564378,1.1020,8
9,550604550,50,36.742186364499,127.118569661382,51.659732944332,0.0084,0.0067,71.440962,1.1020,8
10,550604600,50,36.742186372307,127.118569650412,51.657425650395,0.0084,0.0067,311.488774,1.1020,8
11,550604650,50,36.742186369739,127.118569649773,51.656439647079,0.0085,0.0067,191.328040,1.1020,8
12,550604700,50,36.742186382695,127.118569670916,51.662108229473,0.0082,0.0066,191.328040,1.1020,8
13,550604750,50,36.742186377410,127.118569666752,51.664793439209,0.0082,0.0066,212.380718,1.1020,8
14,550604800,50,36.742186374649,127.118569651273,51.662350298837,0.0083,0.0066,257.505032,1.1020,8
15,550604850,50,36.742186366483,127.118569665761,51.663656641729,0.0083,0.0066,125.008017,1.1020,8
16,550604900,50,36.742186362726,127.118569663302,51.667431051843,0.0083,0.0066,207.783905,1.1020,8
17,550604950,50,36.742186364988,127.118569676118,51.664745284244,0.0083,0.0066,77.629487,1.1020,8
18,550605000,50,36.742186376947,127.118569657125,51.666036359966,0.0083,0.0066,308.037624,1.1020,8
19,550605050,50,36.742186370230,127.118569661508,51.665021989495,0.0083,0.0066,152.292780,1.1020,8
20,550605100,50,36.742186372792,127.118569676583,51.663072112948,0.0083,0.0067,78.078200,1.1020,8
21,550605150,50,36.742186374935,127.118569660753,51.668045928702,0.0083,0.0067,279.549366,1.1020,8
22,550605200,50,36.742186365010,127.118569646056,51.665639610030,0.0083,0.0067,229.998475,1.1020,8
23,550605250,50,36.742186376016,127.118569670803,51.664468883537,0.0083,0.0067,61.074129,1.1020,8
24,550605300,50,36.742186370032,127.118569669125,51.668237380683,0.0084,0.0067,192.720801,1.1020,8
25,550605350,50,36.742186364605,127.118569661738,51.670659326948,0.0084,0.0067,227.609270,1.1020,8
26,550605400,50,36.742186384622,127.118569640924,51.675350888632,0.0084,0.0067,320.075929,1.1020,8
27,550605450,50,36.742186353226,127.118569650396,51.665557356551,0.0084,0.0067,166.351696,1.1020,8
28,550605500,50,36.742186356422,127.118569657237,51.678073979914,0.0084,0.0067,59.867755,1.1020,8
29,550605550,50,36.742186364378,127.118569650281,51.673461598344,0.0084,0.0068,324.867818,1.1020,8
30,550605600,50,36.742186361689,127.118569657488,51.664310554042,0.0085,0.0068,114.872160,1.1020,8
31,550605650,50,36.742186362168,127.118569675464,51.667892279103,0.0085,0.0068,88.103954,1.1020,8
32,550605700,50,36.742186377702,127.118569647613,51.667402978987,0.0085,0.0068,304.723012,1.1020,8
33,550605750,50,36.742186375927,127.118569652750,51.669186310843,0.0085,0.0068,113.236805,1.1020,8
34,550605800,50,36.742186363390,127.118569676087,51.660353758372,0.0083,0.0066,113.236806,1.1020,8
35,550605850,50,36.742186371158,127.118569668808,51.657710522413,0.0083,0.0066,322.980467,1.1020,8
36,550605900,50,36.742186374379,127.118569663085,51.660552119836,0.0083,0.0066,304.959194,1.1020,8
37,550605950,50,36.742186369143,127.118569674839,51.663845126517,0.0083,0.0066,118.964435,1.1020,8
38,550606000,50,36.742186363548,127.118569672146,51.653685844503,0.0083,0.0067,201.175435,1.1020,8
39,550606050,50,36.742186364825,127.118569673407,51.653838676400,0.0083,0.0067,38.488801,1.1020,8
40,550606100,50,36.742186376213,127.118569647800,51.658397940919,0.0083,0.0067,298.925709,1.1020,8
41,550606150,50,36.742186375562,127.118569658364,51.660827470012,0.0083,0.0067,94.380449,1.1020,8
42,550606200,50,36.742186388080,127.118569640350,51.660488457419,0.0083,0.0067,310.810493,1.1020,8
43,550606250,50,36.742186373188,127.118569658526,51.656731155701,0.0084,0.0067,135.512927,1.1020,8
44,550606300,50,36.742186374298,127.118569659054,51.657129188068,0.0084,0.0067,20.951654,1.1020,8
45,550606350,50,36.742186374142,127.118569664387,51.658416212536,0.0084,0.0067,92.083605,1.1020,8
46,550606400,50,36.742186376940,127.118569655336,51.657223393209,0.0084,0.0067,291.014265,1.1020,8
47,550606450,50,36.742186381419,127.118569651142,51.657403732650,0.0084,0.0067,323.001555,1.1020,8
48,550606500,50,36.742186382097,127.118569657468,51.661742856726,0.0084,0.0067,82.409208,1.1020,8
49,550606550,50,36.742186386452,127.118569644160,51.655367739499,0.0084,0.0067,292.127166,1.1020,8
50,550606600,50,36.742186367323,127.118569634271,51.658057176508,0.0084,0.0067,202.588595,1.1020,8
51,550606650,50,36.742186378839,127.118569659146,51.654074926861,0.0084,0.0067,60.089929,1.1020,8
52,550606700,50,36.742186386357,127.118569646772,51.651865559630,0.0085,0.0068,307.050430,1.1020,8
53,550606750,50,36.742186378184,127.118569630903,51.653684104793,0.0085,0.0068,237.383611,1.1020,8
54,550606800,50,36.742186391807,127.118569637762,51.651005135849,0.0085,0.0068,22.058071,1.1020,8
55,550606850,50,36.742186375407,127.118569636872,51.654674360529,0.0085,0.0068,182.502018,1.1020,8
56,550606900,50,36.742186387159,127.118569640733,51.653431742452,0.0085,0.0068,14.810903,1.1020,8
57,550606950,50,36.742186372111,127.118569648953,51.652345718816,0.0085,0.0068,156.270553,1.1020,8
58,550607000,50,36.742186370102,127.118569627515,51.653996408917,0.0083,0.0066,156.270553,1.1020,8
59,550607050,50,36.742186365962,127.118569639983,51.653170995414,0.0083,0.0066,112.419647,1.1020,8
60,550607100,50,36.742186369281,127.118569650376,51.651146442629,0.0083,0.0066,68.356938,1.1020,8
61,550607150,50,36.742186371464,127.118569638042,51.656366159208,0.0083,0.0066,282.397476,1.1020,8
62,550607200,50,36.742186373376,127.118569644890,51.653941507451,0.0083,0.0067,70.866240,1.1020,8
63,550607250,50,36.742186368816,127.118569628795,51.648668452166,0.0083,0.0067,250.606271,1.1020,8
64,550607300,50,36.742186370180,127.118569643604,51.647547286004,0.0083,0.0067,83.468163,1.1020,8
65,550607350,50,36.742186377917,127.118569639623,51.650595996529,0.0083,0.0067,337.503786,1.1020,8
66,550607400,50,36.742186372742,127.118569641008,51.654105603695,0.0083,0.0067,167.845435,1.1020,8
67,550607450,50,36.742186365065,127.118569624239,51.654135516845,0.0084,0.0067,240.365594,1.1020,8
68,550607500,50,36.742186384299,127.118569642867,51.653294625692,0.0084,0.0067,37.934877,1.1020,8
69,550607550,50,36.742186374708,127.118569640857,51.650710434653,0.0084,0.0067,189.573703,1.1020,8
70,550607600,50,36.742186363624,127.118569652948,51.658714463934,0.0082,0.0066,189.573703,1.1020,8
71,550607650,50,36.742186369231,127.118569668532,51.656589087099,0.0082,0.0066,65.911276,1.1020,8
72,550607700,50,36.742186378776,127.118569665436,51.653639814816,0.0082,0.0066,345.372017,1.1020,8
73,550607750,50,36.742186384268,127.118569644908,51.655945801176,0.0082,0.0066,288.388784,1.1020,8
74,550607800,50,36.742186376961,127.118569643656,51.654404012486,0.0082,0.0066,187.848732,1.1020,8
75,550607850,50,36.742186379686,127.118569642288,51.650897126645,0.0082,0.0066,338.001317,1.1020,8
76,550607900,50,36.742186365187,127.118569655257,51.651161035523,0.0082,0.0066,144.249712,1.1020,8
77,550607950,50,36.742186376243,127.118569648058,51.647072797641,0.0082,0.0066,332.341787,1.1020,8
78,550608000,50,36.742186370219,127.118569624696,51.657924642786,0.0082,0.0066,252.233937,1.1020,8
79,550608050,50,36.742186369697,127.118569640251,51.656743925065,0.0083,0.0066,92.390172,1.1020,8
80,550608100,50,36.742186396896,127.118569665177,51.648633751087,0.0083,0.0066,36.410297,1.1020,8
81,550608150,50,36.742186366952,127.118569630156,51.647527838126,0.0083,0.0066,223.266797,1.1020,8
82,550608200,50,36.742186376357,127.118569627086,51.656907089986,0.0083,0.0067,345.279093,1.1020,8
83,550608250,50,36.742186375621,127.118569642440,51.651262442581,0.0083,0.0067,93.410735,1.1020,8
84,550608300,50,36.742186362369,127.118569631676,51.647082382813,0.0083,0.0067,213.175163,1.1020,8
85,550608350,50,36.742186386107,127.118569661280,51.651957057416,0.0083,0.0067,45.106844,1.1020,8
86,550608400,50,36.742186388639,127.118569630980,51.646774533205,0.0083,0.0067,275.927922,1.1020,8
87,550608450,50,36.742186380578,127.118569640686,51.652592884377,0.0084,0.0067,135.898746,1.1020,8
88,550608500,50,36.742186387496,127.118569627654,51.649967588484,0.0084,0.0067,303.409020,1.1020,8
89,550608550,50,36.742186389187,127.118569634591,51.648682730272,0.0084,0.0067,73.154162,1.1020,8
90,550608600,50,36.742186386147,127.118569676089,51.655357050709,0.0082,0.0066,73.154162,1.1020,8
91,550608650,50,36.742186383594,127.118569662024,51.651919714175,0.0082,0.0066,257.289033,1.1020,8
92,550608700,50,36.742186384748,127.118569668849,51.655898270197,0.0082,0.0066,78.124348,1.1020,8
93,550608750,50,36.742186376715,127.118569649282,51.655632288195,0.0082,0.0066,242.972239,1.1020,8
94,550608800,50,36.742186382711,127.118569668630,51.653184719384,0.0082,0.0066,68.939750,1.1020,8
95,550608850,50,36.742186385831,127.118569673383,51.656805559061,0.0082,0.0066,50.805872,1.1020,8
96,550608900,50,36.742186372694,127.118569652241,51.656777127646,0.0082,0.0066,232.331249,1.1020,8
97,550608950,50,36.742186380538,127.118569675165,51.653506826609,0.0082,0.0066,66.967662,1.1020,8
98,550609000,50,36.742186388509,127.118569662011,51.649474639446,0.0083,0.0066,306.979547,1.1020,8
99,550609050,50,36.742186375224,127.118569662639,51.652393708937,0.0083,0.0066,177.823102,1.1020,8
100,550609100,50,36.742186368140,127.118569665186,51.650836547837,0.0083,0.0066,163.860351,1.1020,8
101,550609150,50,36.742186383919,127.118569669594,51.655980853364,0.0083,0.0066,12.671340,1.1020,8
102,550609200,50,36.742186390596,127.118569663299,51.653708685189,0.0083,0.0066,322.808586,1.1020,8
103,550609250,50,36.742186382107,127.118569669625,51.654934365302,0.0083,0.0066,149.050425,1.1020,8
104,550609300,50,36.742186385074,127.118569656615,51.652048350312,0.0083,0.0067,285.821618,1.1020,8
105,550609350,50,36.742186382989,127.118569657307,51.652156542055,0.0083,0.0067,165.036193,1.1020,8
106,550609400,50,36.742186366540,127.118569670109,51.653007855639,0.0083,0.0067,147.937993,1.1020,8
107,550609450,50,36.742186382425,127.118569649459,51.653349743225,0.0083,0.0067,313.706565,1.1020,8
108,550609500,50,36.742186374838,127.118569662105,51.654800631106,0.0084,0.0067,126.702876,1.1020,8
109,550609550,50,36.742186386277,127.118569649600,51.653929622844,0.0084,0.0067,318.658116,1.1020,8
110,550609600,50,36.742186383220,127.118569650996,51.653933381662,0.0082,0.0065,318.658116,1.1020,8
111,550609650,50,36.742186396692,127.118569657713,51.658038775437,0.0082,0.0066,21.864856,1.1020,8
112,550609700,50,36.742186366806,127.118569661814,51.656050226651,0.0082,0.0066,173.697745,1.1020,8
113,550609750,50,36.742186385052,127.118569656373,51.658912081271,0.0082,0.0066,346.504728,1.1020,8
114,550609800,50,36.742186385351,127.118569672646,51.655865499750,0.0082,0.0066,88.693711,1.1020,8
115,550609850,50,36.742186388403,127.118569653956,51.657134330831,0.0082,0.0066,281.470174,1.1020,8
116,550609900,50,36.742186371319,127.118569638350,51.657545972615,0.0082,0.0066,216.322323,1.1020,8
117,550609950,50,36.742186372074,127.118569666955,51.657268370502,0.0082,0.0066,88.122133,1.1020,8
118,550610000,50,36.742186381315,127.118569663878,51.657583341934,0.0082,0.0066,345.000622,1.1020,8
119,550610050,50,36.742186366355,127.118569673154,51.657441169955,0.0082,0.0066,153.479730,1.1020,8
120,550610100,50,36.742186383406,127.118569653917,51.655271189287,0.0083,0.0066,317.759842,1.1020,8
121,550610150,50,36.742186381885,127.118569657299,51.655513051897,0.0083,0.0066,119.190639,1.1020,8
122,550610200,50,36.742186380984,127.118569657173,51.652455506846,0.0083,0.0066,186.410290,1.1020,8
123,550610250,50,36.742186375370,127.118569666294,51.661128002219,0.0083,0.0066,127.406431,1.1020,8
124,550610300,50,36.742186388300,127.118569661985,51.659327774309,0.0083,0.0066,344.985869,1.1020,8
125,550610350,50,36.742186385820,127.118569675045,51.659060708247,0.0083,0.0066,103.276517,1.1020,8
126,550610400,50,36.742186369125,127.118569678791,51.654273493215,0.0083,0.0067,169.764394,1.1020,8
127,550610450,50,36.742186384592,127.118569649194,51.655565951020,0.0083,0.0067,302.997397,1.1020,8
128,550610500,50,36.742186379242,127.118569665241,51.660590190440,0.0084,0.0067,112.502607,1.1020,8
129,550610550,50,36.742186375597,127.118569665077,51.660193590447,0.0084,0.0067,182.074716,1.1020,8
130,550610600,50,36.742186362267,127.118569665418,51.658231956884,0.0084,0.0067,178.819691,1.1020,8
131,550610650,50,36.742186373182,127.118569663325,51.658528185450,0.0084,0.0067,351.226600,1.1020,8
132,550610700,50,36.742186391638,127.118569673956,51.658849478699,0.0084,0.0067,24.870997,1.1020,8
133,550610750,50,36.742186369245,127.118569667164,51.663213751279,0.0082,0.0066,24.870997,1.1020,8
134,550610800,50,36.742186381218,127.118569675689,51.661376346834,0.0082,0.0066,29.810856,1.1020,8
135,550610850,50,36.742186385026,127.118569673349,51.661110307090,0.0082,0.0066,333.686187,1.1020,8
136,550610900,50,36.742186379930,127.118569677591,51.657895341516,0.0082,0.0066,146.182293,1.1020,8
137,550610950,50,36.742186372060,127.118569687128,51.662658130750,0.0082,0.0066,135.713260,1.1020,8
138,550611000,50,36.742186373157,127.118569682904,51.662788372487,0.0082,0.0066,287.879460,1.1020,8
139,550611050,50,36.742186392493,127.118569688837,51.658321223222,0.0082,0.0066,13.870481,1.1020,8
140,550611100,50,36.742186380007,127.118569665796,51.660448763520,0.0082,0.0066,236.046658,1.1020,8
141,550611150,50,36.742186395217,127.118569679985,51.663915193640,0.0083,0.0066,36.899116,1.1020,8
142,550611200,50,36.742186368574,127.118569663027,51.658417169936,0.0083,0.0066,207.123449,1.1020,8
143,550611250,50,36.742186376315,127.118569657347,51.655829666182,0.0083,0.0066,329.438037,1.1020,8
144,550611300,50,36.742186388076,127.118569676026,51.661205315031,0.0083,0.0066,51.963381,1.1020,8
145,550611350,50,36.742186373251,127.118569662687,51.657953241840,0.0083,0.0066,215.909969,1.1020,8
146,550611400,50,36.742186393096,127.118569678523,51.652576160617,0.0083,0.0066,32.708195,1.1020,8
147,550611450,50,36.742186372809,127.118569671806,51.655458185822,0.0083,0.0067,194.919038,1.1020,8
148,550611500,50,36.742186371798,127.118569686856,51.659814081155,0.0083,0.0067,94.768323,1.1020,8
149,550611550,50,36.742186377521,127.118569656122,51.656815020368,0.0084,0.0067,283.026072,1.1020,8
150,550611600,50,36.742186390831,127.118569652764,51.656951638870,0.0084,0.0067,348.523190,1.1020,8
151,550611650,50,36.742186374842,127.118569670885,51.656495546922,0.0084,0.0067,137.632040,1.1020,8
152,550611700,50,36.742186368402,127.118569671172,51.660631181672,0.0084,0.0067,177.941067,1.1020,8
153,550611750,50,36.742186377139,127.118569660475,51.657131148502,0.0084,0.0067,315.421001,1.1020,8
154,550611800,50,36.742186369524,127.118569654196,51.658694598824,0.0084,0.0067,213.565958,1.1020,8
155,550611850,50,36.742186373577,127.118569662427,51.657670877874,0.0084,0.0067,58.540683,1.1020,8
156,550611900,50,36.742186374690,127.118569680653,51.657342594117,0.0084,0.0067,85.660323,1.1020,8
157,550611950,50,36.742186364675,127.118569659823,51.660119469278,0.0085,0.0067,239.145556,1.1020,8
158,550612000,50,36.742186359725,127.118569653648,51.663305623457,0.0085,0.0068,225.113743,1.1020,8
159,550612050,50,36.742186373186,127.118569670093,51.658901358023,0.0085,0.0068,44.513824,1.1020,8
160,550612100,50,36.742186380920,127.118569666692,51.660514162853,0.0085,0.0068,340.514449,1.1020,8
161,550612150,50,36.742186360805,127.118569672690,51.663795192726,0.0082,0.0066,340.514449,1.1020,8
162,550612200,50,36.742186354535,127.118569658185,51.661758705974,0.0083,0.0066,241.760303,1.1020,8
163,550612250,50,36.742186356008,127.118569653920,51.659026549198,0.0083,0.0066,293.222093,1.1020,8
164,550612300,50,36.742186359669,127.118569675527,51.664993735962,0.0083,0.0066,78.110977,1.1020,8
165,550612350,50,36.742186350242,127.118569672474,51.663596442901,0.0083,0.0066,194.608089,1.1020,8
166,550612400,50,36.742186344307,127.118569678326,51.665353820659,0.0083,0.0066,141.565949,1.1020,8
167,550612450,50,36.742186349286,127.118569652957,51.665592546575,0.0083,0.0066,283.703405,1.1020,8
168,550612500,50,36.742186351484,127.118569678191,51.665630617179,0.0083,0.0066,83.822457,1.1020,8
169,550612550,50,36.742186354439,127.118569668663,51.661515767686,0.0083,0.0067,291.078482,1.1020,8
170,550612600,50,36.742186355608,127.118569668108,51.674115478992,0.0081,0.0065,291.078482,1.1020,8
171,550612650,50,36.742186353954,127.118569666632,51.671396312304,0.0081,0.0065,215.673075,1.1020,8
172,550612950,50,36.742186351619,127.118569697226,51.671433148906,0.0082,0.0065,91.132899,1.1020,8
173,550613000,50,36.742186346047,127.118569660918,51.665465841070,0.0082,0.0066,259.203362,1.1020,8
174,550613050,50,36.742186355771,127.118569660004,51.666799046099,0.0082,0.0066,355.673953,1.1020,8
175,550613100,50,36.742186349777,127.118569662124,51.668356275186,0.0082,0.0066,164.111933,1.1020,8
176,550613150,50,36.742186364396,127.118569664227,51.667154502124,0.0082,0.0066,6.603817,1.1020,8
177,550613200,50,36.742186354860,127.118569667336,51.662841162644,0.0083,0.0066,165.296936,1.1020,8
178,550613250,50,36.742186349254,127.118569644743,51.662837487645,0.0083,0.0066,252.866661,1.1020,8
179,550613300,50,36.742186364285,127.118569661611,51.663628318347,0.0083,0.0066,42.089947,1.1020,8
180,550613350,50,36.742186361567,127.118569656704,51.664669635706,0.0083,0.0066,235.461073,1.1020,8
181,550613400,50,36.742186367652,127.118569653354,51.662012191489,0.0083,0.0066,336.102651,1.1020,8
182,550613450,50,36.742186365675,127.118569649014,51.661057868972,0.0083,0.0066,240.494982,1.1020,8
183,550613500,50,36.742186360389,127.118569665019,51.662763516419,0.0083,0.0066,112.312092,1.1020,8
184,550613550,50,36.742186369376,127.118569642795,51.660175185651,0.0083,0.0066,296.677305,1.1020,8
185,550613600,50,36.742186376532,127.118569659763,51.659347247332,0.0084,0.0067,62.342970,1.1020,8
186,550613650,50,36.742186345926,127.118569665776,51.658924120478,0.0081,0.0065,62.342970,1.1020,8
187,550613700,50,36.742186357313,127.118569672533,51.659788914956,0.0081,0.0065,25.528098,1.1020,8
188,550613750,50,36.742186359515,127.118569681720,51.660779606551,0.0082,0.0065,73.417065,1.1020,8
189,550613800,50,36.742186367354,127.118569658941,51.660493707284,0.0082,0.0065,293.151467,1.1020,8
190,550613850,50,36.742186354941,127.118569674998,51.659918819554,0.0082,0.0065,133.848509,1.1020,8
191,550613900,50,36.742186355371,127.118569671457,51.659456281923,0.0082,0.0065,278.577147,1.1020,8
192,550613950,50,36.742186351218,127.118569666837,51.659523493610,0.0082,0.0065,221.840579,1.1020,8
193,550614000,50,36.742186353008,127.118569669320,51.661330363713,0.0082,0.0066,48.145637,1.1020,8
194,550614050,50,36.742186364745,127.118569687008,51.662042548880,0.0082,0.0066,50.495797,1.1020,8
195,550614100,50,36.742186360506,127.118569672066,51.661902730353,0.0082,0.0066,250.583918,1.1020,8
196,550614150,50,36.742186375528,127.118569671114,51.661817543209,0.0082,0.0066,357.080885,1.1020,8
197,550614200,50,36.742186363476,127.118569674952,51.660524423234,0.0083,0.0066,165.626210,1.1020,8
198,550614250,50,36.742186345300,127.118569663946,51.664004666731,0.0083,0.0066,205.981096,1.1020,8
199,550614300,50,36.742186355117,127.118569671052,51.660562009551,0.0083,0.0066,30.224235,1.1020,8
200,550614350,50,36.742186354356,127.118569678731,51.660544672050,0.0083,0.0066,97.023817,1.1020,8
201,550614400,50,36.742186369495,127.118569676241,51.661030191928,0.0083,0.0066,352.460614,1.1020,8
202,550614450,50,36.742186361537,127.118569666578,51.662437094375,0.0083,0.0066,224.339819,1.1020,8
203,550614500,50,36.742186356712,127.118569693604,51.667680701241,0.0083,0.0066,102.505798,1.1020,8
204,550614550,50,36.742186360066,127.118569669985,51.665998653509,0.0083,0.0066,280.005696,1.1020,8
205,550614600,50,36.742186354764,127.118569681311,51.669378502294,0.0081,0.0065,280.005696,1.1020,8
206,550614650,50,36.742186352752,127.118569685620,51.673998101614,0.0081,0.0065,120.113578,1.1020,8
207,550614700,50,36.742186361629,127.118569692188,51.667910468765,0.0081,0.0065,30.776106,1.1020,8
208,550614750,50,36.742186351828,127.118569702092,51.675375806168,0.0082,0.0065,140.879819,1.1020,8
209,550614800,50,36.742186346696,127.118569675117,51.666811113246,0.0082,0.0065,256.700380,1.1020,8
210,550614850,50,36.742186353561,127.118569692760,51.670208241791,0.0082,0.0065,64.197572,1.1020,8
211,550614900,50,36.742186331524,127.118569686429,51.673490366898,0.0082,0.0065,193.018892,1.1020,8
212,550614950,50,36.742186349881,127.118569684876,51.668784584850,0.0082,0.0066,356.103806,1.1020,8
213,550615000,50,36.742186348054,127.118569683422,51.669629449956,0.0082,0.0066,212.648858,1.1020,8
214,550615050,50,36.742186342624,127.118569685690,51.669365416281,0.0082,0.0066,161.424665,1.1020,8
215,550615100,50,36.742186351648,127.118569685018,51.668231514283,0.0082,0.0066,356.571387,1.1020,8
216,550615150,50,36.742186345741,127.118569680443,51.667775574140,0.0082,0.0066,211.936594,1.1020,8
217,550615200,50,36.742186346832,127.118569690316,51.667584606446,0.0083,0.0066,82.185014,1.1020,8
218,550615250,50,36.742186332363,127.118569686510,51.668187897652,0.0083,0.0066,191.955039,1.1020,8
219,550615300,50,36.742186348802,127.118569702233,51.669511578046,0.0083,0.0066,37.586989,1.1020,8
220,550615350,50,36.742186337322,127.118569676606,51.675435520709,0.0083,0.0066,240.898510,1.1020,8
221,550615400,50,36.742186335044,127.118569697814,51.675729584880,0.0083,0.0066,97.600875,1.1020,8
222,550615450,50,36.742186338037,127.118569678867,51.674115124159,0.0083,0.0066,281.105140,1.1020,8
223,550615500,50,36.742186332788,127.118569667097,51.675302626565,0.0083,0.0066,241.005102,1.1020,8
224,550615550,50,36.742186334721,127.118569677593,51.671768512577,0.0083,0.0066,77.106973,1.1020,8
225,550615600,50,36.742186342581,127.118569685606,51.669085636735,0.0083,0.0067,39.371498,1.1020,8
226,550615650,50,36.742186334740,127.118569676600,51.674544909038,0.0084,0.0067,222.752725,1.1020,8
227,550615700,50,36.742186329921,127.118569671803,51.675170253031,0.0084,0.0067,218.692101,1.1020,8
228,550615750,50,36.742186337078,127.118569678998,51.671310973354,0.0084,0.0067,38.972575,1.1020,8
229,550615800,50,36.742186344225,127.118569681215,51.671426479705,0.0082,0.0065,38.972575,1.1020,8
230,550615850,50,36.742186339424,127.118569684043,51.676881433465,0.0082,0.0065,154.637283,1.1020,8
231,550615900,50,36.742186356634,127.118569698377,51.675518782809,0.0082,0.0065,33.835916,1.1020,8
232,550615950,50,36.742186345141,127.118569705708,51.674154308625,0.0082,0.0065,152.823200,1.1020,8
233,550616000,50,36.742186351867,127.118569704764,51.671425452456,0.0082,0.0066,353.550275,1.1020,8
234,550616050,50,36.742186348529,127.118569702219,51.674478683621,0.0082,0.0066,211.531359,1.1020,8
235,550616100,50,36.742186347182,127.118569673279,51.669099291787,0.0082,0.0066,266.689545,1.1020,8
236,550616150,50,36.742186341641,127.118569680497,51.671367114410,0.0082,0.0066,133.642654,1.1020,8
237,550616200,50,36.742186348162,127.118569729505,51.674328287132,0.0082,0.0066,80.612596,1.1020,8
238,550616250,50,36.742186348535,127.118569731947,51.675346753560,0.0083,0.0066,79.265878,1.1020,8
239,550616300,50,36.742186331148,127.118569749692,51.674526972696,0.0083,0.0066,140.601171,1.1020,8
240,550616350,50,36.742186310576,127.118569803374,51.675250199623,0.0083,0.0066,115.461897,1.1020,8
241,550616400,50,36.742186300846,127.118569833152,51.676436290145,0.0083,0.0066,112.097347,1.1020,8
242,550616450,50,36.742186267994,127.118569912739,51.676304957829,0.0083,0.0066,117.153161,1.1020,8
243,550616500,50,36.742186228321,127.118569971478,51.675708427094,0.0083,0.0066,130.004217,1.1020,8
244,550616550,50,36.742186233766,127.118570052770,51.678906913847,0.0083,0.0066,85.242242,1.1020,8
245,550616600,50,36.742186177307,127.118570128557,51.680049691349,0.0083,0.0066,132.789022,1.1020,8
246,550616650,50,36.742186146379,127.118570236528,51.681185764261,0.0083,0.0066,109.591698,1.1020,8
247,550616700,50,36.742186112358,127.118570332110,51.680093755014,0.0084,0.0067,113.858194,1.1020,8
248,550616750,50,36.742186045707,127.118570437847,51.678316054866,0.0084,0.0067,128.069336,1.1020,8
249,550616800,50,36.742186011714,127.118570581061,51.678406598978,0.0084,0.0067,106.431872,1.1020,8
250,550616850,50,36.742185947244,127.118570733355,51.677570039406,0.0084,0.0067,117.744426,1.1020,8
251,550616900,50,36.742185878141,127.118570908564,51.675024051219,0.0084,0.0067,116.107741,1.1020,8
252,550616950,50,36.742185805648,127.118571088745,51.673638443463,0.0084,0.0067,116.561195,1.1020,8
253,550617000,50,36.742185699927,127.118571314688,51.674346272834,0.0082,0.0065,116.561195,1.1020,8
254,550617050,50,36.742185593182,127.118571527665,51.673315880820,0.0082,0.0066,121.913308,1.1020,8
255,550617100,50,36.742185505836,127.118571805991,51.669433816336,0.0082,0.0066,111.302979,1.1020,8
256,550617150,50,36.742185400739,127.118572107201,51.675628954545,0.0082,0.0066,113.438662,1.1020,8
257,550617200,50,36.742185263778,127.118572376294,51.676841989160,0.0082,0.0066,122.310213,1.1020,8
258,550617250,50,36.742185130349,127.118572703410,51.670635106973,0.0083,0.0066,116.877040,1.1020,8
259,550617300,50,36.742184980375,127.118573084362,51.670417188667,0.0083,0.0066,116.066249,1.1020,8
260,550617350,50,36.742184805153,127.118573482787,51.678337138146,0.0083,0.0066,118.654432,1.1020,8
261,550617400,50,36.742184635466,127.118573896297,51.672495751642,0.0083,0.0066,117.016408,1.1020,8
262,550617450,50,36.742184478067,127.118574330285,51.675633143634,0.0083,0.0066,114.258425,1.1020,8
263,550617500,50,36.742184277163,127.118574782737,51.677226645872,0.0083,0.0066,118.886900,1.1020,8
264,550617550,50,36.742184066024,127.118575286894,51.684073770419,0.0083,0.0066,117.491104,1.1020,8
265,550617600,50,36.742183849128,127.118575813674,51.674256375991,0.0081,0.0065,117.491105,1.1020,8
266,550617650,50,36.742183644720,127.118576365598,51.672743511386,0.0081,0.0065,114.711018,1.1020,8
267,550617700,50,36.742183390108,127.118576967244,51.672235864215,0.0082,0.0065,117.736836,1.1020,8
268,550617750,50,36.742183156176,127.118577562429,51.667720776983,0.0082,0.0065,116.029456,1.1020,8
269,550617800,50,36.742182885758,127.118578193091,51.669996409677,0.0082,0.0065,118.047815,1.1020,8
270,550617850,50,36.742182588449,127.118578892114,51.665955447592,0.0082,0.0065,117.855467,1.1020,8
271,550617900,50,36.742182304521,127.118579601248,51.667335669510,0.0082,0.0066,116.450236,1.1020,8
272,550617950,50,36.742182009834,127.118580345939,51.670193457045,0.0082,0.0066,116.182995,1.1020,8
273,550618000,50,36.742181693400,127.118581104206,51.668285512365,0.0082,0.0066,117.408009,1.1020,8
274,550618050,50,36.742181357014,127.118581918751,51.673644057475,0.0082,0.0066,117.164006,1.1020,8
275,550618100,50,36.742181021258,127.118582751233,51.667235076427,0.0082,0.0066,116.617276,1.1020,8
276,550618150,50,36.742180671839,127.118583639854,51.669515512884,0.0083,0.0066,116.039461,1.1020,8
277,550618200,50,36.742180287722,127.118584530990,51.671454216354,0.0083,0.0066,118.172880,1.1020,8
278,550618250,50,36.742179889379,127.118585481514,51.667504568584,0.0083,0.0066,117.506879,1.1020,8
279,550618300,50,36.742179510935,127.118586460287,51.669345931150,0.0083,0.0066,115.660993,1.1020,8
280,550618350,50,36.742179067934,127.118587481461,51.670259439386,0.0083,0.0066,118.326144,1.1020,8
281,550618400,50,36.742178646952,127.118588517873,51.668569525704,0.0083,0.0066,116.780467,1.1020,8
282,550618450,50,36.742178222697,127.118589601811,51.669160644524,0.0083,0.0066,115.935148,1.1020,8
283,550618500,50,36.742177758545,127.118590730264,51.669144666754,0.0083,0.0066,117.070548,1.1020,8
284,550618550,50,36.742177289174,127.118591895931,51.666267544031,0.0083,0.0067,116.579893,1.1020,8
285,550618600,50,36.742176825755,127.118593048547,51.664964015596,0.0081,0.0065,116.579899,1.1020,8
286,550618650,50,36.742176323547,127.118594253133,51.658945742995,0.0082,0.0065,117.385571,1.1020,8
287,550618700,50,36.742175824458,127.118595504425,51.666675996035,0.0082,0.0065,116.362936,1.1020,8
288,550618750,50,36.742175295130,127.118596770772,51.657752824016,0.0082,0.0065,117.446255,1.1020,8
289,550618800,50,36.742174763743,127.118598079589,51.659629292786,0.0082,0.0066,116.769962,1.1020,8
290,550618850,50,36.742174224438,127.118599437574,51.660598338582,0.0082,0.0066,116.264352,1.1020,8
291,550618900,50,36.742173658990,127.118600786504,51.655028858222,0.0082,0.0066,117.512810,1.1020,8
292,550618950,50,36.742173084392,127.118602167003,51.663515951484,0.0082,0.0066,117.346889,1.1020,8
293,550619000,50,36.742172489809,127.118603597894,51.658105118200,0.0082,0.0066,117.308049,1.1020,8
294,550619050,50,36.742171886818,127.118605074980,51.653651054949,0.0083,0.0066,116.895991,1.1020,8
295,550619100,50,36.742171278065,127.118606511793,51.655084309168,0.0083,0.0066,117.764247,1.1020,8
296,550619150,50,36.742170660179,127.118608006918,51.662690164521,0.0083,0.0066,117.180509,1.1020,8
297,550619200,50,36.742170046909,127.118609519068,51.656236302108,0.0083,0.0066,116.744726,1.1020,8
298,550619250,50,36.742169389412,127.118611052584,51.660703059286,0.0083,0.0066,118.046023,1.1020,8
299,550619300,50,36.742168750061,127.118612638926,51.660416722298,0.0083,0.0066,116.601069,1.1020,8
300,550619350,50,36.742168064506,127.118614230359,51.655187167227,0.0083,0.0067,118.158283,1.1020,8
301,550619400,50,36.742167425054,127.118615862395,51.660942100920,0.0083,0.0067,115.958752,1.1020,8
302,550619450,50,36.742166734627,127.118617485814,51.659083860926,0.0084,0.0067,117.853849,1.1020,8
303,550619500,50,36.742166063766,127.118619119984,51.657740505412,0.0084,0.0067,117.025594,1.1020,8
304,550619550,50,36.742165364158,127.118620778527,51.656030377373,0.0084,0.0067,117.660297,1.1020,8
305,550619600,50,36.742164693911,127.118622484734,51.658361305483,0.0084,0.0067,116.017208,1.1020,8
306,550619650,50,36.742163946010,127.118624211379,51.655358091928,0.0082,0.0065,116.017221,1.1020,8
307,550619700,50,36.742163247846,127.118625972055,51.658093533479,0.0082,0.0066,116.229736,1.1020,8
308,550619750,50,36.742162507717,127.118627685388,51.661911466159,0.0082,0.0066,118.224875,1.1020,8
309,550619800,50,36.742161789053,127.118629483998,51.657456910238,0.0082,0.0066,116.403316,1.1020,8
310,550619850,50,36.742161024908,127.118631247148,51.659747645259,0.0082,0.0066,118.303053,1.1020,8
311,550619900,50,36.742160277269,127.118633075193,51.656761989929,0.0082,0.0066,116.938634,1.1020,8
312,550619950,50,36.742159532802,127.118634913363,51.653357778676,0.0082,0.0066,116.713057,1.1020,8
313,550620000,50,36.742158730287,127.118636752781,51.653264667839,0.0083,0.0066,118.462301,1.1020,8
314,550620050,50,36.742157945879,127.118638617617,51.655753605068,0.0083,0.0066,117.593803,1.1020,8
315,550620100,50,36.742157169657,127.118640493947,51.652434503660,0.0083,0.0066,117.204431,1.1020,8
316,550620150,50,36.742156385388,127.118642372427,51.655366393737,0.0083,0.0066,117.418555,1.1020,8
317,550620200,50,36.742155545539,127.118644270938,51.655235056765,0.0083,0.0066,118.796044,1.1020,8
318,550620250,50,36.742154793747,127.118646187526,51.654618680477,0.0083,0.0066,115.984227,1.1020,8
319,550620300,50,36.742153991829,127.118648143273,51.652820432559,0.0083,0.0066,116.997946,1.1020,8
320,550620350,50,36.742153197326,127.118650041926,51.659136687405,0.0083,0.0067,117.472065,1.1020,8
321,550620400,50,36.742152406362,127.118652023985,51.656245766208,0.0084,0.0067,116.374461,1.1020,8
322,550620450,50,36.742151582015,127.118653966914,51.650499995798,0.0084,0.0067,117.797512,1.1020,8
323,550620500,50,36.742150754410,127.118655915402,51.652027660049,0.0084,0.0067,117.823195,1.1020,8
324,550620550,50,36.742149922054,127.118657891111,51.655170288868,0.0084,0.0067,117.630920,1.1020,8
325,550620600,50,36.742149094990,127.118659875310,51.653659118339,0.0084,0.0067,117.380593,1.1020,8
326,550620650,50,36.742148265810,127.118661879199,51.658165017143,0.0084,0.0067,117.209660,1.1020,8
327,550620700,50,36.742147375212,127.118663872826,51.657976238988,0.0084,0.0067,119.033309,1.1020,8
328,550620750,50,36.742146540786,127.118665932487,51.657943797298,0.0084,0.0067,116.720069,1.1020,8
329,550620800,50,36.742145662334,127.118667970400,51.653450359590,0.0082,0.0066,116.720089,1.1020,8
330,550620850,50,36.742144802098,127.118670043692,51.657095155679,0.0082,0.0066,117.273145,1.1020,8
331,550620900,50,36.742143947734,127.118672157533,51.652818059549,0.0082,0.0066,116.666008,1.1020,8
332,550620950,50,36.742143048923,127.118674245570,51.656095091254,0.0082,0.0066,118.140530,1.1020,8
333,550621000,50,36.742142159415,127.118676370595,51.656235701405,0.0083,0.0066,117.479401,1.1020,8
334,550621050,50,36.742141276122,127.118678563520,51.653430078179,0.0083,0.0066,116.587248,1.1020,8
335,550621100,50,36.742140336383,127.118680731667,51.654008005746,0.0083,0.0066,118.304797,1.1020,8
336,550621150,50,36.742139400578,127.118682869101,51.655814097263,0.0083,0.0066,118.546369,1.1020,8
337,550621200,50,36.742138470959,127.118685134828,51.651761712506,0.0083,0.0066,117.012858,1.1020,8
338,550621250,50,36.742137528115,127.118687363315,51.649585236795,0.0083,0.0066,117.730969,1.1020,8
339,550621300,50,36.742136545989,127.118689620928,51.662923825905,0.0083,0.0067,118.392960,1.1020,8
340,550621350,50,36.742135559043,127.118691924927,51.657145841047,0.0083,0.0067,118.024403,1.1020,8
341,550621400,50,36.742134585261,127.118694245555,51.652468494140,0.0084,0.0067,117.537245,1.1020,8
342,550621450,50,36.742133585326,127.118696602085,51.658267455176,0.0084,0.0067,117.799979,1.1020,8
343,550621500,50,36.742132626033,127.118699053885,51.659480658360,0.0084,0.0067,115.926959,1.1020,8
344,550621550,50,36.742131602109,127.118701486305,51.655625058338,0.0084,0.0067,117.611559,1.1020,8
345,550621600,50,36.742130584893,127.118703928834,51.649209676310,0.0084,0.0067,117.360070,1.1020,8
346,550621650,50,36.742129557094,127.118706364929,51.661120638251,0.0084,0.0067,117.664948,1.1020,8
347,550621700,50,36.742128487458,127.118708828652,51.653659188189,0.0084,0.0067,118.344776,1.1020,8
348,550621750,50,36.742127376283,127.118711289836,51.651417202316,0.0084,0.0067,119.291558,1.1020,8
349,550621800,50,36.742126236871,127.118713790906,51.652446549386,0.0085,0.0068,119.512553,1.1020,8
350,550621850,50,36.742125136124,127.118716333075,51.656851816922,0.0085,0.0068,118.280781,1.1020,8
351,550621900,50,36.742124032147,127.118718920265,51.650434139185,0.0085,0.0068,117.932600,1.1020,8
352,550621950,50,36.742122944634,127.118721521734,51.655432581902,0.0085,0.0068,117.448593,1.1020,8
353,550622000,50,36.742121805796,127.118724137782,51.644422518089,0.0085,0.0068,118.409420,1.1020,8
354,550622050,50,36.742120705818,127.118726844368,51.647181548178,0.0085,0.0068,116.792677,1.1020,8
355,550622100,50,36.742119570013,127.118729587897,51.651367552578,0.0083,0.0066,116.792701,1.1020,8
356,550622150,50,36.742118421320,127.118732319460,51.650324163958,0.0083,0.0066,117.587918,1.1020,8
357,550622200,50,36.742117200120,127.118735060414,51.659419228323,0.0083,0.0067,118.968816,1.1020,8
358,550622250,50,36.742116007422,127.118737846450,51.654585376382,0.0083,0.0067,118.009778,1.1020,8
359,550622300,50,36.742114765369,127.118740641496,51.651245820336,0.0083,0.0067,118.905455,1.1020,8
360,550622350,50,36.742113525546,127.118743506293,51.655185950920,0.0083,0.0067,118.268839,1.1020,8
361,550622400,50,36.742112289962,127.118746350881,51.656760413200,0.0084,0.0067,118.356281,1.1020,8
362,550622450,50,36.742111064454,127.118749244406,51.654031243175,0.0084,0.0067,117.755904,1.1020,8
363,550622500,50,36.742109800102,127.118752157558,51.652282264084,0.0084,0.0067,118.337064,1.1020,8
364,550622550,50,36.742108531715,127.118755027630,51.652511046268,0.0084,0.0067,118.772115,1.1020,8
365,550622600,50,36.742107273293,127.118757975914,51.651535630226,0.0082,0.0066,118.772143,1.1020,8
366,550622650,50,36.742105996742,127.118760968377,51.646376209334,0.0082,0.0066,117.925937,1.1020,8
367,550622700,50,36.742104721188,127.118763926576,51.650609166361,0.0082,0.0066,118.181211,1.1020,8
368,550622750,50,36.742103418819,127.118766903109,51.649454602972,0.0082,0.0066,118.531441,1.1020,8
369,550622800,50,36.742102126217,127.118769939160,51.648909630254,0.0082,0.0066,117.879362,1.1020,8
370,550622850,50,36.742100785483,127.118772993086,51.644369858317,0.0082,0.0066,118.612380,1.1020,8
371,550622900,50,36.742099430596,127.118776051094,51.645162764005,0.0083,0.0066,118.833702,1.1020,8
372,550622950,50,36.742098060928,127.118779140485,51.645156759769,0.0083,0.0066,118.849187,1.1020,8
373,550623000,50,36.742096709776,127.118782226330,51.645515050739,0.0083,0.0066,118.548422,1.1020,8
374,550623050,50,36.742095312678,127.118785388161,51.646330369636,0.0083,0.0066,118.768174,1.1020,8
375,550623100,50,36.742093901781,127.118788536476,51.643236279488,0.0083,0.0066,119.110575,1.1020,8
376,550623150,50,36.742092529571,127.118791720943,51.644073117524,0.0083,0.0067,118.165396,1.1020,8
377,550623200,50,36.742091106988,127.118794917719,51.644853585400,0.0083,0.0067,118.939752,1.1020,8
378,550623250,50,36.742089686605,127.118798167487,51.650833239779,0.0083,0.0067,118.505403,1.1020,8
379,550623300,50,36.742088253266,127.118801434444,51.649000382051,0.0083,0.0067,118.596921,1.1020,8
380,550623350,50,36.742086764250,127.118804710419,51.649203931913,0.0083,0.0067,119.456232,1.1020,8
381,550623400,50,36.742085322709,127.118808030547,51.645975643769,0.0084,0.0067,118.346285,1.1020,8
382,550623450,50,36.742083855977,127.118811341124,51.643113595434,0.0084,0.0067,118.832699,1.1020,8
383,550623500,50,36.742082356664,127.118814714456,51.649024309590,0.0084,0.0067,118.910019,1.1020,8
384,550623550,50,36.742080892615,127.118818070422,51.640265527181,0.0084,0.0067,118.460315,1.1020,8
385,550623600,50,36.742079340674,127.118821494483,51.649063830264,0.0082,0.0066,118.460350,1.1020,8
386,550623650,50,36.742077803661,127.118824937205,51.650441170670,0.0082,0.0066,119.018619,1.1020,8
387,550623700,50,36.742076282595,127.118828368106,51.648494573310,0.0082,0.0066,118.849052,1.1020,8
388,550623750,50,36.742074719540,127.118831832557,51.648347024806,0.0082,0.0066,119.274762,1.1020,8
389,550623800,50,36.742073163360,127.118835321949,51.641984440386,0.0082,0.0066,118.992557,1.1020,8
390,550623850,50,36.742071596101,127.118838834465,51.641035678796,0.0082,0.0066,119.004449,1.1020,8
391,550623900,50,36.742070055726,127.118842352406,51.642801082693,0.0082,0.0066,118.548841,1.1020,8
392,550623950,50,36.742068433080,127.118845910981,51.640993423760,0.0082,0.0066,119.534762,1.1020,8
393,550624000,50,36.742066841357,127.118849464395,51.644804489799,0.0083,0.0066,119.099615,1.1020,8
394,550624050,50,36.742065195892,127.118853016796,51.647991118021,0.0083,0.0066,119.922138,1.1020,8
395,550624100,50,36.742063561663,127.118856650804,51.643734292127,0.0083,0.0066,119.195314,1.1020,8
396,550624150,50,36.742061917040,127.118860354949,51.637795259245,0.0083,0.0066,118.884629,1.1020,8
397,550624200,50,36.742060300708,127.118864037203,51.636536425911,0.0083,0.0067,118.608627,1.1020,8
398,550624250,50,36.742058643873,127.118867726444,51.639429439791,0.0083,0.0067,119.162450,1.1020,8
399,550624300,50,36.742056939019,127.118871437070,51.640352865681,0.0083,0.0067,119.721410,1.1020,8
400,550624350,50,36.742055221286,127.118875119189,51.644439647906,0.0083,0.0067,120.098743,1.1020,8
401,550624400,50,36.742053525783,127.118878900274,51.640141189098,0.0084,0.0067,119.125412,1.1020,8
402,550624450,50,36.742051837775,127.118882686522,51.641857795417,0.0084,0.0067,118.984442,1.1020,8
403,550624500,50,36.742050132622,127.118886514232,51.636443993077,0.0084,0.0067,118.965366,1.1020,8
404,550624550,50,36.742048410240,127.118890308905,51.636108092964,0.0084,0.0067,119.422127,1.1020,8
405,550624600,50,36.742046643061,127.118894044478,51.639737748541,0.0082,0.0066,119.422167,1.1020,8
406,550624650,50,36.742044853037,127.118897859601,51.644411133602,0.0082,0.0066,120.241657,1.1020,8
407,550624700,50,36.742043134768,127.118901715550,51.645679670386,0.0082,0.0066,118.972969,1.1020,8
408,550624750,50,36.742041387983,127.118905626106,51.641003802419,0.0082,0.0066,119.031222,1.1020,8
409,550624800,50,36.742039606091,127.118909469971,51.636005815119,0.0082,0.0066,119.941914,1.1020,8
410,550624850,50,36.742037840520,127.118913327865,51.638822942972,0.0082,0.0066,119.624653,1.1020,8
411,550624900,50,36.742036007731,127.118917188290,51.642398538068,0.0083,0.0066,120.536799,1.1020,8
412,550624950,50,36.742034249389,127.118921054754,51.641904367134,0.0083,0.0066,119.469239,1.1020,8
413,550625000,50,36.742032448758,127.118924976825,51.639315058477,0.0083,0.0066,119.702620,1.1020,8
414,550625050,50,36.742030649595,127.118928911029,51.634066253901,0.0083,0.0066,119.606427,1.1020,8
415,550625100,50,36.742028829716,127.118932865941,51.630282673053,0.0083,0.0067,119.759221,1.1020,8
416,550625150,50,36.742027003413,127.118936767231,51.638017958961,0.0083,0.0067,120.185065,1.1020,8
417,550625200,50,36.742025154180,127.118940695949,51.641143766232,0.0083,0.0067,120.321505,1.1020,8
418,550625250,50,36.742023292727,127.118944692530,51.642897906713,0.0083,0.0067,120.059013,1.1020,8
419,550625300,50,36.742021411001,127.118948668065,51.632758493535,0.0084,0.0067,120.460817,1.1020,8
420,550625350,50,36.742019624698,127.118952703496,51.629484607838,0.0084,0.0067,118.811400,1.1020,8
421,550625400,50,36.742017679112,127.118956650947,51.637027959339,0.0084,0.0067,121.483698,1.1020,8
422,550625450,50,36.742015844068,127.118960658112,51.640194717795,0.0084,0.0067,119.640167,1.1020,8
423,550625500,50,36.742013952938,127.118964666031,51.640238073654,0.0084,0.0067,120.382562,1.1020,8
424,550625550,50,36.742012063166,127.118968711998,51.629885124043,0.0084,0.0067,120.129014,1.1020,8
425,550625600,50,36.742010152640,127.118972752256,51.631034800783,0.0085,0.0068,120.436782,1.1020,8
426,550625650,50,36.742008264131,127.118976784580,51.634789088741,0.0085,0.0068,120.196459,1.1020,8
427,550625700,50,36.742006398245,127.118980822662,51.637046501040,0.0085,0.0068,119.861849,1.1020,8
428,550625750,50,36.742004512130,127.118984886789,51.638645393774,0.0085,0.0068,119.969704,1.1020,8
429,550625800,50,36.742002652093,127.118988964608,51.645079537295,0.0083,0.0066,119.969749,1.1020,8
430,550625850,50,36.742000769666,127.118993039887,51.650338998064,0.0083,0.0066,119.853405,1.1020,8
431,550625900,50,36.741998873125,127.118997083350,51.650013847277,0.0113,0.0091,120.233496,1.1020,8
432,550625950,50,36.741996950647,127.119001128727,51.644168741070,0.0096,0.0077,120.561330,1.1020,8
433,550626000,50,36.741994967066,127.119005163508,51.634377136827,0.0083,0.0067,121.418887,1.1020,8
434,550626050,50,36.741993041425,127.119009237390,51.642655894160,0.0084,0.0067,120.426599,1.1020,8
435,550626100,50,36.741991158835,127.119013336022,51.645229895599,0.0084,0.0067,119.714369,1.1020,8
436,550626150,50,36.741989169811,127.119017397956,51.641921118833,0.0084,0.0067,121.317872,1.1020,8
437,550626200,50,36.741987247776,127.119021503036,51.639893200248,0.0084,0.0067,120.189365,1.1020,8
438,550626250,50,36.741985349479,127.119025633239,51.645478158258,0.0111,0.0088,119.730041,1.1020,8
439,550626300,50,36.741983339508,127.119029658195,51.653143802658,0.0136,0.0108,121.819291,1.1020,8
440,550626350,50,36.741981411823,127.119033780160,51.658236031421,0.0116,0.0092,120.160244,1.1020,8
441,550626400,50,36.741979461367,127.119037885576,51.646938785911,0.0102,0.0081,120.554168,1.1020,8
442,550626450,50,36.741977471508,127.119041995112,51.649501580745,0.0099,0.0079,121.032845,1.1020,8
443,550626500,50,36.741975487239,127.119046077616,51.647043611854,0.0101,0.0080,121.128745,1.1020,8
444,550626550,50,36.741973530586,127.119050136661,51.649869469926,0.0127,0.0101,120.919912,1.1020,8
445,550626600,50,36.741971570533,127.119054286370,51.650970561430,0.0137,0.0108,120.408315,1.1020,8
446,550626650,50,36.741969579268,127.119058362579,51.642570334487,0.0113,0.0090,121.257258,1.1020,8
447,550626700,50,36.741967601300,127.119062436804,51.651259704493,0.0108,0.0085,121.099586,1.1020,8
448,550626750,50,36.741965648390,127.119066539642,51.653973964974,0.0147,0.0116,120.601459,1.1020,8
449,550626800,50,36.741963625794,127.119070679125,51.651773748919,0.0141,0.0112,121.262546,1.1020,8
450,550626850,50,36.741961640647,127.119074766294,51.643689486198,0.0141,0.0111,121.110992,1.1020,8
451,550626900,50,36.741959598120,127.119078857920,51.642377156764,0.0153,0.0121,121.809997,1.1020,8
452,550626950,50,36.741957544849,127.119082922488,51.649952384643,0.0149,0.0118,122.115735,1.1020,8
453,550627000,50,36.741955607340,127.119087069914,51.648391028866,0.0153,0.0121,120.133457,1.1020,8
454,550627050,50,36.741953670341,127.119091238650,51.648028312251,0.0182,0.0144,119.999584,1.1020,8
455,550627100,50,36.741951718855,127.119095408035,51.651353331283,0.0163,0.0128,120.180925,1.1020,8
456,550627150,50,36.741949803449,127.119099591406,51.655250548385,0.0167,0.0132,120.180973,1.1020,8
457,550627200,50,36.741947840464,127.119103737071,51.652333928272,0.0157,0.0124,120.470126,1.1020,8
458,550627250,50,36.741945883379,127.119107863550,51.652820481919,0.0194,0.0154,120.510931,1.1020,8
459,550627300,50,36.741943817019,127.119111966093,51.650333410129,0.0130,0.0103,122.039829,1.1020,8
460,550627350,50,36.741941821760,127.119116084643,51.659264262766,0.0180,0.0141,121.045971,1.1020,8
461,550627400,50,36.741939813847,127.119120226320,51.654957757331,0.0180,0.0142,121.064258,1.1020,8
462,550627450,50,36.741937769052,127.119124336149,51.654068816453,0.0187,0.0147,121.724632,1.1020,8
463,550627500,50,36.741935718352,127.119128351159,51.668825897388,0.0252,0.0198,122.400590,1.1020,8
464,550627550,50,36.741933725084,127.119132467763,51.673171039671,0.0294,0.0232,121.032645,1.1020,8
465,550627600,50,36.741931561845,127.119136524684,51.639387967065,0.0178,0.0134,121.032694,1.1020,8
466,550627650,50,36.741929477606,127.119140574081,51.647437085398,0.0175,0.0131,122.600400,1.1020,8
467,550627700,50,36.741927412407,127.119144645910,51.654252756387,0.0206,0.0154,122.219259,1.1020,8
468,550627750,50,36.741925167619,127.119148633195,51.625785794109,0.0121,0.0087,124.973935,1.1020,8
469,550627800,50,36.741923093402,127.119152610103,51.638300464489,0.0152,0.0109,122.945756,1.1020,8
470,550627850,50,36.741920975061,127.119156649252,51.636857850477,0.0098,0.0070,123.090260,1.1020,8
471,550627900,50,36.741918870842,127.119160712520,51.625884817913,0.0099,0.0070,122.759774,1.1020,8
472,550627950,50,36.741916693364,127.119164647430,51.634560251608,0.0128,0.0091,124.511859,1.1020,8
473,550628000,50,36.741914557320,127.119168643042,51.632393315434,0.0163,0.0116,123.594309,1.1020,8
474,550628050,50,36.741912366393,127.119172550065,51.639763495885,0.0160,0.0114,124.867643,1.1020,8
475,550628100,50,36.741910266876,127.119176555494,51.638229326345,0.0173,0.0124,123.076025,1.1020,8
476,550628150,50,36.741907968197,127.119180443878,51.614362092689,0.0106,0.0076,126.298866,1.1020,8
477,550628200,50,36.741905765468,127.119184357508,51.621130099520,0.0106,0.0076,124.966685,1.1020,8
478,550628250,50,36.741903496515,127.119188260343,51.623360348865,0.0107,0.0079,125.842796,1.1020,8
479,550628300,50,36.741901334805,127.119192148987,51.622375872917,0.0107,0.0079,124.633912,1.1020,8
480,550628350,50,36.741899151224,127.119196075533,51.624515942298,0.0107,0.0079,124.643742,1.1020,8
481,550628400,50,36.741896935470,127.119199962573,51.618706493638,0.0107,0.0079,125.309485,1.1020,8
482,550628450,50,36.741894690806,127.119203794316,51.617071856745,0.0108,0.0079,126.050301,1.3236,7
483,550628500,50,36.741892359729,127.119207590610,51.625463573262,0.0108,0.0079,127.342338,1.1041,8
484,550628550,50,36.741890098237,127.119211463191,51.617354752496,0.0108,0.0079,125.964932,1.1041,8
485,550628600,50,36.741887841558,127.119215258824,51.615865005180,0.0108,0.0079,126.454843,1.1041,8
486,550628650,50,36.741885624280,127.119219125851,51.621885606088,0.0106,0.0078,126.454892,1.1041,8
487,550628700,50,36.741883320623,127.119222913556,51.626446788199,0.0106,0.0078,127.078357,1.1041,8
488,550628750,50,36.741880937119,127.119226625044,51.619270961732,0.0106,0.0077,128.588132,1.1041,8
489,550628800,50,36.741878642665,127.119230389738,51.620394085534,0.0106,0.0077,127.135979,1.1041,8
490,550628850,50,36.741876338539,127.119234134056,51.620731589384,0.0106,0.0077,127.401989,1.1041,8
491,550628900,50,36.741874036451,127.119237915316,51.622305688448,0.0106,0.0077,127.106507,1.1041,8
492,550628950,50,36.741871676376,127.119241569556,51.622213357128,0.0106,0.0077,128.746494,1.1041,8
493,550629000,50,36.741869300368,127.119245188412,51.617541275918,0.0106,0.0077,129.207612,1.1041,8
494,550629050,50,36.741866888602,127.119248858133,51.614844801836,0.0107,0.0077,129.235102,1.1041,8
495,550629100,50,36.741864568058,127.119252527487,51.613479958847,0.0107,0.0077,128.160002,1.1041,8
496,550629150,50,36.741862178819,127.119256249299,51.619879856706,0.0107,0.0077,128.577644,1.1041,8
497,550629200,50,36.741859743515,127.119259821965,51.616103016771,0.0107,0.0077,130.263612,1.1041,8
498,550629250,50,36.741857336716,127.119263454251,51.619355254807,0.0107,0.0076,129.465217,1.1041,8
499,550629300,50,36.741854934712,127.119267039739,51.618543068878,0.0109,0.0080,129.774053,1.3236,7
