0,550641250,50,36.741728665428,127.119542688233,51.573274207301,0.0084,0.0067,66.520693,1.1041,8
1,550641300,50,36.741728659209,127.119542660217,51.575565546751,0.0084,0.0067,254.579682,1.1041,8
2,550641350,50,36.741728664380,127.119542701752,51.575451596640,0.0085,0.0067,81.207079,1.1041,8
3,550641400,50,36.741728668564,127.119542686659,51.574577753432,0.0085,0.0067,289.004758,1.1041,8
4,550641450,50,36.741728655410,127.119542676728,51.574794686399,0.0085,0.0067,211.284606,1.1041,8
5,550641500,50,36.741728657467,127.119542698432,51.575369417667,0.0085,0.0067,83.284629,1.1041,8
6,550641550,50,36.741728653050,127.119542679269,51.573573900387,0.0085,0.0067,254.018741,1.1041,8
7,550641600,50,36.741728660279,127.119542689222,51.579340498894,0.0085,0.0067,47.934913,1.1041,8
8,550641650,50,36.741728650409,127.119542685716,51.570002654567,0.0085,0.0067,195.956008,1.1041,8
9,550641700,50,36.741728667003,127.119542690748,51.577006145380,0.0085,0.0067,13.717422,1.1041,8
10,550641750,50,36.741728635196,127.119542694770,51.576142068952,0.0085,0.0067,174.190456,1.1041,8
11,550641800,50,36.741728657327,127.119542682298,51.581484138034,0.0085,0.0067,335.605077,1.1041,8
12,550641850,50,36.741728643783,127.119542696975,51.575293058529,0.0086,0.0068,138.909973,1.1041,8
13,550641900,50,36.741728657350,127.119542698478,51.579129702412,0.0086,0.0068,5.096086,1.1041,8
14,550641950,50,36.741728659072,127.119542695816,51.579191477038,0.0086,0.0068,308.780257,1.1041,8
15,550642000,50,36.741728646391,127.119542676032,51.578406842425,0.0086,0.0068,231.466829,1.1041,8
16,550642050,50,36.741728668818,127.119542713157,51.575000392273,0.0086,0.0068,53.109073,1.1041,8
17,550642100,50,36.741728659618,127.119542702115,51.581114910543,0.0084,0.0066,53.109073,1.1041,8
18,550642150,50,36.741728658002,127.119542711541,51.574219697155,0.0084,0.0067,102.027719,1.1041,8
19,550642200,50,36.741728668046,127.119542712468,51.581759528257,0.0084,0.0067,4.248692,1.1041,8
20,550642250,50,36.741728656143,127.119542709853,51.580446818843,0.0084,0.0067,190.025009,1.1041,8
21,550642300,50,36.741728675337,127.119542702212,51.580766225234,0.0084,0.0067,342.235583,1.1041,8
22,550642350,50,36.741728663409,127.119542699920,51.581134373322,0.0084,0.0067,188.792576,1.1041,8
23,550642400,50,36.741728674629,127.119542702138,51.583808514290,0.0085,0.0067,9.040016,1.1041,8
24,550642450,50,36.741728656901,127.119542705028,51.581778799184,0.0085,0.0067,172.524676,1.1041,8
25,550642500,50,36.741728667756,127.119542703343,51.579393546097,0.0085,0.0067,352.877297,1.1041,8
26,550642550,50,36.741728678343,127.119542710546,51.582487390377,0.0085,0.0067,28.702118,1.1041,8
27,550642600,50,36.741728654631,127.119542701511,51.582440453582,0.0085,0.0067,197.047764,1.1041,8
28,550642650,50,36.741728653598,127.119542702836,51.583363359794,0.0083,0.0066,197.047764,1.1041,8
29,550642700,50,36.741728653355,127.119542697705,51.583742298186,0.0083,0.0066,266.631700,1.1041,8
30,550642750,50,36.741728661966,127.119542713728,51.582988653332,0.0083,0.0066,56.266370,1.1041,8
31,550642800,50,36.741728657493,127.119542697820,51.580340453424,0.0083,0.0066,250.742019,1.1041,8
32,550642850,50,36.741728644845,127.119542675878,51.585735389031,0.0083,0.0066,234.388288,1.1041,8
33,550642900,50,36.741728659776,127.119542728901,51.587977420539,0.0083,0.0066,70.715389,1.1041,8
34,550642950,50,36.741728639741,127.119542695706,51.583386771381,0.0084,0.0066,233.132589,1.1041,8
35,550643000,50,36.741728646204,127.119542700398,51.584179110825,0.0084,0.0066,30.294739,1.1041,8
36,550643050,50,36.741728657928,127.119542703619,51.587491112761,0.0084,0.0066,12.469240,1.1041,8
37,550643100,50,36.741728634078,127.119542688930,51.589336876757,0.0084,0.0066,206.366229,1.1041,8
38,550643150,50,36.741728656699,127.119542721779,51.582873903215,0.0084,0.0066,49.448506,1.1041,8
39,550643200,50,36.741728626985,127.119542688136,51.588222060353,0.0084,0.0066,222.340426,1.1041,8
40,550643250,50,36.741728641610,127.119542724755,51.589118688367,0.0084,0.0066,63.606363,1.1041,8
41,550643300,50,36.741728642018,127.119542702566,51.591629991308,0.0084,0.0067,271.307426,1.1041,8
42,550643350,50,36.741728626017,127.119542714213,51.586379786953,0.0084,0.0067,149.637737,1.1041,8
43,550643400,50,36.741728643116,127.119542723112,51.589613093063,0.0084,0.0067,22.726201,1.1041,8
44,550643450,50,36.741728635012,127.119542730559,51.590967342257,0.0085,0.0067,143.514888,1.1041,8
45,550643500,50,36.741728632782,127.119542778214,51.590455421247,0.0085,0.0067,93.327544,1.1041,8
46,550643550,50,36.741728623633,127.119542810006,51.588636245579,0.0085,0.0067,109.676866,1.1041,8
47,550643600,50,36.741728636401,127.119542835587,51.579905096442,0.0083,0.0066,109.676866,1.1041,8
48,550643650,50,36.741728614322,127.119542929469,51.583242909983,0.0083,0.0066,106.289269,1.1041,8
49,550643700,50,36.741728607891,127.119542998198,51.585453649051,0.0083,0.0066,96.632211,1.1041,8
50,550643750,50,36.741728568936,127.119543069789,51.590947972611,0.0083,0.0066,124.062961,1.1041,8
51,550643800,50,36.741728564555,127.119543194307,51.587440554053,0.0083,0.0066,92.503069,1.1041,8
52,550643850,50,36.741728529735,127.119543299486,51.590041644871,0.0083,0.0066,112.359739,1.1041,8
53,550643900,50,36.741728519787,127.119543433330,51.586149292998,0.0084,0.0066,95.276301,1.1041,8
54,550643950,50,36.741728472264,127.119543595466,51.592721213587,0.0084,0.0066,110.011127,1.1041,8
55,550644000,50,36.741728452610,127.119543742367,51.583648108877,0.0084,0.0066,99.438637,1.1041,8
56,550644050,50,36.741728427640,127.119543925502,51.589085808024,0.0084,0.0066,99.615410,1.1041,8
57,550644100,50,36.741728398820,127.119544120850,51.582373558544,0.0084,0.0066,100.387621,1.1041,8
58,550644150,50,36.741728323833,127.119544322853,51.586987419054,0.0084,0.0066,114.761447,1.1041,8
59,550644200,50,36.741728270054,127.119544563216,51.584567202255,0.0084,0.0066,105.536290,1.1041,8
60,550644250,50,36.741728208117,127.119544834470,51.590556158684,0.0084,0.0067,105.839355,1.1041,8
61,550644300,50,36.741728145749,127.119545142976,51.586499782279,0.0084,0.0067,104.100628,1.1041,8
62,550644350,50,36.741728088073,127.119545472177,51.584723789245,0.0084,0.0067,102.281121,1.1041,8
63,550644400,50,36.741728045051,127.119545826215,51.584204304032,0.0084,0.0067,98.586265,1.1041,8
64,550644450,50,36.741727966307,127.119546205563,51.593494162895,0.0084,0.0067,104.462654,1.1041,8
65,550644500,50,36.741727888794,127.119546589694,51.592516218312,0.0085,0.0067,104.075408,1.1041,8
66,550644550,50,36.741727788791,127.119547000006,51.588947264478,0.0085,0.0067,106.848109,1.1041,8
67,550644600,50,36.741727703996,127.119547500216,51.580984065309,0.0083,0.0066,106.848109,1.1041,8
68,550644650,50,36.741727622772,127.119547982026,51.578189370222,0.0083,0.0066,101.830624,1.1041,8
69,550644700,50,36.741727505936,127.119548454738,51.584093148820,0.0083,0.0066,107.071925,1.1041,8
70,550644750,50,36.741727401311,127.119549002010,51.578097524121,0.0083,0.0066,103.362477,1.1041,8
71,550644800,50,36.741727298495,127.119549581660,51.574239801615,0.0083,0.0066,102.429023,1.1041,8
72,550644850,50,36.741727142909,127.119550192242,51.575615095906,0.0083,0.0066,107.568652,1.1041,8
73,550644900,50,36.741727027234,127.119550836918,51.581550102681,0.0083,0.0066,102.568531,1.1041,8
74,550644950,50,36.741726882655,127.119551469369,51.573984488845,0.0083,0.0066,105.856848,1.1041,8
75,550645000,50,36.741726718540,127.119552180842,51.575312750414,0.0084,0.0066,105.993088,1.1041,8
76,550645050,50,36.741726566318,127.119552873983,51.573421227746,0.0084,0.0066,105.262943,1.1041,8
77,550645100,50,36.741726418211,127.119553658692,51.576845320873,0.0084,0.0066,103.198357,1.1041,8
78,550645150,50,36.741726281320,127.119554425433,51.582613150589,0.0084,0.0066,102.507705,1.1041,8
79,550645200,50,36.741726128403,127.119555281109,51.581123185344,0.0084,0.0067,102.519545,1.1041,8
80,550645250,50,36.741725953428,127.119556137571,51.574224572629,0.0084,0.0067,104.243552,1.1041,8
81,550645300,50,36.741725741068,127.119557037378,51.575998843648,0.0084,0.0067,106.343528,1.1041,8
82,550645350,50,36.741725550746,127.119557942875,51.578270217404,0.0084,0.0067,104.636563,1.1041,8
83,550645400,50,36.741725391217,127.119558886420,51.572654978372,0.0084,0.0067,101.864131,1.1041,8
84,550645450,50,36.741725165997,127.119559859147,51.578504064120,0.0084,0.0067,106.049942,1.1041,8
85,550645500,50,36.741724957786,127.119560889778,51.578190067783,0.0085,0.0067,104.091219,1.1041,8
86,550645550,50,36.741724727195,127.119561940009,51.581458862871,0.0085,0.0067,105.259699,1.1041,8
87,550645600,50,36.741724480570,127.119563062469,51.582209005021,0.0085,0.0067,105.270037,1.1041,8
88,550645650,50,36.741724275295,127.119564210349,51.582387536764,0.0085,0.0067,102.527682,1.1041,8
89,550645700,50,36.741724014823,127.119565385601,51.578567718156,0.0085,0.0067,105.396645,1.1041,8
90,550645750,50,36.741723781840,127.119566561140,51.583062962629,0.0085,0.0067,103.834399,1.1041,8
91,550645800,50,36.741723558244,127.119567747971,51.574110609479,0.0083,0.0066,103.834404,1.1041,8
92,550645850,50,36.741723282015,127.119568985243,51.572074649855,0.0083,0.0066,105.504199,1.1041,8
93,550645900,50,36.741723003706,127.119570285933,51.577372151427,0.0083,0.0066,104.888478,1.1041,8
94,550645950,50,36.741722754751,127.119571632456,51.574151749723,0.0084,0.0066,102.937996,1.1041,8
95,550646000,50,36.741722470838,127.119572986483,51.575976048596,0.0084,0.0066,104.602900,1.1041,8
96,550646050,50,36.741722184880,127.119574362313,51.575272143818,0.0084,0.0066,104.480368,1.1041,8
97,550646100,50,36.741721884058,127.119575769832,51.575410083868,0.0084,0.0067,104.872197,1.1041,8
98,550646150,50,36.741721600500,127.119577219948,51.576037281193,0.0084,0.0067,103.656343,1.1041,8
99,550646200,50,36.741721332229,127.119578745844,51.580915152095,0.0084,0.0067,102.322790,1.1041,8
100,550646250,50,36.741720991843,127.119580242437,51.586100163870,0.0084,0.0067,105.780387,1.1041,8
101,550646300,50,36.741720649522,127.119581741904,51.573765657842,0.0084,0.0067,105.836712,1.1041,8
102,550646350,50,36.741720285370,127.119583305645,51.579510099255,0.0085,0.0067,106.137853,1.1041,8
103,550646400,50,36.741719953932,127.119584922612,51.573013429530,0.0085,0.0067,104.288746,1.1041,8
104,550646450,50,36.741719618139,127.119586571260,51.579554059543,0.0085,0.0067,104.201996,1.1041,8
105,550646500,50,36.741719278213,127.119588225188,51.574794113636,0.0085,0.0067,104.325592,1.1041,8
106,550646550,50,36.741718935759,127.119589902459,51.575038132258,0.0085,0.0067,104.235167,1.1041,8
107,550646600,50,36.741718559590,127.119591611981,51.585050675087,0.0085,0.0067,105.291519,1.1041,8
108,550646650,50,36.741718184456,127.119593346565,51.582246190868,0.0085,0.0067,105.041124,1.1041,8
109,550646700,50,36.741717830587,127.119595104310,51.580689234659,0.0085,0.0068,104.044115,1.1041,8
110,550646750,50,36.741717459298,127.119596927206,51.574692431837,0.0085,0.0068,104.202208,1.1041,8
111,550646800,50,36.741717084682,127.119598731847,51.574912560172,0.0086,0.0068,104.463060,1.1041,8
112,550646850,50,36.741716692226,127.119600602930,51.578966756351,0.0086,0.0068,104.607400,1.1041,8
113,550646900,50,36.741716276516,127.119602448236,51.580761912279,0.0086,0.0068,105.637826,1.1041,8
114,550646950,50,36.741715898479,127.119604361959,51.582475634292,0.0086,0.0068,103.790573,1.1041,8
115,550647000,50,36.741715521324,127.119606269935,51.567387641408,0.0084,0.0067,103.790585,1.1041,8
116,550647050,50,36.741715094894,127.119608237773,51.574288174510,0.0084,0.0067,105.069836,1.1041,8
117,550647100,50,36.741714671034,127.119610186478,51.570769436657,0.0084,0.0067,105.123491,1.1041,8
118,550647150,50,36.741714277507,127.119612210122,51.574113260955,0.0084,0.0067,103.583912,1.1041,8
119,550647200,50,36.741713830474,127.119614270300,51.568448279053,0.0085,0.0067,105.088932,1.1041,8
120,550647250,50,36.741713385678,127.119616288368,51.563897600397,0.0085,0.0067,105.315621,1.1041,8
121,550647300,50,36.741712946054,127.119618332400,51.570160375908,0.0085,0.0067,104.962021,1.1041,8
122,550647350,50,36.741712523285,127.119620398366,51.570979332551,0.0085,0.0067,104.266005,1.1041,8
123,550647400,50,36.741712074696,127.119622513181,51.559884509072,0.0085,0.0067,104.765221,1.1041,8
124,550647450,50,36.741711626423,127.119624603706,51.570076801814,0.0085,0.0067,104.919112,1.1041,8
125,550647500,50,36.741711177340,127.119626756496,51.572128381580,0.0085,0.0068,104.531172,1.1041,8
126,550647550,50,36.741710732102,127.119628903732,51.566423405893,0.0085,0.0068,104.447652,1.1041,8
127,550647600,50,36.741710248964,127.119631042263,51.564342179336,0.0086,0.0068,105.680114,1.1041,8
128,550647650,50,36.741709768969,127.119633169586,51.568388836458,0.0084,0.0066,105.680134,1.1041,8
129,550647700,50,36.741709294955,127.119635371245,51.559943043627,0.0084,0.0066,104.976790,1.1041,8
130,550647750,50,36.741708824247,127.119637567563,51.563784983940,0.0084,0.0067,104.911545,1.1041,8
131,550647800,50,36.741708349398,127.119639777242,51.562552222051,0.0084,0.0067,104.949983,1.1041,8
132,550647850,50,36.741707869162,127.119641985784,51.557116162032,0.0084,0.0067,105.119257,1.1041,8
133,550647900,50,36.741707430520,127.119644269680,51.557964646257,0.0084,0.0067,103.421952,1.1041,8
134,550647950,50,36.741706928047,127.119646533022,51.560530226678,0.0084,0.0067,105.421407,1.1041,8
135,550648000,50,36.741706426049,127.119648822685,51.567677460611,0.0085,0.0067,105.238660,1.1041,8
136,550648050,50,36.741705979264,127.119651130153,51.566745420918,0.0085,0.0067,103.527459,1.1041,8
137,550648100,50,36.741705484405,127.119653466081,51.559997972101,0.0085,0.0067,104.747198,1.1041,8
138,550648150,50,36.741704953550,127.119655782907,51.560501071624,0.0085,0.0067,105.891723,1.1041,8
139,550648200,50,36.741704454200,127.119658149433,51.559082288295,0.0085,0.0067,104.691187,1.1041,8
140,550648250,50,36.741703917085,127.119660473938,51.562395903282,0.0085,0.0067,106.019111,1.1041,8
141,550648300,50,36.741703399520,127.119662906130,51.562102693133,0.0085,0.0067,104.810502,1.1041,8
142,550648350,50,36.741702845937,127.119665297604,51.562021919526,0.0085,0.0067,106.046435,1.1041,8
143,550648400,50,36.741702267153,127.119667698440,51.558262620121,0.0085,0.0067,106.675271,1.1041,8
144,550648450,50,36.741701751747,127.119670150570,51.567462161183,0.0085,0.0068,104.636626,1.1041,8
145,550648500,50,36.741701181030,127.119672626879,51.560644558631,0.0085,0.0068,105.979949,1.1041,8
146,550648550,50,36.741700606553,127.119675139255,51.557662458159,0.0086,0.0068,105.860669,1.1041,8
147,550648600,50,36.741700027260,127.119677618293,51.559198813513,0.0086,0.0068,106.190625,1.1041,8
148,550648650,50,36.741699502410,127.119680209432,51.561828175560,0.0084,0.0066,106.190651,1.1041,8
149,550648700,50,36.741698896005,127.119682762206,51.562356444076,0.0084,0.0066,106.444489,1.1041,8
150,550648750,50,36.741698314958,127.119685327102,51.561644499190,0.0084,0.0067,105.720882,1.1041,8
151,550648800,50,36.741697721064,127.119687973351,51.560704027303,0.0084,0.0067,105.581623,1.1041,8
152,550648850,50,36.741697136623,127.119690619459,51.555250689387,0.0084,0.0067,105.346161,1.1041,8
153,550648900,50,36.741696513726,127.119693281772,51.561393628828,0.0084,0.0067,106.209814,1.1041,8
154,550648950,50,36.741695938645,127.119696005519,51.563212539069,0.0084,0.0067,104.699870,1.1041,8
155,550649000,50,36.741695300827,127.119698770447,51.551175153814,0.0084,0.0067,105.993800,1.1041,8
156,550649050,50,36.741694631293,127.119701522347,51.558486548252,0.0084,0.0067,106.820394,1.1041,8
157,550649100,50,36.741693993576,127.119704274945,51.556388594210,0.0085,0.0067,106.059350,1.1041,8
158,550649150,50,36.741693342278,127.119707121151,51.552494123578,0.0085,0.0067,105.871936,1.1041,8
159,550649200,50,36.741692624811,127.119709932244,51.549051804468,0.0085,0.0067,107.595233,1.1041,8
160,550649250,50,36.741691924256,127.119712792285,51.551376772113,0.0085,0.0067,106.927735,1.1041,8
161,550649300,50,36.741691286229,127.119715750810,51.552089637145,0.0085,0.0067,105.000587,1.1041,8
162,550649350,50,36.741690589937,127.119718686526,51.558941213414,0.0085,0.0068,106.420366,1.1041,8
163,550649400,50,36.741689925191,127.119721651084,51.554010416381,0.0085,0.0068,105.568542,1.1041,8
164,550649450,50,36.741689251296,127.119724637763,51.549171167426,0.0085,0.0068,105.661170,1.1041,8
165,550649500,50,36.741688563660,127.119727652450,51.551395661198,0.0085,0.0068,105.823493,1.1041,8
166,550649550,50,36.741687835371,127.119730671452,51.556085983291,0.0085,0.0068,106.685647,1.1041,8
167,550649600,50,36.741687106864,127.119733769091,51.556409305893,0.0086,0.0068,106.289382,1.1041,8
168,550649650,50,36.741686361672,127.119736868849,51.560722379014,0.0084,0.0067,106.289412,1.1041,8
169,550649700,50,36.741685631442,127.119739971415,51.561167931184,0.0084,0.0067,106.301342,1.1041,8
170,550649750,50,36.741684887527,127.119743113188,51.556306705810,0.0084,0.0067,106.394332,1.1041,8
171,550649800,50,36.741684111717,127.119746307268,51.560775837861,0.0084,0.0067,106.793712,1.1041,8
172,550649850,50,36.741683361798,127.119749520560,51.551385506988,0.0084,0.0067,106.171189,1.1041,8
173,550649900,50,36.741682607418,127.119752720211,51.554792314768,0.0084,0.0067,106.327960,1.1041,8
174,550649950,50,36.741681823115,127.119755999293,51.552993923426,0.0084,0.0067,106.551555,1.1041,8
175,550650000,50,36.741681048869,127.119759290936,51.556284849532,0.0084,0.0067,106.291646,1.1041,8
176,550650050,50,36.741680245723,127.119762605418,51.555038777180,0.0084,0.0067,106.756128,1.1041,8
177,550650100,50,36.741679483443,127.119765918155,51.548840206116,0.0084,0.0067,105.955917,1.1041,8
178,550650150,50,36.741678710254,127.119769276562,51.550823863596,0.0085,0.0067,105.963753,1.1041,8
179,550650200,50,36.741677879378,127.119772654123,51.555424313061,0.0085,0.0067,106.996322,1.1041,8
180,550650250,50,36.741677027676,127.119776060953,51.555697603151,0.0085,0.0067,107.256347,1.1041,8
181,550650300,50,36.741676200902,127.119779488050,51.548116092570,0.0085,0.0067,106.686361,1.1041,8
182,550650350,50,36.741675397194,127.119782954513,51.551641508006,0.0085,0.0068,106.070800,1.1041,8
183,550650400,50,36.741674526322,127.119786416470,51.547503874637,0.0085,0.0068,107.357351,1.1041,8
184,550650450,50,36.741673680185,127.119789928974,51.548244812526,0.0085,0.0068,106.663278,1.1041,8
185,550650500,50,36.741672809752,127.119793453412,51.552181785926,0.0086,0.0068,107.059554,1.1041,8
186,550650550,50,36.741671961162,127.119797017095,51.550048662350,0.0086,0.0068,106.482039,1.1041,8
187,550650600,50,36.741671089097,127.119800615783,51.554104637355,0.0086,0.0068,106.757027,1.1041,8
188,550650650,50,36.741670180635,127.119804215982,51.548689831048,0.0086,0.0068,107.408023,1.1041,8
189,550650700,50,36.741669300021,127.119807852544,51.552077680826,0.0086,0.0068,106.745740,1.1041,8
190,550650750,50,36.741668382121,127.119811510977,51.554313809611,0.0086,0.0068,107.314855,1.1041,8
191,550650800,50,36.741667493381,127.119815213271,51.553211201914,0.0086,0.0068,106.608245,1.1041,8
192,550650850,50,36.741666513434,127.119818918454,51.569693790749,0.0084,0.0067,106.608281,1.1041,8
193,550650900,50,36.741665614215,127.119822732594,51.567384259775,0.0084,0.0067,106.327276,1.1041,8
194,550650950,50,36.741664664860,127.119826490053,51.571872259490,0.0085,0.0067,107.428932,1.1041,8
195,550651000,50,36.741663746029,127.119830294865,51.571737055667,0.0085,0.0067,106.702418,1.1041,8
196,550651050,50,36.741662771579,127.119834108015,51.572171883658,0.0085,0.0067,107.616101,1.1041,8
197,550651100,50,36.741661831373,127.119837947702,51.570081084967,0.0085,0.0067,106.922467,1.1041,8
198,550651150,50,36.741660862016,127.119841853840,51.565067091025,0.0085,0.0067,107.137078,1.1041,8
199,550651200,50,36.741659842278,127.119845763301,51.573855580762,0.0085,0.0067,107.957464,1.1041,8
200,550651250,50,36.741658868963,127.119849663371,51.569328147918,0.0085,0.0068,107.228095,1.1041,8
201,550651300,50,36.741657862172,127.119853609600,51.567104728892,0.0085,0.0068,107.588759,1.1041,8
202,550651350,50,36.741656886409,127.119857593675,51.566665980034,0.0085,0.0068,106.925760,1.1041,8
203,550651400,50,36.741655863709,127.119861643256,51.563703138381,0.0086,0.0068,107.421502,1.1041,8
204,550651450,50,36.741654817906,127.119865629488,51.567927879281,0.0086,0.0068,108.055013,1.1041,8
205,550651500,50,36.741653773231,127.119869682262,51.567607455887,0.0086,0.0068,107.759398,1.1041,8
206,550651550,50,36.741652737492,127.119873722704,51.570462938398,0.0086,0.0068,107.667341,1.1041,8
207,550651600,50,36.741651656520,127.119877820230,51.566718759947,0.0086,0.0068,108.148725,1.1041,8
208,550651650,50,36.741650594026,127.119881946727,51.567523960024,0.0086,0.0068,107.740850,1.1041,8
209,550651700,50,36.741649527254,127.119886078136,51.570032894611,0.0086,0.0068,107.787932,1.1041,8
210,550651750,50,36.741648449968,127.119890237137,51.567084637471,0.0087,0.0069,107.840526,1.1041,8
211,550651800,50,36.741647353518,127.119894423436,51.577098430134,0.0087,0.0069,108.026683,1.1041,8
212,550651850,50,36.741646301531,127.119898606086,51.573205178604,0.0087,0.0069,107.354545,1.1041,8
213,550651900,50,36.741645170343,127.119902817155,51.564241942018,0.0087,0.0069,108.457469,1.1041,8
214,550651950,50,36.741644037084,127.119907004001,51.572949066758,0.0087,0.0069,108.588595,1.1041,8
215,550652000,50,36.741642906758,127.119911243653,51.570122405887,0.0087,0.0069,108.328347,1.1041,8
216,550652050,50,36.741641791111,127.119915436455,51.572356963530,0.0087,0.0069,108.294842,1.1041,8
217,550652100,50,36.741640658470,127.119919711912,51.581242730841,0.0085,0.0068,108.294885,1.1041,8
218,550652150,50,36.741639508358,127.119923988018,51.578748166561,0.0085,0.0068,108.479271,1.1041,8
219,550652200,50,36.741638357260,127.119928250121,51.581360087730,0.0085,0.0068,108.550650,1.1041,8
220,550652250,50,36.741637189205,127.119932537018,51.581562023610,0.0085,0.0068,108.703650,1.1041,8
221,550652300,50,36.741636034143,127.119936839626,51.585926892236,0.0086,0.0068,108.446829,1.1041,8
222,550652350,50,36.741634913317,127.119941180612,51.581162440591,0.0086,0.0068,107.787045,1.1041,8
223,550652400,50,36.741633714345,127.119945463615,51.589855311438,0.0086,0.0068,109.179165,1.1041,8
224,550652450,50,36.741632531511,127.119949845661,51.584635295905,0.0086,0.0068,108.541029,1.1041,8
225,550652500,50,36.741631362043,127.119954216385,51.583514544182,0.0086,0.0068,108.389919,1.1041,8
226,550652550,50,36.741630157464,127.119958579543,51.585748103447,0.0086,0.0068,108.933812,1.1041,8
227,550652600,50,36.741628951997,127.119962960722,51.597532758489,0.0086,0.0068,108.874365,1.1041,8
228,550652650,50,36.741627745901,127.119967377587,51.589440835640,0.0084,0.0067,108.874413,1.1041,8
229,550652700,50,36.741626535782,127.119971784670,51.584724362940,0.0084,0.0067,108.838589,1.1041,8
230,550652750,50,36.741625344423,127.119976251674,51.599347647280,0.0084,0.0067,108.334406,1.1041,8
231,550652800,50,36.741624120293,127.119980661928,51.594356218353,0.0084,0.0067,109.028371,1.1041,8
232,550652850,50,36.741622872393,127.119985064547,51.593496928923,0.0085,0.0067,109.401653,1.1041,8
233,550652900,50,36.741621704695,127.119989542929,51.592075197026,0.0085,0.0067,107.951164,1.1041,8
234,550652950,50,36.741620428291,127.119993925082,51.588164948858,0.0085,0.0067,109.895949,1.1041,8
235,550653000,50,36.741619182263,127.119998377521,51.596701599658,0.0085,0.0067,109.173831,1.1041,8
236,550653050,50,36.741617939928,127.120002760975,51.587535337545,0.0085,0.0068,109.399727,1.1041,8
237,550653100,50,36.741616699597,127.120007219419,51.593987736851,0.0085,0.0068,109.068663,1.1041,8
238,550653150,50,36.741615426028,127.120011649640,51.594451606274,0.0085,0.0068,109.656350,1.1041,8
239,550653200,50,36.741614176479,127.120016102708,51.596041575074,0.0085,0.0068,109.221514,1.1041,8
240,550653250,50,36.741612893906,127.120020556349,51.599812375382,0.0086,0.0068,109.688555,1.1041,8
241,550653300,50,36.741611582953,127.120024975042,51.601319588721,0.0086,0.0068,110.235740,1.1041,8
242,550653350,50,36.741610321185,127.120029459821,51.602537679486,0.0086,0.0068,109.268481,1.1041,8
243,550653400,50,36.741608999626,127.120033890950,51.599126348272,0.0086,0.0068,110.333511,1.1041,8
244,550653450,50,36.741607737945,127.120038353820,51.605612331070,0.0086,0.0068,109.354816,1.1041,8
245,550653500,50,36.741606423594,127.120042807804,51.606744653545,0.0086,0.0068,110.136147,1.1041,8
246,550653550,50,36.741605129236,127.120047292099,51.601428491063,0.0086,0.0068,109.730137,1.1041,8
247,550653600,50,36.741603815988,127.120051758535,51.606752311811,0.0086,0.0068,110.068995,1.1041,8
248,550653650,50,36.741602510946,127.120056248216,51.602072744630,0.0084,0.0067,110.069047,1.1041,8
249,550653700,50,36.741601172811,127.120060714759,51.605065269396,0.0084,0.0067,110.417769,1.1041,8
250,550653750,50,36.741599877002,127.120065162845,51.603414263576,0.0085,0.0067,109.898791,1.1041,8
251,550653800,50,36.741598553905,127.120069629348,51.605093205348,0.0085,0.0067,110.207122,1.1041,8
252,550653850,50,36.741597254306,127.120074086068,51.610286998563,0.0085,0.0067,109.916794,1.1041,8
253,550653900,50,36.741595929907,127.120078579102,51.603752965108,0.0085,0.0067,110.115554,1.1041,8
254,550653950,50,36.741594601499,127.120083065551,51.609467171133,0.0085,0.0067,110.198776,1.1041,8
255,550654000,50,36.741593237740,127.120087557565,51.607242375612,0.0085,0.0067,110.667798,1.1041,8
256,550654050,50,36.741591939300,127.120092031008,51.612972454168,0.0085,0.0068,109.831826,1.1041,8
257,550654100,50,36.741590554490,127.120096548423,51.616709752940,0.0085,0.0068,110.851613,1.1041,8
258,550654150,50,36.741589213918,127.120101041196,51.611350868829,0.0085,0.0068,110.342252,1.1041,8
259,550654200,50,36.741587853081,127.120105511899,51.619845189154,0.0085,0.0068,110.717242,1.1041,8
260,550654250,50,36.741586515580,127.120109991175,51.617932965979,0.0086,0.0068,110.355609,1.1041,8
261,550654300,50,36.741585124251,127.120114452017,51.614214397036,0.0086,0.0068,111.183415,1.1041,8
262,550654350,50,36.741583770869,127.120118967419,51.618286189623,0.0086,0.0068,110.426168,1.1041,8
263,550654400,50,36.741582413387,127.120123436412,51.618789586239,0.0086,0.0068,110.677710,1.1041,8
264,550654450,50,36.741581050811,127.120127949833,51.623653837480,0.0086,0.0068,110.561632,1.1041,8
265,550654500,50,36.741579642673,127.120132436963,51.624850860797,0.0086,0.0068,111.302082,1.1041,8
266,550654550,50,36.741578266185,127.120136932838,51.620680981316,0.0086,0.0068,110.827792,1.1041,8
267,550654600,50,36.741576880384,127.120141417316,51.615387438796,0.0084,0.0067,110.827846,1.1041,8
268,550654650,50,36.741575475234,127.120145884147,51.619471091777,0.0084,0.0067,111.348891,1.1041,8
269,550654700,50,36.741574108738,127.120150411297,51.618802822195,0.0084,0.0067,110.558564,1.1041,8
270,550654750,50,36.741572672977,127.120154913863,51.627140195109,0.0084,0.0067,111.614084,1.1041,8
271,550654800,50,36.741571259096,127.120159422180,51.622921949252,0.0084,0.0067,111.289684,1.1041,8
272,550654850,50,36.741569842384,127.120163879474,51.617154609412,0.0084,0.0067,111.550373,1.1041,8
273,550654900,50,36.741568465824,127.120168377376,51.619525400922,0.0085,0.0067,110.820253,1.1041,8
274,550654950,50,36.741567068874,127.120172875240,51.625760219060,0.0085,0.0067,111.101831,1.1041,8
275,550655000,50,36.741565655431,127.120177340404,51.628924459219,0.0085,0.0067,111.470732,1.1041,8
276,550655050,50,36.741564256187,127.120181794813,51.629418027587,0.0085,0.0067,111.321153,1.1041,8
277,550655100,50,36.741562835744,127.120186243918,51.623708969913,0.0085,0.0067,111.637979,1.1041,8
278,550655150,50,36.741561410506,127.120190682846,51.623432390392,0.0085,0.0068,111.749349,1.1041,8
279,550655200,50,36.741559992356,127.120195193448,51.623675270006,0.0085,0.0068,111.338334,1.1041,8
280,550655250,50,36.741558546841,127.120199719176,51.626712230034,0.0085,0.0068,111.646232,1.1041,8
281,550655300,50,36.741557093525,127.120204193889,51.634839167818,0.0085,0.0068,111.976668,1.1041,8
282,550655350,50,36.741555658789,127.120208685133,51.632192446850,0.0085,0.0068,111.649452,1.1041,8
283,550655400,50,36.741554243187,127.120213145732,51.639981159940,0.0086,0.0068,111.520496,1.1041,8
284,550655450,50,36.741552781756,127.120217585960,51.635715838522,0.0086,0.0068,112.242470,1.1041,8
285,550655500,50,36.741551352113,127.120222070569,51.631004904397,0.0086,0.0068,111.608654,1.1041,8
286,550655550,50,36.741549898918,127.120226489565,51.634597449563,0.0086,0.0068,112.225238,1.1041,8
287,550655600,50,36.741548441792,127.120230909858,51.634138931520,0.0086,0.0068,112.273582,1.1041,8
288,550655650,50,36.741547012573,127.120235366037,51.637713489123,0.0086,0.0068,111.727855,1.1041,8
289,550655700,50,36.741545552425,127.120239770058,51.641426525079,0.0086,0.0068,112.389561,1.1041,8
290,550655750,50,36.741544120675,127.120244202778,51.635191670619,0.0086,0.0069,111.867065,1.1041,8
291,550655800,50,36.741542658637,127.120248650411,51.633911092766,0.0084,0.0067,111.867119,1.1041,8
292,550655850,50,36.741541174326,127.120253068894,51.631782363169,0.0084,0.0067,112.655885,1.1041,8
293,550655900,50,36.741539711713,127.120257461317,51.637736736797,0.0084,0.0067,112.476981,1.1041,8
294,550655950,50,36.741538233971,127.120261867972,51.636841977015,0.0085,0.0067,112.620166,1.1041,8
295,550656000,50,36.741536771847,127.120266276814,51.631948137656,0.0085,0.0067,112.394817,1.1041,8
296,550656050,50,36.741535320301,127.120270680716,51.629727803171,0.0085,0.0067,112.271161,1.1041,8
297,550656100,50,36.741533845766,127.120275039784,51.630702894181,0.0085,0.0067,112.797362,1.1041,8
298,550656150,50,36.741532371310,127.120279430002,51.633778962307,0.0085,0.0068,112.650898,1.1041,8
299,550656200,50,36.741530882385,127.120283808552,51.638518315740,0.0085,0.0068,112.905046,1.1041,8
300,550656250,50,36.741529396493,127.120288192104,51.635874344967,0.0085,0.0068,112.839779,1.1041,8
301,550656300,50,36.741527920503,127.120292537600,51.634561458603,0.0085,0.0068,112.881478,1.1041,8
302,550656350,50,36.741526445764,127.120296909074,51.628644874319,0.0085,0.0068,112.742068,1.1041,8
303,550656400,50,36.741524921857,127.120301264457,51.633598397486,0.0086,0.0068,113.496875,1.1041,8
304,550656450,50,36.741523449395,127.120305619177,51.631010610610,0.0086,0.0068,112.788966,1.1041,8
305,550656500,50,36.741521952820,127.120309972531,51.640003533103,0.0086,0.0068,113.129704,1.1041,8
306,550656550,50,36.741520484053,127.120314337614,51.637210581452,0.0086,0.0068,112.689097,1.1041,8
307,550656600,50,36.741518979316,127.120318636031,51.636448147707,0.0086,0.0068,113.507476,1.1041,8
308,550656650,50,36.741517503251,127.120322977075,51.638256979175,0.0086,0.0068,112.903544,1.1041,8
309,550656700,50,36.741516012716,127.120327281113,51.641131857410,0.0086,0.0069,113.282174,1.1041,8
310,550656750,50,36.741514529781,127.120331590897,51.637391632423,0.0087,0.0069,113.148383,1.1041,8
311,550656800,50,36.741513023099,127.120335938347,51.634406973608,0.0087,0.0069,113.297533,1.1041,8
312,550656850,50,36.741511497918,127.120340244154,51.638199764304,0.0087,0.0069,113.755264,1.1041,8
313,550656900,50,36.741510002987,127.120344549584,51.640211833641,0.0087,0.0069,113.336751,1.1041,8
314,550656950,50,36.741508500497,127.120348854675,51.632820555009,0.0087,0.0069,113.443694,1.1041,8
315,550657000,50,36.741506951510,127.120353111341,51.641653466038,0.0085,0.0067,113.443747,1.1041,8
316,550657050,50,36.741505428620,127.120357409733,51.635046410374,0.0085,0.0067,113.759961,1.1041,8
317,550657100,50,36.741503917169,127.120361667120,51.637346602045,0.0085,0.0067,113.803196,1.1041,8
318,550657150,50,36.741502389546,127.120365946333,51.637042000890,0.0085,0.0068,113.920403,1.1041,8
319,550657200,50,36.741500855219,127.120370208929,51.635698476806,0.0085,0.0068,114.096520,1.1041,8
320,550657250,50,36.741499318831,127.120374397812,51.638603948057,0.0085,0.0068,114.500173,1.1041,8
321,550657300,50,36.741497811408,127.120378682280,51.636212481186,0.0085,0.0068,113.613165,1.1041,8
322,550657350,50,36.741496374146,127.120382967686,51.637843930162,0.0086,0.0068,112.622675,1.1041,8
323,550657400,50,36.741494988993,127.120387283348,51.632845067419,0.0086,0.0068,111.742110,1.1041,8
324,550657450,50,36.741493566008,127.120391546710,51.635039220564,0.0086,0.0068,112.524660,1.1041,8
325,550657500,50,36.741492077030,127.120395805297,51.633303184062,0.0086,0.0069,113.481945,1.1041,8
326,550657550,50,36.741490546403,127.120400049655,51.639187918976,0.0087,0.0069,114.136504,1.1041,8
327,550657600,50,36.741489016537,127.120404232531,51.635083948262,0.0085,0.0067,114.136556,1.1041,8
328,550657650,50,36.741487568326,127.120408465924,51.635131273419,0.0085,0.0067,113.028341,1.1041,8
329,550657700,50,36.741486036385,127.120412690147,51.634910072200,0.0085,0.0068,114.256802,1.1041,8
330,550657750,50,36.741484498805,127.120416870848,51.633066440001,0.0085,0.0068,114.559293,1.1041,8
331,550657800,50,36.741482860402,127.120421008227,51.636085883714,0.0085,0.0068,116.199065,1.1041,8
332,550657850,50,36.741481372764,127.120425159819,51.634423346259,0.0085,0.0068,114.000236,1.1041,8
333,550657900,50,36.741479860341,127.120429370118,51.639868177474,0.0086,0.0068,114.053099,1.1041,8
334,550657950,50,36.741478337583,127.120433557385,51.638592880219,0.0086,0.0068,114.316396,1.1041,8
335,550658000,50,36.741476754899,127.120437686316,51.635941438377,0.0086,0.0068,115.467488,1.1041,8
336,550658050,50,36.741475124094,127.120441767068,51.635601779446,0.0086,0.0068,116.406919,1.1041,8
337,550658100,50,36.741473521304,127.120445884283,51.641729664057,0.0086,0.0069,115.813160,1.1041,8
338,550658150,50,36.741471968044,127.120450064855,51.638076803647,0.0086,0.0069,114.780444,1.1041,8
339,550658200,50,36.741470374761,127.120454138258,51.640410639346,0.0087,0.0069,115.919975,1.1041,8
340,550658250,50,36.741468718083,127.120458177435,51.637474766932,0.0087,0.0069,117.004489,1.1041,8
341,550658300,50,36.741467009949,127.120462232689,51.636489417404,0.0087,0.0069,117.626214,1.1041,8
342,550658350,50,36.741465405692,127.120466301915,51.640370062552,0.0087,0.0069,116.098133,1.1041,8
343,550658400,50,36.741463799104,127.120470384930,51.640222231857,0.0087,0.0069,116.054434,1.1041,8
344,550658450,50,36.741462123852,127.120474414113,51.642283600755,0.0087,0.0069,117.321608,1.1041,8
345,550658500,50,36.741460411901,127.120478405432,51.645455832593,0.0088,0.0069,118.055007,1.1041,8
346,550658550,50,36.741458687835,127.120482380307,51.643675875850,0.0088,0.0069,118.321722,1.1041,8
347,550658600,50,36.741456996748,127.120486407408,51.654025336727,0.0086,0.0068,118.321772,1.1041,8
348,550658650,50,36.741455323557,127.120490415731,51.648380935192,0.0086,0.0068,117.414260,1.1041,8
349,550658700,50,36.741453598474,127.120494435567,51.649400095455,0.0086,0.0068,118.067463,1.1041,8
350,550658750,50,36.741451863055,127.120498393018,51.651769615710,0.0086,0.0068,118.584722,1.1041,8
351,550658800,50,36.741450057192,127.120502274361,51.651499238797,0.0086,0.0068,120.032505,1.1041,8
352,550658850,50,36.741448335471,127.120506242601,51.649586517364,0.0086,0.0068,118.329143,1.1041,8
353,550658900,50,36.741446599830,127.120510190567,51.646976409480,0.0086,0.0069,118.645597,1.1041,8
354,550658950,50,36.741444829908,127.120514127269,51.643545954488,0.0087,0.0069,119.189179,1.1041,8
355,550659000,50,36.741443012389,127.120518004878,51.647763846442,0.0087,0.0069,120.216455,1.1041,8
356,550659050,50,36.741441188834,127.120521837001,51.650540997274,0.0087,0.0069,120.594466,1.1041,8
357,550659100,50,36.741439404066,127.120525698131,51.648425898515,0.0087,0.0069,119.870661,1.1041,8
358,550659150,50,36.741437616023,127.120529586038,51.651874675415,0.0087,0.0069,119.745184,1.1041,8
359,550659200,50,36.741435805329,127.120533436246,51.649770547636,0.0087,0.0069,120.299459,1.1041,8
360,550659250,50,36.741433963776,127.120537206572,51.645136475563,0.0087,0.0069,121.253173,1.1041,8
361,550659300,50,36.741432075269,127.120541008376,51.634875755757,0.0087,0.0069,121.683343,1.1041,8
362,550659350,50,36.741430243952,127.120544822619,51.647047292441,0.0088,0.0069,120.818956,1.1041,8
363,550659400,50,36.741428378270,127.120548685129,51.649420231581,0.0088,0.0069,120.970836,1.1041,8
364,550659450,50,36.741426533236,127.120552546212,51.645956268534,0.0088,0.0070,120.699507,1.1041,8
365,550659500,50,36.741424610543,127.120556262645,51.644136629999,0.0088,0.0070,122.733662,1.1041,8
366,550659550,50,36.741422679643,127.120559974816,51.641199067235,0.0088,0.0070,122.874727,1.1041,8
367,550659600,50,36.741420780521,127.120563708975,51.642449226230,0.0088,0.0070,122.289766,1.1041,8
368,550659650,50,36.741418915208,127.120567491416,51.637888791040,0.0086,0.0069,122.289814,1.1041,8
369,550659700,50,36.741417031740,127.120571236262,51.643891922198,0.0086,0.0069,122.002389,1.1041,8
370,550659750,50,36.741415065568,127.120574885745,51.634778628126,0.0087,0.0069,123.798947,1.1041,8
371,550659800,50,36.741413069522,127.120578545327,51.634164180607,0.0087,0.0069,124.125912,1.1041,8
372,550659850,50,36.741411142208,127.120582229963,51.637995698489,0.0087,0.0069,123.020844,1.1041,8
373,550659900,50,36.741409206932,127.120585940422,51.635889331810,0.0087,0.0069,122.945972,1.1041,8
374,550659950,50,36.741407259791,127.120589588039,51.634027916938,0.0087,0.0069,123.555292,1.1041,8
375,550660000,50,36.741405222314,127.120593164216,51.633690222166,0.0087,0.0069,125.295106,1.1041,8
376,550660050,50,36.741403193375,127.120596811784,51.622303387150,0.0087,0.0069,124.650190,1.1041,8
377,550660100,50,36.741401184516,127.120600386224,51.631096443161,0.0087,0.0069,124.926871,1.1041,8
378,550660150,50,36.741399203523,127.120604025566,51.630956475623,0.0087,0.0069,124.072056,1.1041,8
379,550660200,50,36.741397189637,127.120607659040,51.630626464263,0.0088,0.0069,124.554414,1.1041,8
380,550660250,50,36.741395169637,127.120611196316,51.626045590267,0.0088,0.0070,125.357873,1.1041,8
381,550660300,50,36.741393065087,127.120614750143,51.630049858242,0.0088,0.0070,126.346137,1.1041,8
382,550660350,50,36.741391025962,127.120618265035,51.624080894515,0.0088,0.0070,125.785432,1.1041,8
383,550660400,50,36.741389006722,127.120621854736,51.623463130556,0.0088,0.0070,124.950898,1.1041,8
384,550660450,50,36.741386944858,127.120625395568,51.630010118708,0.0088,0.0070,125.887044,1.1041,8
385,550660500,50,36.741384860720,127.120628884213,51.622409109958,0.0088,0.0070,126.586171,1.1041,8
386,550660550,50,36.741382696026,127.120632380345,51.628884134814,0.0088,0.0070,127.572203,1.1041,8
387,550660600,50,36.741380612490,127.120635920378,51.627251344733,0.0089,0.0070,126.178178,1.1041,8
388,550660650,50,36.741378562095,127.120639450807,51.626780553721,0.0089,0.0070,125.815342,1.1041,8
389,550660700,50,36.741376464218,127.120642968796,51.626289961860,0.0089,0.0070,126.536667,1.1041,8
390,550660750,50,36.741374283003,127.120646468719,51.625851402991,0.0089,0.0070,127.752864,1.1041,8
391,550660800,50,36.741372115431,127.120649883196,51.630967783742,0.0087,0.0069,127.752909,1.1041,8
392,550660850,50,36.741369962564,127.120653337017,51.628991342150,0.0087,0.0069,127.757849,1.1041,8
393,550660900,50,36.741367856190,127.120656806535,51.634587378241,0.0087,0.0069,127.028976,1.1041,8
394,550660950,50,36.741365678391,127.120660248752,51.627367960289,0.0087,0.0069,128.171310,1.1041,8
395,550661000,50,36.741363496506,127.120663703220,51.629373160191,0.0087,0.0069,128.124604,1.1041,8
396,550661050,50,36.741361280749,127.120667083216,51.629230553284,0.0088,0.0069,129.164094,1.1041,8
397,550661100,50,36.741359026132,127.120670464928,51.624762822874,0.0088,0.0069,129.638407,1.1041,8
398,550661150,50,36.741356872370,127.120673915457,51.633941579610,0.0088,0.0070,127.795820,1.1041,8
399,550661200,50,36.741354635863,127.120677325172,51.628684309311,0.0088,0.0070,129.179981,1.1041,8
400,550661250,50,36.741352315770,127.120680668302,51.624035650864,0.0088,0.0070,130.771098,1.1041,8
401,550661300,50,36.741350053632,127.120684032287,51.625771741383,0.0089,0.0070,129.880270,1.1041,8
402,550661350,50,36.741347834525,127.120687412134,51.629822953604,0.0089,0.0070,129.207700,1.1041,8
403,550661400,50,36.741345580611,127.120690794902,51.638304047287,0.0089,0.0070,129.620822,1.1041,8
404,550661450,50,36.741343316496,127.120694246202,51.631733463146,0.0089,0.0070,129.184086,1.1041,8
405,550661500,50,36.741340888132,127.120697527196,51.632266825996,0.0089,0.0070,132.602552,1.1041,8
406,550661550,50,36.741338462232,127.120700780369,51.624471548013,0.0090,0.0071,132.816743,1.1041,8
407,550661600,50,36.741336134589,127.120704162123,51.625446462072,0.0090,0.0071,130.537780,1.1041,8
408,550661650,50,36.741333810454,127.120707603525,51.628281623125,0.0090,0.0071,130.001085,1.1041,8
409,550661700,50,36.741331470588,127.120710927115,51.630893978290,0.0090,0.0071,131.178069,1.1041,8
