0,549204500,50,36.740501675837,127.122810041430,51.663891491480,0.0076,0.0071,263.440714,1.0257,8
1,549204550,50,36.740501694515,127.122810061679,51.668005543761,0.0076,0.0071,41.105844,1.0257,8
2,549204600,50,36.740501667386,127.122810030042,51.666367169470,0.0075,0.0070,41.105844,1.0257,8
3,549204650,50,36.740501694093,127.122810036440,51.670332938433,0.0075,0.0070,10.911507,1.0257,8
4,549204700,50,36.740501667011,127.122810050948,51.666718582623,0.0075,0.0070,156.676626,1.0257,8
5,549204750,50,36.740501684595,127.122810040500,51.665343094617,0.0075,0.0070,334.441732,1.0257,8
6,549204800,50,36.740501675992,127.122810025427,51.663833878003,0.0076,0.0070,234.656568,1.0257,8
7,549204850,50,36.740501684817,127.122810042319,51.664498268627,0.0076,0.0070,57.010750,1.0257,8
8,549204900,50,36.740501661838,127.122810031747,51.663159665652,0.0076,0.0070,200.317586,1.0257,8
9,549204950,50,36.740501683376,127.122810046349,51.664365966804,0.0076,0.0070,28.618013,1.0257,8
10,549205000,50,36.740501675254,127.122810040710,51.661115798168,0.0076,0.0070,209.194677,1.0257,8
11,549205050,50,36.740501690382,127.122810037011,51.663508053869,0.0076,0.0070,348.865900,1.0257,8
12,549205100,50,36.740501679185,127.122810046967,51.663594045676,0.0076,0.0070,144.412140,1.0257,8
13,549205150,50,36.740501693301,127.122810049563,51.664338091388,0.0076,0.0070,8.420925,1.0257,8
14,549205200,50,36.740501690110,127.122810048303,51.661040597595,0.0076,0.0070,197.636787,1.0257,8
15,549205250,50,36.740501683985,127.122810048067,51.661801422946,0.0076,0.0070,181.780881,1.0257,8
16,549205300,50,36.740501690208,127.122810047381,51.663608705625,0.0076,0.0070,354.936082,1.0257,8
17,549205350,50,36.740501687139,127.122810042857,51.661909990013,0.0076,0.0070,229.871074,1.0257,8
18,549205400,50,36.740501678336,127.122810065736,51.663343319669,0.0076,0.0070,115.549301,1.0257,8
19,549205450,50,36.740501686362,127.122810055748,51.667648977600,0.0076,0.0070,314.954086,1.0257,8
20,549205500,50,36.740501673849,127.122810053299,51.669473689049,0.0076,0.0070,188.951328,1.0257,8
21,549205550,50,36.740501685622,127.122810057796,51.662841299549,0.0076,0.0070,17.089878,1.0257,8
22,549205600,50,36.740501684832,127.122810051312,51.666757939383,0.0076,0.0070,261.397389,1.0257,8
23,549205650,50,36.740501678953,127.122810043601,51.662430685014,0.0076,0.0071,226.548750,1.0257,8
24,549205700,50,36.740501688765,127.122810054420,51.662163273431,0.0076,0.0071,41.587366,1.0257,8
25,549205750,50,36.740501660112,127.122810048934,51.666605232283,0.0075,0.0070,41.587366,1.0257,8
26,549205800,50,36.740501676140,127.122810044987,51.667567293160,0.0075,0.0070,348.787377,1.0257,8
27,549205850,50,36.740501668036,127.122810043731,51.663742894307,0.0075,0.0070,187.106953,1.0257,8
28,549205900,50,36.740501680591,127.122810051267,51.666701102629,0.0075,0.0070,25.783608,1.0257,8
29,549205950,50,36.740501678721,127.122810051725,51.661955907010,0.0075,0.0070,168.830301,1.0257,8
30,549206000,50,36.740501666165,127.122810049779,51.664403624833,0.0076,0.0070,187.112844,1.0257,8
31,549206050,50,36.740501677696,127.122810021699,51.665332914330,0.0076,0.0070,297.032277,1.0257,8
32,549206100,50,36.740501676549,127.122810043728,51.664361141622,0.0076,0.0070,93.703235,1.0257,8
33,549206150,50,36.740501681634,127.122810044799,51.665370509028,0.0076,0.0070,9.617056,1.0257,8
34,549206200,50,36.740501685767,127.122810056908,51.666292461567,0.0076,0.0070,67.019476,1.0257,8
35,549206250,50,36.740501672845,127.122810054906,51.665441771038,0.0076,0.0070,187.106558,1.0257,8
36,549206300,50,36.740501681779,127.122810040017,51.664173953235,0.0076,0.0070,306.706937,1.0257,8
37,549206350,50,36.740501691666,127.122810049934,51.662479090504,0.0076,0.0070,38.916073,1.0257,8
38,549206400,50,36.740501695333,127.122810073819,51.663868268952,0.0076,0.0070,79.198791,1.0257,8
39,549206450,50,36.740501684839,127.122810029946,51.667099316604,0.0076,0.0070,253.447647,1.0257,8
40,549206500,50,36.740501684352,127.122810084564,51.664986500517,0.0076,0.0070,90.634847,1.0257,8
41,549206550,50,36.740501681085,127.122810059119,51.663029237650,0.0076,0.0070,260.936460,1.0257,8
42,549206600,50,36.740501679780,127.122810034089,51.668296519667,0.0076,0.0071,266.294847,1.0257,8
43,549206650,50,36.740501692016,127.122810067948,51.662520565093,0.0076,0.0071,65.819577,1.0257,8
44,549206700,50,36.740501704448,127.122810072003,51.664021551609,0.0076,0.0071,14.708966,1.0257,8
45,549206750,50,36.740501695729,127.122810060286,51.661664672196,0.0076,0.0071,227.242009,1.0257,8
46,549206800,50,36.740501693651,127.122810071820,51.662157492712,0.0076,0.0071,102.616469,1.0257,8
47,549206850,50,36.740501675937,127.122810061663,51.661183344200,0.0076,0.0071,204.772627,1.0257,8
48,549206900,50,36.740501695483,127.122810060455,51.661150224507,0.0076,0.0071,357.153196,1.0257,8
49,549206950,50,36.740501686771,127.122810072485,51.660975159146,0.0076,0.0071,131.980216,1.0257,8
50,549207000,50,36.740501686955,127.122810067287,51.663794813678,0.0077,0.0071,272.511672,1.0257,8
51,549207050,50,36.740501685201,127.122810058324,51.663001340814,0.0077,0.0071,256.335410,1.0257,8
52,549207100,50,36.740501685431,127.122810058291,51.660844660364,0.0076,0.0070,256.335410,1.0257,8
53,549207150,50,36.740501666233,127.122810041301,51.663360140286,0.0076,0.0070,215.460948,1.0257,8
54,549207200,50,36.740501674309,127.122810049579,51.662223403342,0.0076,0.0070,39.523941,1.0257,8
55,549207250,50,36.740501677827,127.122810046764,51.662214658223,0.0076,0.0070,327.223407,1.0257,8
56,549207300,50,36.740501680913,127.122810051173,51.660449446179,0.0076,0.0070,48.989722,1.0257,8
57,549207350,50,36.740501678743,127.122810043187,51.663583594374,0.0076,0.0070,251.347800,1.0257,8
58,549207400,50,36.740501689150,127.122810057034,51.663192756474,0.0076,0.0070,46.958211,1.0257,8
59,549207450,50,36.740501667887,127.122810065569,51.661846443079,0.0076,0.0070,162.095719,1.0257,8
60,549207500,50,36.740501679265,127.122810083398,51.666074301116,0.0076,0.0070,51.587645,1.0257,8
61,549207550,50,36.740501693125,127.122810049375,51.659610713832,0.0076,0.0071,296.848015,1.0257,8
62,549207600,50,36.740501681763,127.122810048732,51.660119239241,0.0075,0.0070,296.848015,1.0257,8
63,549207650,50,36.740501669144,127.122810058600,51.665564768948,0.0075,0.0070,147.813413,1.0257,8
64,549207700,50,36.740501672025,127.122810054014,51.663335870020,0.0075,0.0070,307.972425,1.0257,8
65,549207750,50,36.740501676859,127.122810043104,51.660288060084,0.0075,0.0070,298.831743,1.0257,8
66,549207800,50,36.740501666253,127.122810052013,51.663511122577,0.0075,0.0070,145.936846,1.0257,8
67,549207850,50,36.740501672368,127.122810061908,51.661386629567,0.0075,0.0070,52.479871,1.0257,8
68,549207900,50,36.740501677022,127.122810062975,51.662122225389,0.0075,0.0070,10.456823,1.0257,8
69,549207950,50,36.740501665216,127.122810044830,51.663767868653,0.0076,0.0070,231.048666,1.0257,8
70,549208000,50,36.740501679864,127.122810050824,51.659464458004,0.0076,0.0070,18.230620,1.0257,8
71,549208050,50,36.740501681169,127.122810044154,51.660592843778,0.0076,0.0070,283.667152,1.0257,8
72,549208100,50,36.740501668693,127.122810057895,51.664636740461,0.0076,0.0070,138.445652,1.0257,8
73,549208150,50,36.740501683988,127.122810028212,51.663153127767,0.0076,0.0070,302.628919,1.0257,8
74,549208200,50,36.740501670695,127.122810038540,51.662746422924,0.0076,0.0070,147.981684,1.0257,8
75,549208250,50,36.740501688224,127.122810050426,51.661293268204,0.0076,0.0071,28.622320,1.0257,8
76,549208300,50,36.740501649079,127.122810051848,51.664525806904,0.0076,0.0071,178.324972,1.0257,8
77,549208350,50,36.740501684791,127.122810041567,51.661928695627,0.0076,0.0071,346.955699,1.0257,8
78,549208400,50,36.740501668261,127.122810037203,51.663170058280,0.0076,0.0071,191.995851,1.0257,8
79,549208450,50,36.740501667815,127.122810051326,51.662047544494,0.0076,0.0071,92.244638,1.0257,8
80,549208500,50,36.740501666557,127.122810030342,51.665542899631,0.0076,0.0071,265.739664,1.0257,8
81,549208550,50,36.740501670384,127.122810040107,51.665044821799,0.0076,0.0071,64.032461,1.0257,8
82,549208600,50,36.740501648261,127.122810054766,51.666650034487,0.0075,0.0070,64.032461,1.0257,8
83,549208650,50,36.740501647731,127.122810033466,51.666493862867,0.0075,0.0070,268.227985,1.0257,8
84,549208700,50,36.740501637539,127.122810034081,51.667782885022,0.0075,0.0070,177.216715,1.0257,8
85,549208750,50,36.740501658874,127.122810044967,51.666265202686,0.0075,0.0070,22.324295,1.0257,8
86,549208800,50,36.740501649387,127.122810016205,51.665072123520,0.0075,0.0070,247.714517,1.0257,8
87,549208850,50,36.740501665705,127.122810042133,51.664628051221,0.0075,0.0070,51.975990,1.0257,8
88,549208900,50,36.740501646175,127.122810034306,51.666316956282,0.0076,0.0070,197.877185,1.0257,8
89,549208950,50,36.740501643061,127.122810030077,51.666088987142,0.0076,0.0070,227.549545,1.0257,8
90,549209000,50,36.740501669349,127.122810050015,51.663190210238,0.0076,0.0070,31.401265,1.0257,8
91,549209050,50,36.740501651507,127.122810029489,51.663907269947,0.0076,0.0070,222.798278,1.0257,8
92,549209100,50,36.740501664100,127.122810042216,51.666304880753,0.0076,0.0070,39.127985,1.0257,8
93,549209150,50,36.740501654043,127.122810040541,51.665146830492,0.0076,0.0070,187.635577,1.0257,8
94,549209200,50,36.740501666342,127.122810025171,51.665048559196,0.0076,0.0070,314.835977,1.0257,8
95,549209250,50,36.740501652199,127.122810046568,51.665718582459,0.0076,0.0070,129.397128,1.0257,8
96,549209300,50,36.740501655953,127.122810049031,51.668551957235,0.0076,0.0070,27.840432,1.0257,8
97,549209350,50,36.740501667800,127.122810024901,51.666614354588,0.0076,0.0070,301.385074,1.0257,8
98,549209400,50,36.740501660147,127.122810017385,51.663695217110,0.0076,0.0070,218.324014,1.0257,8
99,549209450,50,36.740501666221,127.122810032423,51.664249659516,0.0076,0.0070,63.349039,1.0257,8
100,549209500,50,36.740501656895,127.122810044306,51.665610151365,0.0076,0.0070,134.278841,1.0257,8
101,549209550,50,36.740501659962,127.122810037500,51.668797545135,0.0076,0.0070,299.247223,1.0257,8
102,549209600,50,36.740501662532,127.122810027516,51.665397861041,0.0076,0.0071,287.735006,1.0257,8
103,549209650,50,36.740501683106,127.122810041792,51.661423517391,0.0075,0.0070,287.735006,1.0257,8
104,549209700,50,36.740501673009,127.122810030577,51.662988256663,0.0075,0.0070,221.793051,1.0257,8
105,549209750,50,36.740501662215,127.122810026545,51.661821535788,0.0075,0.0070,196.733827,1.0257,8
106,549209800,50,36.740501676555,127.122810037571,51.661725554615,0.0075,0.0070,31.749910,1.0257,8
107,549209850,50,36.740501681284,127.122810043640,51.660348714329,0.0075,0.0070,45.931635,1.0257,8
108,549209900,50,36.740501662422,127.122810021588,51.662348649465,0.0075,0.0070,223.257857,1.0257,8
109,549209950,50,36.740501670638,127.122810028892,51.659507284872,0.0075,0.0070,35.581940,1.0257,8
110,549210000,50,36.740501677981,127.122810043001,51.663722330704,0.0075,0.0070,57.110848,1.0257,8
111,549210050,50,36.740501667792,127.122810045223,51.661565880291,0.0075,0.0070,170.044791,1.0257,8
112,549210100,50,36.740501684251,127.122810039358,51.657525581308,0.0075,0.0070,343.999297,1.0257,8
113,549210150,50,36.740501655207,127.122810020328,51.662365465425,0.0076,0.0070,207.804218,1.0257,8
114,549210200,50,36.740501674213,127.122810030624,51.662929188460,0.0076,0.0070,23.556698,1.0257,8
115,549210250,50,36.740501674655,127.122810029309,51.664386630990,0.0076,0.0070,292.681056,1.0257,8
116,549210300,50,36.740501667152,127.122810026364,51.660478080623,0.0076,0.0070,197.528915,1.0257,8
117,549210350,50,36.740501665616,127.122810034234,51.659853980877,0.0076,0.0070,103.635592,1.0257,8
118,549210400,50,36.740501669312,127.122810038403,51.662422265857,0.0076,0.0070,42.231065,1.0257,8
119,549210450,50,36.740501666210,127.122810042305,51.663654262200,0.0076,0.0070,134.648674,1.0257,8
120,549210500,50,36.740501671833,127.122810023623,51.665933376178,0.0076,0.0070,290.505830,1.0257,8
121,549210550,50,36.740501681292,127.122810020388,51.663277221844,0.0076,0.0070,344.611323,1.0257,8
122,549210600,50,36.740501681139,127.122810035525,51.662021520548,0.0076,0.0070,90.715611,1.0257,8
123,549210650,50,36.740501676361,127.122810031566,51.667187014595,0.0076,0.0070,213.693737,1.0257,8
124,549210700,50,36.740501659752,127.122810022005,51.666332566179,0.0076,0.0070,204.860503,1.0257,8
125,549210750,50,36.740501671544,127.122810018440,51.663238305598,0.0076,0.0070,346.325175,1.0257,8
126,549210800,50,36.740501690726,127.122810039870,51.664420319721,0.0075,0.0070,346.325175,1.0257,8
127,549210850,50,36.740501680897,127.122810041366,51.664447356015,0.0075,0.0070,173.018410,1.0257,8
128,549210900,50,36.740501666495,127.122810059905,51.663183439523,0.0075,0.0070,133.986723,1.0257,8
129,549210950,50,36.740501661936,127.122810020001,51.666214304045,0.0075,0.0070,261.920859,1.0257,8
130,549211000,50,36.740501684602,127.122810039258,51.663006177172,0.0075,0.0070,34.364021,1.0257,8
131,549211050,50,36.740501663387,127.122810030454,51.664766583592,0.0075,0.0070,198.468273,1.0257,8
132,549211100,50,36.740501664678,127.122810024758,51.665155117400,0.0076,0.0070,285.734111,1.0257,8
133,549211150,50,36.740501661180,127.122810045873,51.661378026940,0.0076,0.0070,101.631370,1.0257,8
134,549211200,50,36.740501673762,127.122810042047,51.667829251848,0.0076,0.0070,346.246451,1.0257,8
135,549211250,50,36.740501678146,127.122810044414,51.661897502840,0.0076,0.0070,23.484665,1.0257,8
136,549211300,50,36.740501671087,127.122810050109,51.665418408811,0.0076,0.0070,147.005859,1.0257,8
137,549211350,50,36.740501655267,127.122810009932,51.668580732308,0.0076,0.0070,243.930402,1.0257,8
138,549211400,50,36.740501666699,127.122810047411,51.666474933736,0.0076,0.0070,69.244072,1.0257,8
139,549211450,50,36.740501680839,127.122810034005,51.664079955779,0.0076,0.0070,322.654080,1.0257,8
140,549211500,50,36.740501663943,127.122810027879,51.668098670430,0.0076,0.0070,196.269807,1.0257,8
141,549211550,50,36.740501666740,127.122810041983,51.668865423650,0.0076,0.0070,76.156932,1.0257,8
142,549211600,50,36.740501671325,127.122810035722,51.666247190908,0.0076,0.0070,312.302404,1.0257,8
143,549211650,50,36.740501669936,127.122810034621,51.667416631244,0.0076,0.0070,212.544218,1.0257,8
144,549211700,50,36.740501666612,127.122810048475,51.665978651494,0.0076,0.0070,106.603145,1.0257,8
145,549211750,50,36.740501665507,127.122810044211,51.669484755956,0.0076,0.0070,252.154241,1.0257,8
146,549211800,50,36.740501680334,127.122810033900,51.671331929043,0.0076,0.0070,330.764097,1.0257,8
147,549211850,50,36.740501662801,127.122810034737,51.668131147511,0.0076,0.0070,177.799271,1.0257,8
148,549211900,50,36.740501682213,127.122810048289,51.668151548132,0.0076,0.0071,29.329011,1.0257,8
149,549211950,50,36.740501676635,127.122810031878,51.667995908298,0.0076,0.0071,247.104632,1.0257,8
150,549212000,50,36.740501664463,127.122810061304,51.672163228504,0.0076,0.0071,117.201513,1.0257,8
151,549212050,50,36.740501681443,127.122810042039,51.668310720474,0.0076,0.0071,317.598565,1.0257,8
152,549212100,50,36.740501658385,127.122810032800,51.666584463790,0.0075,0.0070,317.598565,1.0257,8
153,549212150,50,36.740501663806,127.122810042452,51.668007760309,0.0075,0.0070,55.088366,1.0257,8
154,549212200,50,36.740501663749,127.122810035804,51.668909355998,0.0075,0.0070,269.389732,1.0257,8
155,549212250,50,36.740501672062,127.122810038768,51.669587929733,0.0076,0.0070,16.007625,1.0257,8
156,549212300,50,36.740501664346,127.122810042692,51.671579681337,0.0076,0.0070,157.738485,1.0257,8
157,549212350,50,36.740501662149,127.122810032408,51.668670363724,0.0076,0.0070,255.130241,1.0257,8
158,549212400,50,36.740501671292,127.122810040268,51.667621845379,0.0076,0.0070,34.674532,1.0257,8
159,549212450,50,36.740501663250,127.122810042040,51.669231289998,0.0076,0.0070,169.938172,1.0257,8
160,549212500,50,36.740501676152,127.122810052142,51.669833047315,0.0076,0.0070,32.216809,1.0257,8
161,549212550,50,36.740501665877,127.122810048771,51.667748659849,0.0076,0.0070,194.792895,1.0257,8
162,549212600,50,36.740501664984,127.122810047126,51.667336065322,0.0075,0.0069,194.792895,1.0257,8
163,549212650,50,36.740501650319,127.122810024995,51.666332159191,0.0075,0.0070,230.533741,1.0257,8
164,549212700,50,36.740501658179,127.122810026843,51.666145605035,0.0075,0.0070,10.715538,1.0257,8
165,549212750,50,36.740501659910,127.122810043189,51.666540119797,0.0075,0.0070,82.502896,1.0257,8
166,549212800,50,36.740501647732,127.122810050869,51.667525805533,0.0075,0.0070,153.088701,1.0257,8
167,549212850,50,36.740501663099,127.122810034979,51.667127679102,0.0075,0.0070,320.232033,1.0257,8
168,549212900,50,36.740501662510,127.122810030866,51.667393879965,0.0075,0.0070,259.899200,1.0257,8
169,549212950,50,36.740501670034,127.122810039193,51.664025023580,0.0075,0.0070,41.689928,1.0257,8
170,549213000,50,36.740501653553,127.122810039633,51.667471499182,0.0075,0.0070,178.767140,1.0257,8
171,549213050,50,36.740501671735,127.122810045608,51.663772249594,0.0075,0.0070,14.814485,1.0257,8
172,549213100,50,36.740501647603,127.122810040101,51.664088367485,0.0075,0.0070,190.406380,1.0257,8
173,549213150,50,36.740501654590,127.122810062396,51.665787844919,0.0075,0.0070,68.725177,1.0257,8
174,549213200,50,36.740501668354,127.122810047393,51.662397543900,0.0075,0.0070,318.741824,1.0257,8
175,549213250,50,36.740501667130,127.122810037801,51.661568372510,0.0075,0.0070,260.991289,1.0257,8
176,549213300,50,36.740501657109,127.122810045644,51.658453579992,0.0076,0.0070,147.792628,1.0257,8
177,549213350,50,36.740501663986,127.122810035777,51.662509080954,0.0076,0.0070,310.890611,1.0257,8
178,549213400,50,36.740501658017,127.122810050107,51.661255969666,0.0076,0.0070,117.365680,1.0257,8
179,549213450,50,36.740501661202,127.122810033674,51.665360855870,0.0076,0.0070,283.541999,1.0257,8
180,549213500,50,36.740501670846,127.122810039714,51.663095898926,0.0076,0.0070,26.748236,1.0257,8
181,549213550,50,36.740501656725,127.122810046861,51.659339063801,0.0076,0.0070,157.835968,1.0257,8
182,549213600,50,36.740501662478,127.122810038347,51.662794046104,0.0075,0.0069,157.835968,1.0257,8
183,549213650,50,36.740501671197,127.122810056427,51.665037646890,0.0075,0.0069,59.071268,1.0257,8
184,549213700,50,36.740501673963,127.122810057151,51.665592630394,0.0075,0.0069,11.903604,1.0257,8
185,549213750,50,36.740501672676,127.122810048274,51.665550786071,0.0075,0.0070,259.790178,1.0257,8
186,549213800,50,36.740501651296,127.122810036081,51.664989191107,0.0075,0.0070,204.653362,1.0257,8
187,549213850,50,36.740501659585,127.122810035130,51.667342503555,0.0075,0.0070,354.720351,1.0257,8
188,549213900,50,36.740501658856,127.122810050412,51.663654457778,0.0075,0.0070,93.389434,1.0257,8
189,549213950,50,36.740501673020,127.122810055500,51.670590504073,0.0075,0.0070,16.123467,1.0257,8
190,549214000,50,36.740501668406,127.122810049875,51.664443638176,0.0075,0.0070,224.456490,1.0257,8
191,549214050,50,36.740501675608,127.122810051193,51.662089363672,0.0075,0.0070,8.377773,1.0257,8
192,549214100,50,36.740501665894,127.122810048178,51.665412724018,0.0075,0.0070,194.024736,1.0257,8
193,549214150,50,36.740501674223,127.122810034222,51.663876821287,0.0075,0.0070,306.557149,1.0257,8
194,549214200,50,36.740501661947,127.122810050487,51.666868487373,0.0075,0.0070,133.160353,1.0257,8
195,549214250,50,36.740501657581,127.122810045708,51.667315944098,0.0075,0.0070,221.381514,1.0257,8
196,549214300,50,36.740501666986,127.122810026543,51.667380936444,0.0075,0.0070,301.371774,1.0257,8
197,549214350,50,36.740501664641,127.122810058743,51.663739002310,0.0076,0.0070,95.170590,1.0257,8
198,549214400,50,36.740501677357,127.122810047117,51.666563775390,0.0076,0.0070,323.652475,1.0257,8
199,549214450,50,36.740501660155,127.122810046776,51.666647541337,0.0076,0.0070,180.911782,1.0257,8
200,549214500,50,36.740501673437,127.122810048949,51.666499715298,0.0076,0.0070,7.498398,1.0257,8
201,549214550,50,36.740501668007,127.122810052755,51.662212527357,0.0076,0.0070,150.572989,1.0257,8
202,549214600,50,36.740501661632,127.122810048058,51.668573863804,0.0076,0.0070,210.660345,1.0257,8
203,549214650,50,36.740501649287,127.122810044906,51.665671234950,0.0075,0.0070,210.660345,1.0257,8
204,549214700,50,36.740501660754,127.122810048104,51.667318372987,0.0075,0.0070,12.648128,1.0257,8
205,549214750,50,36.740501686630,127.122810053588,51.659255962819,0.0075,0.0070,9.680559,1.0257,8
206,549214800,50,36.740501663317,127.122810052309,51.665181199089,0.0075,0.0070,182.528004,1.0257,8
207,549214850,50,36.740501653411,127.122810056880,51.666839068756,0.0075,0.0070,159.627396,1.0257,8
208,549214900,50,36.740501676072,127.122810047115,51.666019392200,0.0075,0.0070,340.873571,1.0257,8
209,549214950,50,36.740501673823,127.122810057346,51.665199385956,0.0075,0.0070,105.278492,1.0257,8
210,549215000,50,36.740501670547,127.122810054857,51.666026962921,0.0075,0.0070,211.447540,1.0257,8
211,549215050,50,36.740501664583,127.122810047676,51.661126566119,0.0076,0.0070,224.101073,1.0257,8
212,549215100,50,36.740501669048,127.122810055928,51.661504199728,0.0076,0.0070,56.087709,1.0257,8
213,549215150,50,36.740501663061,127.122810069303,51.666156198829,0.0076,0.0070,119.082229,1.0257,8
214,549215200,50,36.740501670023,127.122810060690,51.667397596873,0.0076,0.0070,315.124681,1.0257,8
215,549215250,50,36.740501667592,127.122810055254,51.664603079669,0.0076,0.0070,240.941882,1.0257,8
216,549215300,50,36.740501662933,127.122810053603,51.668732581660,0.0076,0.0070,195.920501,1.0257,8
217,549215350,50,36.740501655549,127.122810061079,51.666166950017,0.0076,0.0070,140.826803,1.0257,8
218,549215400,50,36.740501655466,127.122810055408,51.665064420551,0.0076,0.0070,268.960097,1.0257,8
219,549215450,50,36.740501666697,127.122810040494,51.667417597026,0.0076,0.0070,313.097817,1.0257,8
220,549215500,50,36.740501648187,127.122810082576,51.663337117992,0.0076,0.0070,118.658460,1.0257,8
221,549215550,50,36.740501655015,127.122810068367,51.665454246104,0.0076,0.0070,300.844750,1.0257,8
222,549215600,50,36.740501671293,127.122810050867,51.664580203593,0.0076,0.0070,319.132401,1.0257,8
223,549215650,50,36.740501655053,127.122810066866,51.663012147881,0.0076,0.0070,141.592703,1.0257,8
224,549215700,50,36.740501672982,127.122810073565,51.666714470834,0.0076,0.0070,16.736344,1.0257,8
225,549215750,50,36.740501654345,127.122810068415,51.665553351864,0.0075,0.0070,16.736344,1.0257,8
226,549215800,50,36.740501664143,127.122810075457,51.663561513647,0.0075,0.0070,30.047942,1.0257,8
227,549215850,50,36.740501678413,127.122810060952,51.660588468425,0.0075,0.0070,320.713105,1.0257,8
228,549215900,50,36.740501666521,127.122810057125,51.662090386264,0.0075,0.0070,194.522034,1.0257,8
229,549215950,50,36.740501667383,127.122810072416,51.659320743755,0.0075,0.0070,85.992558,1.0257,8
230,549216000,50,36.740501662847,127.122810069482,51.660216724500,0.0075,0.0070,207.497227,1.0257,8
231,549216050,50,36.740501668526,127.122810075605,51.660566177219,0.0075,0.0070,40.948850,1.0257,8
232,549216100,50,36.740501666773,127.122810057696,51.665895719081,0.0076,0.0070,263.067948,1.0257,8
233,549216150,50,36.740501663580,127.122810060117,51.664932900108,0.0076,0.0070,148.615377,1.0257,8
234,549216200,50,36.740501677694,127.122810073945,51.664870752953,0.0076,0.0070,38.255588,1.0257,8
235,549216250,50,36.740501678724,127.122810069466,51.662974939682,0.0076,0.0070,285.947216,1.0257,8
236,549216300,50,36.740501691835,127.122810071045,51.659329256043,0.0076,0.0070,5.534103,1.0257,8
237,549216350,50,36.740501679410,127.122810064856,51.662730240263,0.0076,0.0070,201.846406,1.0257,8
238,549216400,50,36.740501677466,127.122810071059,51.662374121137,0.0076,0.0070,111.272307,1.0257,8
239,549216450,50,36.740501678562,127.122810079453,51.661628786474,0.0076,0.0070,80.790707,1.0257,8
240,549216500,50,36.740501681230,127.122810057914,51.663619241677,0.0076,0.0070,278.750452,1.0257,8
241,549216550,50,36.740501686070,127.122810084074,51.659141220152,0.0076,0.0070,77.052301,1.0257,8
242,549216600,50,36.740501683941,127.122810060307,51.660243562423,0.0076,0.0070,263.647436,1.0257,8
243,549216650,50,36.740501701662,127.122810077850,51.658098788001,0.0076,0.0070,38.545620,1.0257,8
244,549216700,50,36.740501689373,127.122810076131,51.658478613943,0.0076,0.0070,186.421698,1.0257,8
245,549216750,50,36.740501692415,127.122810064452,51.658625018783,0.0076,0.0070,287.930099,1.0257,8
246,549216800,50,36.740501682724,127.122810080601,51.660384192131,0.0076,0.0070,126.708855,1.0257,8
247,549216850,50,36.740501693692,127.122810085150,51.657999074087,0.0076,0.0070,18.456969,1.0257,8
248,549216900,50,36.740501682520,127.122810091177,51.658243659884,0.0076,0.0070,156.529156,1.0257,8
249,549216950,50,36.740501699359,127.122810061061,51.653570135124,0.0076,0.0070,304.789192,1.0257,8
250,549217000,50,36.740501697785,127.122810081074,51.660359956324,0.0075,0.0070,304.789192,1.0257,8
251,549217050,50,36.740501699618,127.122810084510,51.661329144612,0.0075,0.0070,56.463057,1.0257,8
252,549217100,50,36.740501683867,127.122810080258,51.660029469989,0.0075,0.0070,192.257027,1.0257,8
253,549217150,50,36.740501693839,127.122810080527,51.656372084282,0.0075,0.0070,1.242960,1.0257,8
254,549217200,50,36.740501708476,127.122810066237,51.655686062761,0.0075,0.0070,321.842696,1.0257,8
255,549217250,50,36.740501694694,127.122810090420,51.661249753088,0.0075,0.0070,125.302595,1.0257,8
256,549217300,50,36.740501700350,127.122810077642,51.658347279765,0.0075,0.0070,298.807602,1.0257,8
257,549217350,50,36.740501706362,127.122810081706,51.656309234910,0.0075,0.0070,28.553011,1.0257,8
258,549217400,50,36.740501700900,127.122810083674,51.658646774478,0.0076,0.0070,163.828421,1.0257,8
259,549217450,50,36.740501710913,127.122810099332,51.655974504538,0.0076,0.0070,51.530272,1.0257,8
260,549217500,50,36.740501697963,127.122810071720,51.660412004218,0.0076,0.0070,239.769122,1.0257,8
261,549217550,50,36.740501707015,127.122810102402,51.657756423578,0.0076,0.0070,69.868976,1.0257,8
262,549217600,50,36.740501673465,127.122810063029,51.661548866890,0.0075,0.0070,69.868977,1.0257,8
263,549217650,50,36.740501705563,127.122810093331,51.659802957438,0.0075,0.0070,37.227014,1.0257,8
264,549217700,50,36.740501679667,127.122810061796,51.660661206581,0.0075,0.0070,224.422788,1.0257,8
265,549217750,50,36.740501697962,127.122810084603,51.660741789266,0.0075,0.0070,45.094687,1.0257,8
266,549217800,50,36.740501676049,127.122810068909,51.659971031360,0.0075,0.0070,209.959715,1.0257,8
267,549217850,50,36.740501701118,127.122810076166,51.661382286809,0.0075,0.0070,13.114925,1.0257,8
268,549217900,50,36.740501685646,127.122810084019,51.660968082026,0.0075,0.0070,157.778723,1.0257,8
269,549217950,50,36.740501681831,127.122810062340,51.657561361790,0.0075,0.0070,257.667766,1.0257,8
270,549218000,50,36.740501687863,127.122810080931,51.664058646187,0.0075,0.0070,68.044199,1.0257,8
271,549218050,50,36.740501682179,127.122810081666,51.661050756462,0.0075,0.0070,174.063379,1.0257,8
272,549218100,50,36.740501691878,127.122810077967,51.657445884310,0.0075,0.0070,342.937232,1.0257,8
273,549218150,50,36.740501680654,127.122810067556,51.656760903075,0.0075,0.0070,216.740163,1.0257,8
274,549218200,50,36.740501694942,127.122810076138,51.664276034571,0.0075,0.0070,25.797290,1.0257,8
275,549218250,50,36.740501703910,127.122810054554,51.656905418262,0.0075,0.0070,297.305049,1.0257,8
276,549218300,50,36.740501716571,127.122810024761,51.657681367360,0.0075,0.0070,297.835516,1.0257,8
277,549218350,50,36.740501727157,127.122810011237,51.655530461110,0.0076,0.0070,314.203631,1.0257,8
278,549218400,50,36.740501733932,127.122809948138,51.657282915898,0.0076,0.0070,277.599136,1.0257,8
279,549218450,50,36.740501771953,127.122809917077,51.655110471882,0.0076,0.0070,326.675128,1.0257,8
280,549218500,50,36.740501781940,127.122809845521,51.656019836664,0.0076,0.0070,279.838316,1.0257,8
281,549218550,50,36.740501801677,127.122809784404,51.658128754236,0.0076,0.0070,291.863799,1.0257,8
282,549218600,50,36.740501831717,127.122809699160,51.661905995570,0.0075,0.0070,291.863799,1.0257,8
283,549218650,50,36.740501862438,127.122809608288,51.658693898469,0.0075,0.0070,292.784705,1.0257,8
284,549218700,50,36.740501901226,127.122809512380,51.657625696622,0.0075,0.0070,296.680035,1.0257,8
285,549218750,50,36.740501954936,127.122809419390,51.656148547307,0.0075,0.0070,305.665734,1.0257,8
286,549218800,50,36.740501999430,127.122809274529,51.656878114678,0.0075,0.0070,290.888611,1.0257,8
287,549218850,50,36.740502057879,127.122809154965,51.652300864458,0.0075,0.0070,301.274568,1.0257,8
288,549218900,50,36.740502092892,127.122808970987,51.656159001403,0.0075,0.0070,283.304147,1.0257,8
289,549218950,50,36.740502178475,127.122808790565,51.654140202329,0.0075,0.0070,300.514188,1.0257,8
290,549219000,50,36.740502237892,127.122808576417,51.656894638203,0.0075,0.0070,289.021500,1.0257,8
291,549219050,50,36.740502338008,127.122808367882,51.654026281089,0.0075,0.0070,300.816993,1.0257,8
292,549219100,50,36.740502440413,127.122808114817,51.654449585825,0.0075,0.0070,296.692850,1.0257,8
293,549219150,50,36.740502552061,127.122807836643,51.656234798953,0.0075,0.0070,296.505270,1.0257,8
294,549219200,50,36.740502683397,127.122807558199,51.656956400722,0.0076,0.0070,300.373176,1.0257,8
295,549219250,50,36.740502798004,127.122807211708,51.659187540412,0.0076,0.0070,292.341527,1.0257,8
296,549219300,50,36.740502938203,127.122806845647,51.659235453233,0.0076,0.0070,295.448679,1.0257,8
297,549219350,50,36.740503087838,127.122806508310,51.657159913331,0.0076,0.0070,298.861271,1.0257,8
298,549219400,50,36.740503258334,127.122806088529,51.653970613144,0.0076,0.0070,296.777941,1.0257,8
299,549219450,50,36.740503429095,127.122805649986,51.652170774527,0.0076,0.0070,295.818332,1.0257,8
300,549219500,50,36.740503596752,127.122805200421,51.649147030897,0.0076,0.0070,294.861593,1.0257,8
301,549219550,50,36.740503794976,127.122804707583,51.653376154602,0.0076,0.0070,296.553666,1.0257,8
302,549219600,50,36.740503984901,127.122804165867,51.653141746297,0.0075,0.0070,296.553665,1.0257,8
303,549219650,50,36.740504225001,127.122803574906,51.650648167357,0.0075,0.0070,296.785439,1.0257,8
304,549219700,50,36.740504465924,127.122803032202,51.657119981013,0.0075,0.0070,298.880686,1.0257,8
305,549219750,50,36.740504687807,127.122802410704,51.658774212934,0.0075,0.0070,293.921775,1.0257,8
306,549219800,50,36.740504956671,127.122801724148,51.656104292721,0.0075,0.0070,295.946781,1.0257,8
307,549219850,50,36.740505226427,127.122801035360,51.659541253932,0.0075,0.0070,295.948322,1.0257,8
308,549219900,50,36.740505540355,127.122800328191,51.661815386266,0.0075,0.0070,298.880132,1.0257,8
309,549219950,50,36.740505829251,127.122799559231,51.658868407831,0.0075,0.0070,295.023577,1.0257,8
310,549220000,50,36.740506169744,127.122798782853,51.664021820761,0.0075,0.0070,298.587015,1.0257,8
311,549220050,50,36.740506508885,127.122797954653,51.655666459352,0.0075,0.0070,296.966921,1.0257,8
312,549220100,50,36.740506842688,127.122797059088,51.657720609568,0.0075,0.0070,294.849863,1.0257,8
313,549220150,50,36.740507184384,127.122796175318,51.655441376381,0.0076,0.0070,295.659543,1.0257,8
314,549220200,50,36.740507592325,127.122795237173,51.654242790304,0.0076,0.0070,298.381998,1.0257,8
315,549220250,50,36.740507970178,127.122794263970,51.656792699359,0.0076,0.0070,295.753267,1.0257,8
316,549220300,50,36.740508357601,127.122793241476,51.657586975023,0.0076,0.0070,295.210513,1.0257,8
317,549220350,50,36.740508784854,127.122792208389,51.658078947105,0.0076,0.0070,297.197045,1.0257,8
318,549220400,50,36.740509207827,127.122791151834,51.656274542212,0.0076,0.0070,296.446555,1.0257,8
319,549220450,50,36.740509664227,127.122790014242,51.657523849979,0.0076,0.0070,296.496041,1.0257,8
320,549220500,50,36.740510079555,127.122788861074,51.656932848506,0.0076,0.0070,294.108795,1.0257,8
321,549220550,50,36.740510590882,127.122787681454,51.655079698190,0.0076,0.0070,298.306423,1.0257,8
322,549220600,50,36.740511096227,127.122786500124,51.665944415145,0.0076,0.0070,297.991431,1.0257,8
323,549220650,50,36.740511537045,127.122785187214,51.656118405052,0.0076,0.0071,292.645028,1.0257,8
324,549220700,50,36.740512086677,127.122783936373,51.663068142720,0.0076,0.0071,298.633326,1.0257,8
325,549220750,50,36.740512598388,127.122782617000,51.663805584423,0.0076,0.0071,295.729472,1.0257,8
326,549220800,50,36.740513115881,127.122781262911,51.657187439501,0.0076,0.0070,295.729466,1.0257,8
327,549220850,50,36.740513649980,127.122779884884,51.656613637693,0.0076,0.0070,295.714363,1.0257,8
328,549220900,50,36.740514243528,127.122778520705,51.661293076351,0.0076,0.0070,298.396194,1.0257,8
329,549220950,50,36.740514802825,127.122777110445,51.667070063762,0.0076,0.0070,296.232691,1.0257,8
330,549221000,50,36.740515364449,127.122775652362,51.669357841834,0.0076,0.0070,295.575369,1.0257,8
331,549221050,50,36.740515948034,127.122774197294,51.668176631443,0.0076,0.0070,296.488681,1.0257,8
332,549221100,50,36.740516570736,127.122772685903,51.660965926014,0.0076,0.0070,297.108962,1.0257,8
333,549221150,50,36.740517171890,127.122771193849,51.662218512967,0.0076,0.0070,296.593140,1.0257,8
334,549221200,50,36.740517795920,127.122769639519,51.669243827462,0.0076,0.0070,296.511955,1.0257,8
335,549221250,50,36.740518425229,127.122768098338,51.667934611440,0.0076,0.0070,296.901138,1.0257,8
336,549221300,50,36.740519073637,127.122766487108,51.670421935618,0.0076,0.0070,296.566218,1.0257,8
337,549221350,50,36.740519708725,127.122764877273,51.668843253516,0.0076,0.0070,296.113066,1.0257,8
338,549221400,50,36.740520372325,127.122763271869,51.662357964553,0.0076,0.0070,297.184950,1.0257,8
339,549221450,50,36.740521007959,127.122761602622,51.675210754387,0.0076,0.0071,295.320593,1.0257,8
340,549221500,50,36.740521705784,127.122759942130,51.674520145170,0.0076,0.0071,297.572145,1.0257,8
341,549221550,50,36.740522357844,127.122758279832,51.665275200270,0.0076,0.0071,295.984318,1.0257,8
342,549221600,50,36.740523021789,127.122756582681,51.667517829686,0.0076,0.0071,295.923723,1.0257,8
343,549221650,50,36.740523731418,127.122754808060,51.667663385160,0.0076,0.0071,296.420579,1.0257,8
344,549221700,50,36.740524419135,127.122753091341,51.670774995349,0.0077,0.0071,296.461834,1.0257,8
345,549221750,50,36.740525131616,127.122751315035,51.678014717996,0.0077,0.0071,296.490578,1.0257,8
346,549221800,50,36.740525851512,127.122749549569,51.674522548914,0.0077,0.0071,296.869247,1.0257,8
347,549221850,50,36.740526597098,127.122747741082,51.671880373731,0.0077,0.0071,297.123892,1.0257,8
348,549221900,50,36.740527312286,127.122745919287,51.671574912034,0.0077,0.0071,296.002074,1.0257,8
349,549221950,50,36.740528061444,127.122744053790,51.674299748614,0.0077,0.0071,296.518143,1.0257,8
350,549222000,50,36.740528810324,127.122742187350,51.681846634485,0.0077,0.0071,296.498061,1.0257,8
351,549222050,50,36.740529574312,127.122740345759,51.679276974872,0.0077,0.0071,297.269292,1.0257,8
352,549222100,50,36.740530332213,127.122738470999,51.669349255040,0.0076,0.0070,297.269279,1.0257,8
353,549222150,50,36.740531064481,127.122736569180,51.677290073596,0.0076,0.0071,295.566998,1.0257,8
354,549222200,50,36.740531850805,127.122734642141,51.680930696428,0.0076,0.0071,296.885233,1.0257,8
355,549222250,50,36.740532630144,127.122732726766,51.678293997422,0.0076,0.0071,296.819424,1.0257,8
356,549222300,50,36.740533418653,127.122730802614,51.679753948003,0.0076,0.0071,296.984115,1.0257,8
357,549222350,50,36.740534199366,127.122728868385,51.675664817914,0.0076,0.0071,296.634522,1.0257,8
358,549222400,50,36.740534985572,127.122726931629,51.683697225526,0.0076,0.0071,296.765715,1.0257,8
359,549222450,50,36.740535762262,127.122724929633,51.679679420777,0.0077,0.0071,295.736084,1.0257,8
360,549222500,50,36.740536565509,127.122722988134,51.678245015442,0.0077,0.0071,297.205849,1.0257,8
361,549222550,50,36.740537360527,127.122721009359,51.677802214399,0.0077,0.0071,296.528770,1.0257,8
362,549222600,50,36.740538170126,127.122719011097,51.669428325258,0.0076,0.0070,296.528750,1.0257,8
363,549222650,50,36.740538974594,127.122717019698,51.673133839853,0.0076,0.0070,296.653902,1.0257,8
364,549222700,50,36.740539774414,127.122714982490,51.673809394240,0.0076,0.0070,296.003955,1.0257,8
365,549222750,50,36.740540598984,127.122712967204,51.669522074983,0.0076,0.0070,296.948066,1.0257,8
366,549222800,50,36.740541433949,127.122710892033,51.666597698815,0.0076,0.0070,296.562178,1.0257,8
367,549222850,50,36.740542244464,127.122708828875,51.669044868089,0.0076,0.0070,296.018091,1.0257,8
368,549222900,50,36.740543082187,127.122706731625,51.671921611764,0.0076,0.0070,296.395578,1.0257,8
369,549222950,50,36.740543962834,127.122704649162,51.672369778156,0.0076,0.0070,297.719377,1.0257,8
370,549223000,50,36.740544836360,127.122702549679,51.665994968265,0.0076,0.0070,297.337578,1.0257,8
371,549223050,50,36.740545683652,127.122700380310,51.664551174268,0.0076,0.0070,295.886817,1.0257,8
372,549223100,50,36.740546579822,127.122698202134,51.670178885572,0.0076,0.0070,297.076566,1.0257,8
373,549223150,50,36.740547471172,127.122695998987,51.671041701920,0.0076,0.0070,296.688525,1.0257,8
374,549223200,50,36.740548344482,127.122693740441,51.670620903373,0.0076,0.0070,295.661589,1.0257,8
375,549223250,50,36.740549259692,127.122691507922,51.673535327427,0.0076,0.0070,296.992583,1.0257,8
376,549223300,50,36.740550158497,127.122689226472,51.677213570103,0.0076,0.0070,296.081918,1.0257,8
377,549223350,50,36.740551073459,127.122686917570,51.672441225499,0.0076,0.0070,296.214661,1.0257,8
378,549223400,50,36.740552018432,127.122684565916,51.674014423043,0.0076,0.0070,296.532217,1.0257,8
379,549223450,50,36.740552985715,127.122682233696,51.676892559044,0.0076,0.0070,297.263403,1.0257,8
380,549223500,50,36.740553952215,127.122679851095,51.673271969892,0.0076,0.0070,296.749265,1.0257,8
381,549223550,50,36.740554954424,127.122677432238,51.672075500712,0.0077,0.0070,297.239995,1.0257,8
382,549223600,50,36.740555965244,127.122675022346,51.670236813836,0.0076,0.0070,297.239971,1.0257,8
383,549223650,50,36.740556977328,127.122672554081,51.666954210959,0.0076,0.0070,296.997864,1.0257,8
384,549223700,50,36.740557989750,127.122670070382,51.672017707489,0.0076,0.0070,296.861403,1.0257,8
385,549223750,50,36.740559021642,127.122667523391,51.675354372710,0.0076,0.0070,296.720400,1.0257,8
386,549223800,50,36.740560042018,127.122664974888,51.673798533157,0.0076,0.0070,296.449479,1.0257,8
387,549223850,50,36.740561090492,127.122662377593,51.667133258656,0.0076,0.0070,296.637291,1.0257,8
388,549223900,50,36.740562176638,127.122659786669,51.669747804292,0.0076,0.0070,297.513963,1.0257,8
389,549223950,50,36.740563227388,127.122657136205,51.670278748497,0.0076,0.0070,296.224052,1.0257,8
390,549224000,50,36.740564318859,127.122654498909,51.671644207090,0.0076,0.0070,297.213464,1.0257,8
391,549224050,50,36.740565426312,127.122651809553,51.669801066630,0.0076,0.0070,297.096835,1.0257,8
392,549224100,50,36.740566527510,127.122649140670,51.670739345253,0.0076,0.0070,297.142837,1.0257,8
393,549224150,50,36.740567643674,127.122646361683,51.669634127989,0.0076,0.0070,296.521449,1.0257,8
394,549224200,50,36.740568819052,127.122643629475,51.675132904202,0.0076,0.0070,298.125473,1.0257,8
395,549224250,50,36.740569973925,127.122640843201,51.671147252433,0.0076,0.0070,297.248723,1.0257,8
396,549224300,50,36.740571087759,127.122638002958,51.668554999866,0.0076,0.0070,295.978427,1.0257,8
397,549224350,50,36.740572260012,127.122635152232,51.664507301524,0.0076,0.0070,297.064195,1.0257,8
398,549224400,50,36.740573459649,127.122632308063,51.668833247386,0.0077,0.0070,297.658058,1.0257,8
399,549224450,50,36.740574613691,127.122629415787,51.670252968557,0.0077,0.0070,296.371011,1.0257,8
400,549224500,50,36.740575818136,127.122626442382,51.673590403982,0.0077,0.0071,296.716546,1.0257,8
401,549224550,50,36.740577049240,127.122623553871,51.666985896416,0.0077,0.0071,297.904298,1.0257,8
402,549224600,50,36.740578286261,127.122620568439,51.662371200509,0.0076,0.0070,297.904269,1.0257,8
403,549224650,50,36.740579514741,127.122617557684,51.664565150626,0.0076,0.0070,296.884265,1.0257,8
404,549224700,50,36.740580768455,127.122614527589,51.665352485143,0.0076,0.0070,297.207486,1.0257,8
405,549224750,50,36.740582001908,127.122611457525,51.666359637864,0.0076,0.0070,296.528492,1.0257,8
406,549224800,50,36.740583271881,127.122608437687,51.662198120728,0.0076,0.0070,297.588485,1.0257,8
407,549224850,50,36.740584532849,127.122605352639,51.663818295114,0.0076,0.0070,296.924181,1.0257,8
408,549224900,50,36.740585828963,127.122602211753,51.660471508279,0.0076,0.0070,297.145794,1.0257,8
409,549224950,50,36.740587121583,127.122599068473,51.660245162435,0.0076,0.0070,297.065362,1.0257,8
410,549225000,50,36.740588470261,127.122595935869,51.661628887057,0.0076,0.0070,298.144063,1.0257,8
411,549225050,50,36.740589790288,127.122592739890,51.663514785469,0.0076,0.0070,297.166589,1.0257,8
412,549225100,50,36.740591103335,127.122589542047,51.660000466742,0.0076,0.0070,297.029843,1.0257,8
413,549225150,50,36.740592428756,127.122586271538,51.660879043862,0.0076,0.0070,296.727424,1.0257,8
414,549225200,50,36.740593774365,127.122583040750,51.662285028957,0.0076,0.0070,297.361673,1.0257,8
415,549225250,50,36.740595147785,127.122579738908,51.659560809843,0.0076,0.0070,297.331346,1.0257,8
416,549225300,50,36.740596510850,127.122576420775,51.660230566747,0.0076,0.0070,297.040525,1.0257,8
417,549225350,50,36.740597914493,127.122573142527,51.662062783726,0.0076,0.0070,298.013266,1.0257,8
418,549225400,50,36.740599277126,127.122569766749,51.661836691201,0.0077,0.0070,296.635674,1.0257,8
419,549225450,50,36.740600662366,127.122566407565,51.660163622350,0.0076,0.0070,297.129757,1.0257,8
420,549225500,50,36.740602095624,127.122562985136,51.661118392833,0.0077,0.0070,297.490030,1.0257,8
421,549225550,50,36.740603488944,127.122559553567,51.660832634196,0.0077,0.0071,296.770909,1.0257,8
422,549225600,50,36.740604949563,127.122556125650,51.657309032977,0.0077,0.0071,297.898112,1.0257,8
423,549225650,50,36.740606368201,127.122552667887,51.657522019930,0.0077,0.0071,297.011352,1.0257,8
424,549225700,50,36.740607806907,127.122549138257,51.661776035093,0.0077,0.0071,296.860410,1.0257,8
425,549225750,50,36.740609266202,127.122545634737,51.659401898272,0.0076,0.0070,296.860375,1.0257,8
426,549225800,50,36.740610795135,127.122542136104,51.659521944821,0.0076,0.0070,298.501509,1.0257,8
427,549225850,50,36.740612257787,127.122538547610,51.656876138411,0.0076,0.0070,296.859629,1.0257,8
428,549225900,50,36.740613719633,127.122534933923,51.661804169416,0.0076,0.0070,296.685715,1.0257,8
429,549225950,50,36.740615233163,127.122531333484,51.659806310199,0.0076,0.0070,297.579011,1.0257,8
430,549226000,50,36.740616787820,127.122527707328,51.654565503821,0.0076,0.0070,298.044639,1.0257,8
431,549226050,50,36.740618322060,127.122524050352,51.654709210619,0.0076,0.0070,297.532257,1.0257,8
432,549226100,50,36.740619859990,127.122520353398,51.658486749977,0.0076,0.0070,297.333786,1.0257,8
433,549226150,50,36.740621410409,127.122516640962,51.655685074627,0.0076,0.0070,297.425276,1.0257,8
434,549226200,50,36.740622980593,127.122512933054,51.659948612563,0.0076,0.0070,297.751879,1.0257,8
435,549226250,50,36.740624556762,127.122509216736,51.654333512299,0.0076,0.0070,297.788225,1.0257,8
436,549226300,50,36.740626124443,127.122505434599,51.656558947638,0.0076,0.0070,297.249300,1.0257,8
437,549226350,50,36.740627713059,127.122501637493,51.657554923557,0.0076,0.0070,297.467152,1.0257,8
438,549226400,50,36.740629307019,127.122497863396,51.653816914186,0.0076,0.0070,297.689025,1.0257,8
439,549226450,50,36.740630926736,127.122494026868,51.652045556344,0.0076,0.0070,297.680137,1.0257,8
440,549226500,50,36.740632554307,127.122490174517,51.652402492240,0.0076,0.0070,297.697152,1.0257,8
441,549226550,50,36.740634176808,127.122486315787,51.660599282943,0.0076,0.0070,297.584745,1.0257,8
442,549226600,50,36.740635808564,127.122482446620,51.649120020680,0.0076,0.0070,297.655029,1.0257,8
443,549226650,50,36.740637458241,127.122478569591,51.660347507335,0.0077,0.0070,297.865036,1.0257,8
444,549226700,50,36.740639098597,127.122474616774,51.663804619573,0.0077,0.0070,297.276769,1.0257,8
445,549226750,50,36.740640751501,127.122470734050,51.656902118586,0.0077,0.0070,297.876569,1.0257,8
446,549226800,50,36.740642401966,127.122466852999,51.656289310195,0.0077,0.0070,297.851803,1.0257,8
447,549226850,50,36.740644078593,127.122462882300,51.656874809414,0.0077,0.0071,297.683903,1.0257,8
448,549226900,50,36.740645752585,127.122458928979,51.659497626126,0.0077,0.0071,297.750269,1.0257,8
449,549226950,50,36.740647428752,127.122455011108,51.657045354135,0.0077,0.0071,297.994296,1.0257,8
450,549227000,50,36.740649081331,127.122451007382,51.658362870105,0.0076,0.0070,297.994256,1.0257,8
451,549227050,50,36.740650792694,127.122447051895,51.656741428189,0.0076,0.0070,298.261669,1.0257,8
452,549227100,50,36.740652496532,127.122443087619,51.653774943203,0.0076,0.0070,298.103605,1.0257,8
453,549227150,50,36.740654186111,127.122439053728,51.654842006974,0.0076,0.0070,297.493525,1.0257,8
454,549227200,50,36.740655915855,127.122435035269,51.654759394005,0.0076,0.0070,298.139703,1.0257,8
455,549227250,50,36.740657616959,127.122431050076,51.656356966123,0.0076,0.0070,297.940410,1.0257,8
456,549227300,50,36.740659346912,127.122426962391,51.656407311559,0.0076,0.0070,297.737521,1.0257,8
457,549227350,50,36.740661080432,127.122422919729,51.655071390793,0.0076,0.0070,298.048689,1.0257,8
458,549227400,50,36.740662829500,127.122418871507,51.658554903232,0.0076,0.0070,298.228682,1.0257,8
459,549227450,50,36.740664572983,127.122414771997,51.659562092274,0.0076,0.0070,297.853372,1.0257,8
460,549227500,50,36.740666308550,127.122410666989,51.662421327084,0.0076,0.0070,297.714189,1.0257,8
461,549227550,50,36.740668095877,127.122406596655,51.657985641621,0.0076,0.0070,298.617026,1.0257,8
462,549227600,50,36.740669863677,127.122402505983,51.656954566948,0.0076,0.0070,298.233991,1.0257,8
463,549227650,50,36.740671593435,127.122398389470,51.656700098887,0.0075,0.0070,298.233945,1.0257,8
464,549227700,50,36.740673376033,127.122394284187,51.656605812721,0.0076,0.0070,298.348020,1.0257,8
465,549227750,50,36.740675155143,127.122390179886,51.659117134288,0.0076,0.0070,298.306883,1.0257,8
466,549227800,50,36.740676896086,127.122386067448,51.659021662548,0.0076,0.0070,297.744464,1.0257,8
467,549227850,50,36.740678656134,127.122381966906,51.660378286615,0.0076,0.0070,298.071774,1.0257,8
468,549227900,50,36.740680423008,127.122377862512,51.650737619027,0.0076,0.0070,298.141576,1.0257,8
469,549227950,50,36.740682182005,127.122373729180,51.655231026001,0.0076,0.0070,297.868570,1.0257,8
470,549228000,50,36.740683986713,127.122369619948,51.656463714316,0.0076,0.0070,298.621016,1.0257,8
471,549228050,50,36.740685735700,127.122365493161,51.653714860789,0.0076,0.0070,297.771085,1.0257,8
472,549228100,50,36.740687540651,127.122361353839,51.653785369359,0.0076,0.0070,298.448824,1.0257,8
473,549228150,50,36.740689333976,127.122357205968,51.653474056162,0.0076,0.0070,298.244716,1.0257,8
474,549228200,50,36.740691114880,127.122353084690,51.654433722608,0.0076,0.0070,298.232339,1.0257,8
475,549228250,50,36.740692895243,127.122348927324,51.654869520105,0.0076,0.0070,298.017433,1.0257,8
476,549228300,50,36.740694688253,127.122344780042,51.660070820712,0.0076,0.0070,298.243924,1.0257,8
477,549228350,50,36.740696524550,127.122340628247,51.654519912787,0.0076,0.0070,298.791143,1.0257,8
478,549228400,50,36.740698300423,127.122336457736,51.652826910838,0.0076,0.0070,297.882659,1.0257,8
479,549228450,50,36.740700119258,127.122332298151,51.655261629261,0.0076,0.0070,298.515597,1.0257,8
480,549228500,50,36.740701931098,127.122328154662,51.659187042154,0.0076,0.0070,298.516180,1.0257,8
481,549228550,50,36.740703741166,127.122323980950,51.659670136869,0.0076,0.0070,298.318427,1.0257,8
482,549228600,50,36.740705545247,127.122319789285,51.663917117752,0.0075,0.0070,298.318378,1.0257,8
483,549228650,50,36.740707368749,127.122315616339,51.667060766369,0.0075,0.0070,298.500087,1.0257,8
484,549228700,50,36.740709201731,127.122311446086,51.662604346871,0.0075,0.0070,298.640392,1.0257,8
485,549228750,50,36.740711010946,127.122307271147,51.664044041187,0.0075,0.0070,298.300093,1.0257,8
486,549228800,50,36.740712834764,127.122303080858,51.667733217590,0.0075,0.0070,298.404698,1.0257,8
487,549228850,50,36.740714672488,127.122298906765,51.663208413869,0.0075,0.0070,298.680518,1.0257,8
488,549228900,50,36.740716478058,127.122294711463,51.662303458899,0.0076,0.0070,298.135815,1.0257,8
489,549228950,50,36.740718342950,127.122290527739,51.665395061485,0.0076,0.0070,298.979942,1.0257,8
490,549229000,50,36.740720185449,127.122286346160,51.663682308048,0.0076,0.0070,298.699900,1.0257,8
491,549229050,50,36.740722029518,127.122282138013,51.658774530515,0.0076,0.0070,298.567804,1.0257,8
492,549229100,50,36.740723861291,127.122277919995,51.657058625482,0.0076,0.0070,298.350980,1.0257,8
493,549229150,50,36.740725692174,127.122273746459,51.661078398116,0.0076,0.0070,298.593867,1.0257,8
494,549229200,50,36.740727554560,127.122269533813,51.665751988068,0.0076,0.0070,298.780438,1.0257,8
495,549229250,50,36.740729420799,127.122265336424,51.658776351251,0.0076,0.0070,298.918351,1.0257,8
496,549229300,50,36.740731264201,127.122261149474,51.661949013360,0.0076,0.0070,298.680773,1.0257,8
497,549229350,50,36.740733115872,127.122256961145,51.656842459925,0.0076,0.0070,298.780923,1.0257,8
498,549229400,50,36.740734961679,127.122252765340,51.663227802143,0.0076,0.0070,298.661267,1.0257,8
499,549229450,50,36.740736804797,127.122248550820,51.656691766344,0.0076,0.0070,298.519029,1.0257,8
500,549229500,50,36.740738698611,127.122244358519,51.667573418468,0.0076,0.0070,299.305107,1.0257,8
501,549229550,50,36.740740536702,127.122240137878,51.664207477123,0.0076,0.0070,298.418617,1.0257,8
502,549229600,50,36.740742374914,127.122235944459,51.665337318555,0.0075,0.0069,298.418567,1.0257,8
503,549229650,50,36.740744232276,127.122231714934,51.665972158313,0.0075,0.0069,298.618732,1.0257,8
504,549229700,50,36.740746101712,127.122227510973,51.666361349635,0.0075,0.0069,298.921893,1.0257,8
505,549229750,50,36.740747981320,127.122223322254,51.665310926735,0.0075,0.0069,299.142128,1.0257,8
506,549229800,50,36.740749831997,127.122219100171,51.669890726916,0.0075,0.0069,298.574316,1.0257,8
507,549229850,50,36.740751694081,127.122214879323,51.668940661475,0.0075,0.0069,298.729518,1.0257,8
508,549229900,50,36.740753583076,127.122210678073,51.677112137899,0.0075,0.0069,299.190762,1.0257,8
509,549229950,50,36.740755460793,127.122206424758,51.672640127130,0.0076,0.0069,298.746375,1.0257,8
510,549230000,50,36.740757341444,127.122202207693,51.674677236006,0.0076,0.0069,298.991555,1.0257,8
511,549230050,50,36.740759200970,127.122197989590,51.674444202334,0.0076,0.0069,298.712033,1.0257,8
512,549230100,50,36.740761092665,127.122193773222,51.675730016083,0.0076,0.0069,299.138031,1.0257,8
513,549230150,50,36.740762982703,127.122189573187,51.679068997502,0.0076,0.0070,299.211311,1.0257,8
514,549230200,50,36.740764924305,127.122185378186,51.678532650694,0.0076,0.0070,299.902528,1.0257,8
515,549230250,50,36.740766816307,127.122181186220,51.684966673143,0.0076,0.0070,299.283658,1.0257,8
516,549230300,50,36.740768673872,127.122176963962,51.681372887455,0.0076,0.0070,298.662840,1.0257,8
517,549230350,50,36.740770513044,127.122172707417,51.677990189753,0.0076,0.0070,298.229988,1.0257,8
518,549230400,50,36.740772232892,127.122168415073,51.681484322064,0.0076,0.0070,296.466434,1.0257,8
519,549230450,50,36.740773831639,127.122164078476,51.674902891740,0.0076,0.0070,294.611225,1.0257,8
520,549230500,50,36.740775376762,127.122159690559,51.677304455079,0.0076,0.0070,293.630850,1.0257,8
521,549230550,50,36.740776906597,127.122155297141,51.678004749119,0.0076,0.0070,293.396158,1.0257,8
522,549230600,50,36.740778417507,127.122150903189,51.676693882793,0.0076,0.0070,293.134837,1.0257,8
523,549230650,50,36.740780012899,127.122146563553,51.672836170532,0.0076,0.0070,294.550515,1.0257,8
524,549230700,50,36.740781601243,127.122142245865,51.677081379108,0.0077,0.0070,294.564447,1.0257,8
525,549230750,50,36.740783244427,127.122137958792,51.675070222467,0.0077,0.0070,295.465837,1.0257,8
526,549230800,50,36.740784936457,127.122133696314,51.679967967793,0.0076,0.0069,295.465786,1.0257,8
527,549230850,50,36.740786710495,127.122129522857,51.681649933569,0.0076,0.0070,297.841466,1.0257,8
528,549230900,50,36.740788523738,127.122125409624,51.683243205771,0.0076,0.0070,298.711351,1.0257,8
529,549230950,50,36.740790435917,127.122121327535,51.682558142580,0.0076,0.0070,300.200917,1.0257,8
530,549231000,50,36.740792357080,127.122117272446,51.677653192542,0.0076,0.0070,300.483759,1.0257,8
531,549231050,50,36.740794337755,127.122113174714,51.681429674849,0.0076,0.0070,300.988304,1.0257,8
532,549231100,50,36.740796265314,127.122109096228,51.683582462370,0.0076,0.0070,300.422948,1.0257,8
533,549231150,50,36.740798142982,127.122104988943,51.685810266994,0.0076,0.0070,299.597642,1.0257,8
534,549231200,50,36.740799921383,127.122100817741,51.683039505035,0.0076,0.0070,297.912459,1.0257,8
535,549231250,50,36.740801701526,127.122096686370,51.685359654948,0.0076,0.0070,298.163824,1.0257,8
536,549231300,50,36.740803413041,127.122092500079,51.678714470007,0.0076,0.0070,296.930094,1.0257,8
537,549231350,50,36.740805047326,127.122088295367,51.685474452563,0.0076,0.0070,295.777866,1.0257,8
538,549231400,50,36.740806603123,127.122084051771,51.686042029411,0.0076,0.0070,294.490956,1.0257,8
539,549231450,50,36.740808089540,127.122079740181,51.687851072289,0.0077,0.0070,293.188272,1.0257,8
540,549231500,50,36.740809585366,127.122075463240,51.676517275162,0.0077,0.0070,293.487932,1.0257,8
541,549231550,50,36.740811149682,127.122071212398,51.683145664632,0.0077,0.0070,294.572243,1.0257,8
542,549231600,50,36.740812752161,127.122067010727,51.686256256886,0.0077,0.0070,295.355637,1.0257,8
543,549231650,50,36.740814384351,127.122062824638,51.681551872753,0.0077,0.0070,295.848759,1.0257,8
544,549231700,50,36.740816092611,127.122058737447,51.684103509411,0.0077,0.0070,297.443655,1.0257,8
545,549231750,50,36.740817828331,127.122054631506,51.687367723323,0.0077,0.0070,297.710966,1.0257,8
546,549231800,50,36.740819641495,127.122050621214,51.684792126529,0.0077,0.0070,299.326343,1.0257,8
547,549231850,50,36.740821547979,127.122046671730,51.688624641858,0.0077,0.0070,300.954772,1.0257,8
548,549231900,50,36.740823456577,127.122042698982,51.682084478438,0.0077,0.0070,300.834483,1.0257,8
549,549231950,50,36.740825391662,127.122038816743,51.681320688687,0.0077,0.0070,301.771155,1.0257,8
550,549232000,50,36.740827255866,127.122034845604,51.684943623841,0.0077,0.0071,300.254480,1.0257,8
551,549232050,50,36.740829123991,127.122030875385,51.690000328235,0.0077,0.0071,300.312679,1.0257,8
552,549232100,50,36.740830901255,127.122026836725,51.682485112920,0.0076,0.0070,300.312629,1.0257,8
553,549232150,50,36.740832661805,127.122022800829,51.680803266354,0.0076,0.0070,298.458391,1.0257,8
554,549232200,50,36.740834362281,127.122018760442,51.679571130313,0.0076,0.0070,297.606823,1.0257,8
555,549232250,50,36.740835954127,127.122014654837,51.679046843201,0.0076,0.0070,295.722752,1.0257,8
556,549232300,50,36.740837464854,127.122010508814,51.677972574718,0.0077,0.0070,294.358617,1.0257,8
557,549232350,50,36.740838956170,127.122006359187,51.676339305006,0.0077,0.0070,294.062884,1.0257,8
558,549232400,50,36.740840469887,127.122002234644,51.678379517980,0.0077,0.0070,294.513371,1.0257,8
559,549232450,50,36.740842010075,127.121998149560,51.684228939004,0.0077,0.0070,295.101434,1.0257,8
560,549232500,50,36.740843577200,127.121994121943,51.672035260126,0.0077,0.0070,295.801848,1.0257,8
561,549232550,50,36.740845227404,127.121990054491,51.677856338210,0.0077,0.0070,296.752812,1.0257,8
562,549232600,50,36.740846951892,127.121986050002,51.670404447243,0.0076,0.0070,296.752763,1.0257,8
563,549232650,50,36.740848745846,127.121982113254,51.677580880933,0.0076,0.0070,299.518934,1.0257,8
564,549232700,50,36.740850543107,127.121978233877,51.676731010899,0.0076,0.0070,299.926536,1.0257,8
565,549232750,50,36.740852411042,127.121974398002,51.670502609573,0.0076,0.0070,301.176573,1.0257,8
566,549232800,50,36.740854340308,127.121970586135,51.677921595983,0.0076,0.0070,302.164373,1.0257,8
567,549232850,50,36.740856255010,127.121966785331,51.678283745423,0.0076,0.0070,302.043874,1.0257,8
568,549232900,50,36.740858140303,127.121962963787,51.674899274483,0.0076,0.0070,301.507294,1.0257,8
569,549232950,50,36.740859963370,127.121959142637,51.675862097181,0.0076,0.0070,300.659683,1.0257,8
570,549233000,50,36.740861730029,127.121955250088,51.675753984600,0.0076,0.0070,299.419779,1.0257,8
571,549233050,50,36.740863472321,127.121951369970,51.673007833771,0.0076,0.0070,299.158454,1.0257,8
572,549233100,50,36.740865158993,127.121947419260,51.671224409714,0.0077,0.0070,297.944519,1.0257,8
573,549233150,50,36.740866734669,127.121943449044,51.675247458741,0.0077,0.0070,296.249023,1.0257,8
574,549233200,50,36.740868253396,127.121939407330,51.670882013626,0.0077,0.0070,295.027581,1.0257,8
575,549233250,50,36.740869784501,127.121935423676,51.672669522464,0.0077,0.0070,295.527237,1.0257,8
576,549233300,50,36.740871290824,127.121931396426,51.672062661499,0.0077,0.0070,294.926353,1.0257,8
577,549233350,50,36.740872847190,127.121927403519,51.674838859588,0.0077,0.0070,295.841521,1.0257,8
578,549233400,50,36.740874444803,127.121923469792,51.674416562542,0.0077,0.0070,296.776799,1.0257,8
579,549233450,50,36.740876098087,127.121919550803,51.674245084636,0.0077,0.0070,297.662468,1.0257,8
580,549233500,50,36.740877808118,127.121915689504,51.674895631149,0.0077,0.0070,298.822591,1.0257,8
581,549233550,50,36.740879562592,127.121911868429,51.671823796816,0.0077,0.0070,299.705327,1.0257,8
582,549233600,50,36.740881388051,127.121908117274,51.676965198480,0.0077,0.0070,301.159658,1.0257,8
583,549233650,50,36.740883261839,127.121904373766,51.667598230764,0.0076,0.0070,301.159611,1.0257,8
584,549233700,50,36.740885191883,127.121900645832,51.669474040158,0.0076,0.0070,302.752498,1.0257,8
585,549233750,50,36.740887085443,127.121896963798,51.669281680137,0.0076,0.0070,302.578214,1.0257,8
586,549233800,50,36.740888995080,127.121893231028,51.677386983298,0.0076,0.0070,302.442367,1.0257,8
587,549233850,50,36.740890819529,127.121889429016,51.678879896179,0.0076,0.0070,300.805126,1.0257,8
588,549233900,50,36.740892604199,127.121885592275,51.668576572090,0.0077,0.0070,300.026274,1.0257,8
589,549233950,50,36.740894336812,127.121881786189,51.678003610112,0.0077,0.0070,299.493472,1.0257,8
590,549234000,50,36.740896019004,127.121877915032,51.683733471669,0.0077,0.0070,298.365995,1.0257,8
591,549234050,50,36.740897629716,127.121874007885,51.676463847049,0.0077,0.0070,297.122729,1.0257,8
592,549234100,50,36.740899181721,127.121870104730,51.680537763983,0.0077,0.0070,296.292204,1.0257,8
593,549234150,50,36.740900663399,127.121866137493,51.681113782339,0.0077,0.0070,294.893900,1.0257,8
594,549234200,50,36.740902211162,127.121862194320,51.669363701716,0.0077,0.0070,295.999013,1.0257,8
595,549234250,50,36.740903801398,127.121858316253,51.675353716128,0.0077,0.0070,296.999156,1.0257,8
596,549234300,50,36.740905413753,127.121854424857,51.678983431309,0.0077,0.0070,297.240525,1.0257,8
597,549234350,50,36.740907116350,127.121850613640,51.673844699748,0.0077,0.0070,299.033597,1.0257,8
598,549234400,50,36.740908863840,127.121846857477,51.675703560002,0.0077,0.0070,300.030574,1.0257,8
599,549234450,50,36.740910647655,127.121843108648,51.682820848189,0.0077,0.0070,300.592956,1.0257,8
600,549234500,50,36.740912512068,127.121839394885,51.677991606295,0.0077,0.0070,301.955122,1.0257,8
601,549234550,50,36.740914454536,127.121835714409,51.672090804204,0.0077,0.0070,303.255813,1.0257,8
602,549234600,50,36.740916384092,127.121832111308,51.686068861745,0.0077,0.0070,303.639935,1.0257,8
603,549234650,50,36.740918238767,127.121828417558,51.691387316212,0.0076,0.0070,303.639889,1.0257,8
604,549234700,50,36.740920183889,127.121824705127,51.686280653812,0.0076,0.0070,303.064785,1.0257,8
605,549234750,50,36.740922060849,127.121820998366,51.683201286942,0.0077,0.0070,302.176637,1.0257,8
606,549234800,50,36.740923858813,127.121817217738,51.687382798642,0.0077,0.0070,300.579234,1.0257,8
607,549234850,50,36.740925607247,127.121813420735,51.689478189684,0.0077,0.0070,299.776151,1.0257,8
608,549234900,50,36.740927365489,127.121809611851,51.684770728461,0.0077,0.0070,299.837179,1.0257,8
609,549234950,50,36.740929024194,127.121805751277,51.689570084214,0.0077,0.0070,298.095640,1.0257,8
610,549235000,50,36.740930599153,127.121801828335,51.689112913795,0.0077,0.0070,296.511847,1.0257,8
611,549235050,50,36.740932173689,127.121797874915,51.684234313667,0.0077,0.0070,296.329039,1.0257,8
612,549235100,50,36.740933786502,127.121793935214,51.685561852530,0.0077,0.0070,296.960469,1.0257,8
613,549235150,50,36.740935440927,127.121790035506,51.686945511028,0.0077,0.0070,297.795142,1.0257,8
614,549235200,50,36.740937147171,127.121786138472,51.689601873979,0.0077,0.0070,298.546854,1.0257,8
615,549235250,50,36.740938907747,127.121782253645,51.684831430204,0.0077,0.0070,299.383965,1.0257,8
616,549235300,50,36.740940712103,127.121778415161,51.688073064201,0.0077,0.0070,300.288013,1.0257,8
617,549235350,50,36.740942583286,127.121774687976,51.699708927423,0.0077,0.0070,301.955573,1.0257,8
618,549235400,50,36.740944509614,127.121770895233,51.682107558474,0.0077,0.0070,302.255000,1.0257,8
619,549235450,50,36.740946533270,127.121767212258,51.690503123216,0.0077,0.0070,304.322109,1.0257,8
620,549235500,50,36.740948550284,127.121763486642,51.681841230020,0.0077,0.0070,303.928326,1.0257,8
621,549235550,50,36.740950565790,127.121759817104,51.690232091583,0.0077,0.0070,304.311961,1.0257,8
622,549235600,50,36.740952529982,127.121756040833,51.689084280282,0.0077,0.0070,302.874055,1.0257,8
623,549235650,50,36.740954477792,127.121752220782,51.693559387699,0.0077,0.0070,302.356359,1.0257,8
624,549235700,50,36.740956385201,127.121748342435,51.687453595921,0.0077,0.0070,301.428483,1.0257,8
625,549235750,50,36.740958247596,127.121744449798,51.687710453756,0.0077,0.0070,300.730353,1.0257,8
626,549235800,50,36.740960030631,127.121740546649,51.692244491540,0.0077,0.0070,300.730307,1.0257,8
627,549235850,50,36.740961812324,127.121736557629,51.687649227679,0.0077,0.0070,299.029026,1.0257,8
628,549235900,50,36.740963487032,127.121732503396,51.688240957446,0.0077,0.0070,297.169454,1.0257,8
629,549235950,50,36.740965190660,127.121728439964,51.684799782932,0.0077,0.0070,297.516705,1.0257,8
630,549236000,50,36.740966899835,127.121724401623,51.687224119902,0.0077,0.0070,297.739038,1.0257,8
631,549236050,50,36.740968621680,127.121720383625,51.690473444760,0.0077,0.0070,298.033605,1.0257,8
632,549236100,50,36.740970465700,127.121716365469,51.685063061304,0.0077,0.0070,299.692688,1.0257,8
633,549236150,50,36.740972299833,127.121712425504,51.684068213217,0.0077,0.0070,300.045903,1.0257,8
634,549236200,50,36.740974232829,127.121708477258,51.686564791948,0.0077,0.0070,301.312932,1.0257,8
635,549236250,50,36.740976222485,127.121704572812,51.686219754629,0.0077,0.0070,302.340922,1.0257,8
636,549236300,50,36.740978268010,127.121700713522,51.686435459182,0.0077,0.0070,303.367679,1.0257,8
637,549236350,50,36.740980404917,127.121696860988,51.687246462330,0.0077,0.0070,304.574504,1.0257,8
638,549236400,50,36.740982562348,127.121693034109,51.684238618240,0.0077,0.0070,305.010531,1.0257,8
639,549236450,50,36.740984687058,127.121689213028,51.694533577189,0.0077,0.0070,304.640751,1.0257,8
640,549236500,50,36.740986789449,127.121685326074,51.689281150699,0.0077,0.0070,303.903513,1.0257,8
641,549236550,50,36.740988845275,127.121681356835,51.686095584184,0.0077,0.0070,302.763387,1.0257,8
642,549236600,50,36.740990881227,127.121677439006,51.692438557744,0.0077,0.0070,302.850092,1.0257,8
643,549236650,50,36.740992843441,127.121673428409,51.696417220868,0.0077,0.0070,301.295997,1.0257,8
644,549236700,50,36.740994793457,127.121669360365,51.687452331185,0.0077,0.0070,300.778173,1.0257,8
645,549236750,50,36.740996624638,127.121665242230,51.694236500189,0.0077,0.0070,298.920837,1.0257,8
646,549236800,50,36.740998419305,127.121661094796,51.694175391458,0.0077,0.0070,298.265230,1.0257,8
647,549236850,50,36.741000179155,127.121656907833,51.691698564216,0.0077,0.0070,297.575985,1.0257,8
648,549236900,50,36.741002000320,127.121652738504,51.686618578620,0.0077,0.0070,298.490265,1.0257,8
649,549236950,50,36.741003850145,127.121648583353,51.688857497647,0.0077,0.0070,298.949513,1.0257,8
650,549237000,50,36.741005714137,127.121644497175,51.697698728181,0.0077,0.0070,298.949467,1.0257,8
651,549237050,50,36.741007678648,127.121640418753,51.691243305802,0.0077,0.0070,300.900669,1.0257,8
652,549237100,50,36.741009693493,127.121636361387,51.691011588089,0.0077,0.0070,301.675582,1.0257,8
653,549237150,50,36.741011791144,127.121632366643,51.692190815695,0.0077,0.0070,303.122517,1.0257,8
654,549237200,50,36.741013928963,127.121628418263,51.688415294513,0.0077,0.0070,303.930872,1.0257,8
655,549237250,50,36.741016120032,127.121624531322,51.695812131278,0.0077,0.0070,305.007802,1.0257,8
656,549237300,50,36.741018392535,127.121620670039,51.689557419159,0.0077,0.0070,306.176852,1.0257,8
657,549237350,50,36.741020584942,127.121616792661,51.685179249384,0.0077,0.0070,305.090612,1.0257,8
658,549237400,50,36.741022752840,127.121612841321,51.685058914125,0.0077,0.0070,304.282618,1.0257,8
659,549237450,50,36.741024892761,127.121608907963,51.690210150555,0.0077,0.0070,304.058223,1.0257,8
660,549237500,50,36.741027008011,127.121604862981,51.684155365452,0.0077,0.0070,303.014008,1.0257,8
661,549237550,50,36.741029082295,127.121600827164,51.687820881605,0.0077,0.0070,302.563065,1.0257,8
662,549237600,50,36.741031020784,127.121596721067,51.697485267185,0.0076,0.0069,302.563017,1.0257,8
663,549237650,50,36.741032984759,127.121592578807,51.694955755956,0.0076,0.0069,300.503138,1.0257,8
664,549237700,50,36.741034832553,127.121588413841,51.700784359127,0.0076,0.0069,298.865631,1.0257,8
665,549237750,50,36.741036662132,127.121584209398,51.692824832164,0.0076,0.0069,298.399564,1.0257,8
666,549237800,50,36.741038527449,127.121580020886,51.692070907913,0.0076,0.0069,298.957800,1.0257,8
667,549237850,50,36.741040440234,127.121575858847,51.695764818229,0.0076,0.0070,299.727982,1.0257,8
668,549237900,50,36.741042409699,127.121571733730,51.697546840645,0.0076,0.0070,300.677303,1.0257,8
669,549237950,50,36.741044443383,127.121567674558,51.694555234164,0.0076,0.0070,301.902921,1.0257,8
670,549238000,50,36.741046493726,127.121563609719,51.695912555791,0.0076,0.0070,302.077031,1.0257,8
671,549238050,50,36.741048638426,127.121559620440,51.699952926487,0.0076,0.0070,303.742948,1.0257,8
672,549238100,50,36.741050859768,127.121555695019,51.696572098881,0.0076,0.0070,305.112086,1.0257,8
673,549238150,50,36.741053118484,127.121551822419,51.697929585353,0.0077,0.0070,305.931185,1.0257,8
674,549238200,50,36.741055424856,127.121548011102,51.700868629850,0.0077,0.0070,306.939432,1.0257,8
675,549238250,50,36.741057676665,127.121544148804,51.701232095249,0.0077,0.0070,305.920333,1.0257,8
676,549238300,50,36.741059893714,127.121540222264,51.701394746080,0.0077,0.0070,305.052291,1.0257,8
677,549238350,50,36.741062071671,127.121536287186,51.701170949265,0.0077,0.0070,304.516418,1.0257,8
678,549238400,50,36.741064213942,127.121532324540,51.701186433434,0.0077,0.0070,303.890386,1.0257,8
679,549238450,50,36.741066299685,127.121528287967,51.700214671902,0.0077,0.0070,302.701550,1.0257,8
680,549238500,50,36.741068340066,127.121524261050,51.706198393367,0.0077,0.0070,302.193265,1.0257,8
681,549238550,50,36.741070271703,127.121520139971,51.704086087644,0.0077,0.0070,300.216429,1.0257,8
682,549238600,50,36.741072136530,127.121515945865,51.717686819844,0.0076,0.0070,300.216381,1.0257,8
683,549238650,50,36.741074009067,127.121511784947,51.715739419684,0.0076,0.0070,299.212711,1.0257,8
684,549238700,50,36.741075921786,127.121507667120,51.715386893600,0.0076,0.0070,299.991337,1.0257,8
685,549238750,50,36.741077895767,127.121503550115,51.714025852270,0.0076,0.0070,300.784478,1.0257,8
686,549238800,50,36.741079873878,127.121499519186,51.715877734125,0.0076,0.0070,301.372646,1.0257,8
687,549238850,50,36.741081902406,127.121495492536,51.716635022312,0.0076,0.0070,302.044644,1.0257,8
688,549238900,50,36.741084000562,127.121491505104,51.714284757152,0.0076,0.0070,303.176908,1.0257,8
689,549238950,50,36.741086161513,127.121487619712,51.719665078446,0.0076,0.0070,304.646734,1.0257,8
690,549239000,50,36.741088375588,127.121483749268,51.719451408833,0.0076,0.0070,305.404525,1.0257,8
691,549239050,50,36.741090657894,127.121479980032,51.719743394293,0.0076,0.0070,306.956312,1.0257,8
692,549239100,50,36.741092954140,127.121476209492,51.719237523153,0.0076,0.0070,307.114540,1.0257,8
693,549239150,50,36.741095229296,127.121472399916,51.720248927362,0.0076,0.0070,306.577664,1.0257,8
694,549239200,50,36.741097498786,127.121468600470,51.722325081006,0.0077,0.0070,306.582297,1.0257,8
695,549239250,50,36.741099716564,127.121464755204,51.727808455937,0.0077,0.0070,305.626619,1.0257,8
696,549239300,50,36.741101869289,127.121460862392,51.726035283878,0.0077,0.0070,304.493586,1.0257,8
697,549239350,50,36.741103969715,127.121456941288,51.729687464423,0.0077,0.0070,303.647183,1.0257,8
698,549239400,50,36.741106015565,127.121452967638,51.723237384111,0.0077,0.0070,302.607820,1.0257,8
699,549239450,50,36.741108005590,127.121448964224,51.724077827297,0.0077,0.0070,301.701005,1.0257,8
700,549239500,50,36.741109898663,127.121444927528,51.729992690496,0.0077,0.0070,300.229451,1.0257,8
701,549239550,50,36.741111778286,127.121440881865,51.724200384691,0.0077,0.0070,299.996983,1.0257,8
702,549239600,50,36.741113694445,127.121436870327,51.729495271109,0.0077,0.0070,300.689438,1.0257,8
703,549239650,50,36.741115664996,127.121432935796,51.721927372739,0.0076,0.0070,300.689390,1.0257,8
704,549239700,50,36.741117653414,127.121428917087,51.726666468196,0.0076,0.0070,301.582733,1.0257,8
705,549239750,50,36.741119710383,127.121425045789,51.724668491632,0.0076,0.0070,303.432806,1.0257,8
706,549239800,50,36.741121800290,127.121421194045,51.729588774033,0.0076,0.0070,303.986961,1.0257,8
707,549239850,50,36.741123927368,127.121417442156,51.731012111530,0.0076,0.0070,305.162048,1.0257,8
708,549239900,50,36.741126152753,127.121413762433,51.729170242324,0.0076,0.0070,306.922694,1.0257,8
709,549239950,50,36.741128443198,127.121410083315,51.732154400088,0.0076,0.0070,307.723282,1.0257,8
710,549240000,50,36.741130708762,127.121406453044,51.735823333263,0.0076,0.0070,307.791048,1.0257,8
711,549240050,50,36.741132977812,127.121402825468,51.736517341807,0.0076,0.0070,307.854331,1.0257,8
712,549240100,50,36.741135216346,127.121399137187,51.738360116258,0.0076,0.0070,307.020946,1.0257,8
713,549240150,50,36.741137402380,127.121395417394,51.742870838381,0.0076,0.0070,306.137013,1.0257,8
714,549240200,50,36.741139547587,127.121391643571,51.743686174043,0.0076,0.0070,305.233787,1.0257,8
715,549240250,50,36.741141612381,127.121387873729,51.743930337019,0.0076,0.0070,304.237161,1.0257,8
716,549240300,50,36.741143661308,127.121384047612,51.736239055172,0.0076,0.0070,303.639231,1.0257,8
717,549240350,50,36.741145644193,127.121380190805,51.746132044122,0.0076,0.0070,302.571051,1.0257,8
718,549240400,50,36.741147539744,127.121376315634,51.742463199422,0.0077,0.0070,301.290603,1.0257,8
719,549240450,50,36.741149409059,127.121372411238,51.743741774932,0.0077,0.0070,300.747841,1.0257,8
720,549240500,50,36.741151352843,127.121368570091,51.744178576395,0.0077,0.0070,302.160492,1.0257,8
721,549240550,50,36.741153283362,127.121364718895,51.746238313615,0.0077,0.0070,301.916743,1.0257,8
722,549240600,50,36.741155281337,127.121360907544,51.752468964085,0.0077,0.0070,303.078352,1.0257,8
723,549240650,50,36.741157360077,127.121357152109,51.743392029777,0.0077,0.0070,304.519156,1.0257,8
724,549240700,50,36.741159415118,127.121353425382,51.748706712388,0.0077,0.0070,304.417796,1.0257,8
725,549240750,50,36.741161586005,127.121349803854,51.743177508004,0.0077,0.0070,306.679450,1.0257,8
726,549240800,50,36.741163773722,127.121346198802,51.750370514579,0.0076,0.0070,306.679404,1.0257,8
727,549240850,50,36.741166020676,127.121342697964,51.748984984122,0.0076,0.0070,308.572133,1.0257,8
728,549240900,50,36.741168274771,127.121339166430,51.752498810180,0.0076,0.0070,308.417038,1.0257,8
729,549240950,50,36.741170543522,127.121335624529,51.752233541571,0.0076,0.0070,308.516088,1.0257,8
730,549241000,50,36.741172760876,127.121332033348,51.754209206440,0.0076,0.0070,307.495058,1.0257,8
731,549241050,50,36.741174897625,127.121328404403,51.750201934017,0.0076,0.0070,306.189496,1.0257,8
732,549241100,50,36.741177043775,127.121324770268,51.748940113932,0.0076,0.0070,306.270381,1.0257,8
733,549241150,50,36.741179115628,127.121321064370,51.754467894323,0.0076,0.0070,304.786061,1.0257,8
734,549241200,50,36.741181108379,127.121317328554,51.753844805062,0.0076,0.0070,303.535835,1.0257,8
735,549241250,50,36.741183083093,127.121313556495,51.757158678025,0.0076,0.0070,303.043034,1.0257,8
736,549241300,50,36.741184981474,127.121309772823,51.753843953833,0.0076,0.0070,301.939922,1.0257,8
737,549241350,50,36.741186883871,127.121305958184,51.760775814764,0.0076,0.0070,301.784827,1.0257,8
738,549241400,50,36.741188795996,127.121302157341,51.757044772618,0.0076,0.0070,302.009058,1.0257,8
739,549241450,50,36.741190779091,127.121298443473,51.756212664768,0.0077,0.0070,303.563162,1.0257,8
740,549241500,50,36.741192788908,127.121294729418,51.762959886342,0.0077,0.0070,303.916045,1.0257,8
741,549241550,50,36.741194856813,127.121291028263,51.759391208179,0.0077,0.0070,304.769256,1.0257,8
742,549241600,50,36.741196957312,127.121287443726,51.756990086287,0.0077,0.0070,306.058631,1.0257,8
743,549241650,50,36.741199114229,127.121283868038,51.757276644930,0.0077,0.0070,306.852060,1.0257,8
744,549241700,50,36.741201353837,127.121280391155,51.760202183388,0.0077,0.0070,308.672532,1.0257,8
745,549241750,50,36.741203655371,127.121276974230,51.757498838939,0.0077,0.0070,309.926890,1.0257,8
746,549241800,50,36.741205907929,127.121273537640,51.765562542714,0.0077,0.0070,309.160425,1.0257,8
747,549241850,50,36.741208173580,127.121270036648,51.763876576908,0.0077,0.0070,308.802627,1.0257,8
748,549241900,50,36.741210405567,127.121266547241,51.761169832200,0.0077,0.0070,308.476906,1.0257,8
749,549241950,50,36.741212560876,127.121262999030,51.764573117718,0.0077,0.0071,307.043875,1.0257,8
750,549242000,50,36.741214716282,127.121259451933,51.770376142114,0.0077,0.0071,307.053760,1.0257,8
751,549242050,50,36.741216829249,127.121255873675,51.770282335579,0.0077,0.0071,306.268046,1.0257,8
752,549242100,50,36.741218828856,127.121252224045,51.764821253717,0.0077,0.0070,306.268002,1.0257,8
