0,547095000,50,36.742071102218,127.119202491144,51.785374162719,0.0077,0.0072,259.088669,1.1242,7
1,547095050,50,36.742071114128,127.119202514264,51.789354706183,0.0077,0.0072,57.379871,1.1242,7
2,547095100,50,36.742071101535,127.119202501295,51.791235221550,0.0077,0.0072,219.653866,1.1242,7
3,547095150,50,36.742071080697,127.119202496933,51.790310908109,0.0077,0.0072,189.561681,1.1242,7
4,547095200,50,36.742071113283,127.119202527828,51.787999283522,0.0077,0.0072,37.344752,1.1242,7
5,547095250,50,36.742071121673,127.119202515972,51.787489395589,0.0077,0.0072,311.325630,1.1242,7
6,547095300,50,36.742071105920,127.119202517700,51.790082634427,0.0077,0.0072,174.955010,1.1242,7
7,547095350,50,36.742071079639,127.119202496681,51.784802631475,0.0077,0.0072,212.768194,1.1242,7
8,547095400,50,36.742071094244,127.119202494283,51.792808831669,0.0077,0.0072,352.473087,1.1242,7
9,547095450,50,36.742071111676,127.119202508056,51.790841382928,0.0077,0.0072,32.451276,1.1242,7
10,547095500,50,36.742071107726,127.119202519793,51.788538267836,0.0077,0.0072,112.691538,1.1242,7
11,547095550,50,36.742071100775,127.119202514560,51.787563690916,0.0077,0.0072,211.213566,1.1242,7
12,547095600,50,36.742071090220,127.119202491721,51.788935383782,0.0077,0.0072,240.133233,1.1242,7
13,547095650,50,36.742071092782,127.119202516084,51.785674636252,0.0077,0.0072,82.555057,1.1242,7
14,547095700,50,36.742071098091,127.119202509048,51.792896906845,0.0077,0.0072,313.153044,1.1242,7
15,547095750,50,36.742071089204,127.119202510724,51.791616938077,0.0077,0.0072,171.368926,1.1242,7
16,547095800,50,36.742071074952,127.119202491816,51.787408461794,0.0077,0.0073,226.875635,1.1242,7
17,547095850,50,36.742071087419,127.119202501474,51.790635257959,0.0077,0.0072,226.875635,1.1242,7
18,547095900,50,36.742071101155,127.119202510809,51.790420487523,0.0077,0.0072,28.678449,1.1242,7
19,547095950,50,36.742071099150,127.119202515670,51.792806501500,0.0077,0.0072,117.131034,1.1242,7
20,547096000,50,36.742071079981,127.119202503237,51.785310061648,0.0077,0.0072,207.564234,1.1242,7
21,547096050,50,36.742071062191,127.119202502926,51.790855820291,0.0077,0.0072,180.806429,1.1242,7
22,547096100,50,36.742071095112,127.119202512705,51.789796290919,0.0077,0.0072,13.445526,1.1242,7
23,547096150,50,36.742071075401,127.119202503092,51.789410182275,0.0077,0.0072,201.429696,1.1242,7
24,547096200,50,36.742071100801,127.119202536265,51.790010409430,0.0077,0.0072,46.426596,1.1242,7
25,547096250,50,36.742071082745,127.119202487825,51.789122820832,0.0077,0.0072,245.147852,1.1242,7
26,547096300,50,36.742071083637,127.119202515734,51.782557486556,0.0077,0.0072,87.726068,1.1242,7
27,547096350,50,36.742071097878,127.119202496870,51.790466195904,0.0077,0.0073,313.169293,1.1242,7
28,547096400,50,36.742071089660,127.119202533797,51.789094632491,0.0077,0.0073,105.457752,1.1242,7
29,547096450,50,36.742071066406,127.119202493546,51.787329704501,0.0077,0.0073,234.328673,1.1242,7
30,547096500,50,36.742071069415,127.119202477282,51.790601618588,0.0077,0.0073,282.944692,1.1242,7
31,547096550,50,36.742071093655,127.119202542375,51.790977020748,0.0077,0.0073,65.169749,1.1242,7
32,547096600,50,36.742071061953,127.119202533391,51.784271948040,0.0077,0.0073,192.848080,1.1242,7
33,547096650,50,36.742071046577,127.119202564069,51.785166289657,0.0077,0.0073,121.914440,1.1242,7
34,547096700,50,36.742071054652,127.119202599146,51.789095478132,0.0077,0.0073,74.037017,1.1242,7
35,547096750,50,36.742071044858,127.119202673779,51.780213353224,0.0077,0.0073,99.261381,1.1242,7
36,547096800,50,36.742071024806,127.119202696979,51.783363702707,0.0077,0.0073,137.042134,1.1242,7
37,547096850,50,36.742071008164,127.119202728569,51.783992948011,0.0077,0.0073,123.207927,1.1242,7
38,547096900,50,36.742070984463,127.119202794326,51.775761474855,0.0077,0.0073,114.125015,1.1242,7
39,547096950,50,36.742070971402,127.119202855682,51.780955590308,0.0077,0.0073,104.815416,1.1242,7
40,547097000,50,36.742070919785,127.119202895694,51.779680266045,0.0077,0.0072,104.815416,1.1242,7
41,547097050,50,36.742070907386,127.119202992815,51.777814095840,0.0077,0.0072,99.013486,1.1242,7
42,547097100,50,36.742070889575,127.119203074154,51.778826957569,0.0077,0.0072,105.220584,1.1242,7
43,547097150,50,36.742070845803,127.119203126042,51.776644448750,0.0077,0.0072,136.347853,1.1242,7
44,547097200,50,36.742070818086,127.119203206212,51.777584332973,0.0077,0.0072,113.247056,1.1242,7
45,547097250,50,36.742070773590,127.119203301126,51.779651441611,0.0077,0.0072,120.221274,1.1242,7
46,547097300,50,36.742070743478,127.119203360132,51.779590982012,0.0077,0.0072,122.378159,1.1242,7
47,547097350,50,36.742070726045,127.119203458209,51.783111967146,0.0077,0.0072,102.454434,1.1242,7
48,547097400,50,36.742070697745,127.119203551790,51.777667531744,0.0077,0.0072,110.594479,1.1242,7
49,547097450,50,36.742070664036,127.119203615707,51.786071741953,0.0077,0.0072,123.236292,1.1242,7
50,547097500,50,36.742070664409,127.119203707781,51.778298516758,0.0077,0.0072,89.712160,1.1242,7
51,547097550,50,36.742070620240,127.119203741987,51.782425108366,0.0077,0.0072,148.065951,1.1242,7
52,547097600,50,36.742070570961,127.119203839245,51.776115130633,0.0077,0.0072,122.193516,1.1242,7
53,547097650,50,36.742070617367,127.119203905973,51.786720781587,0.0077,0.0072,122.193516,1.1242,7
54,547097700,50,36.742070603016,127.119203964970,51.783099229448,0.0077,0.0072,106.817241,1.1242,7
55,547097750,50,36.742070596771,127.119204009222,51.789564624429,0.0077,0.0072,99.945163,1.1242,7
56,547097800,50,36.742070549122,127.119204044085,51.782895314507,0.0077,0.0072,149.508743,1.1242,7
57,547097850,50,36.742070562312,127.119204095361,51.782851438038,0.0077,0.0072,72.274902,1.1242,7
58,547097900,50,36.742070534168,127.119204140578,51.785670812242,0.0077,0.0072,127.718222,1.1242,7
59,547097950,50,36.742070551974,127.119204161560,51.782864850014,0.0077,0.0072,43.481652,1.0195,8
60,547098000,50,36.742070518013,127.119204168346,51.779566686600,0.0077,0.0072,170.863811,1.0195,8
61,547098050,50,36.742070519915,127.119204187077,51.781906473450,0.0077,0.0072,82.808729,1.0195,8
62,547098100,50,36.742070501869,127.119204195136,51.782700190321,0.0077,0.0072,160.229679,1.1254,7
63,547098150,50,36.742070487758,127.119204182061,51.784011879936,0.0077,0.0072,216.713903,1.1254,7
64,547098200,50,36.742070494204,127.119204160514,51.783279802650,0.0077,0.0072,290.391888,1.1254,7
65,547098250,50,36.742070506564,127.119204173296,51.779079522938,0.0077,0.0072,39.766240,1.1254,7
66,547098300,50,36.742070514449,127.119204195628,51.776861897670,0.0077,0.0072,66.314024,1.1254,7
67,547098350,50,36.742070508115,127.119204177112,51.783110661432,0.0077,0.0072,246.971636,1.1254,7
68,547098400,50,36.742070514769,127.119204184403,51.783821672201,0.0077,0.0072,41.406688,1.1254,7
69,547098450,50,36.742070509243,127.119204183157,51.781050548889,0.0077,0.0072,190.291144,1.1254,7
70,547098500,50,36.742070502735,127.119204186666,51.787939322181,0.0077,0.0072,156.542244,1.1254,7
71,547098550,50,36.742070506974,127.119204186895,51.776581343263,0.0077,0.0072,2.489505,1.1254,7
72,547098600,50,36.742070506508,127.119204171126,51.779888028279,0.0077,0.0072,267.898590,1.1254,7
73,547098650,50,36.742070540258,127.119204165919,51.783447389491,0.0077,0.0072,267.898592,1.1254,7
74,547098700,50,36.742070531713,127.119204181208,51.778432730585,0.0077,0.0072,124.778239,1.1254,7
75,547098750,50,36.742070541051,127.119204186679,51.780943875201,0.0077,0.0072,25.247551,1.1254,7
76,547098800,50,36.742070548279,127.119204208426,51.773778133094,0.0077,0.0072,67.557662,1.1254,7
77,547098850,50,36.742070544742,127.119204193752,51.784957356751,0.0077,0.0072,253.327246,1.1254,7
78,547098900,50,36.742070521537,127.119204182465,51.778071434237,0.0077,0.0072,201.378388,1.1254,7
79,547098950,50,36.742070546421,127.119204179492,51.771378307603,0.0077,0.0072,354.508851,1.1254,7
80,547099000,50,36.742070554385,127.119204235044,51.777180561796,0.0077,0.0072,79.900020,1.1254,7
81,547099050,50,36.742070531761,127.119204195457,51.780803195201,0.0077,0.0072,234.620285,1.1254,7
82,547099100,50,36.742070535645,127.119204185597,51.780937332660,0.0077,0.0072,296.084082,1.1254,7
83,547099150,50,36.742070534859,127.119204207021,51.783174770884,0.0077,0.0072,92.609221,1.1254,7
84,547099200,50,36.742070535691,127.119204207369,51.782420521602,0.0077,0.0072,18.630881,1.1254,7
85,547099250,50,36.742070525775,127.119204208392,51.781298533082,0.0077,0.0072,175.254956,1.1254,7
86,547099300,50,36.742070540656,127.119204210750,51.775624873117,0.0077,0.0072,7.268903,1.1254,7
87,547099350,50,36.742070516352,127.119204180158,51.786235142499,0.0077,0.0072,225.372013,1.1254,7
88,547099400,50,36.742070551448,127.119204202704,51.785040627234,0.0077,0.0072,27.340011,1.1254,7
89,547099450,50,36.742070546141,127.119204214097,51.776572972536,0.0077,0.0072,120.064126,1.1254,7
90,547099500,50,36.742070520556,127.119204231681,51.775886267424,0.0078,0.0073,151.051324,1.1254,7
91,547099550,50,36.742070534238,127.119204216993,51.778832544573,0.0078,0.0073,319.173187,1.1254,7
92,547099600,50,36.742070544686,127.119204206484,51.782282727771,0.0078,0.0073,321.010024,1.1254,7
93,547099650,50,36.742070521384,127.119204200919,51.778276124969,0.0077,0.0072,321.010024,1.1254,7
94,547099700,50,36.742070515827,127.119204211721,51.782512832433,0.0077,0.0072,122.588791,1.1254,7
95,547099750,50,36.742070499119,127.119204212660,51.779484140687,0.0077,0.0072,177.408923,1.1254,7
96,547099800,50,36.742070526407,127.119204211321,51.780943093821,0.0077,0.0072,357.737646,1.1254,7
97,547099850,50,36.742070520712,127.119204181285,51.782910251059,0.0077,0.0072,256.743501,1.1254,7
98,547099900,50,36.742070496850,127.119204235273,51.776151964441,0.0077,0.0072,118.774318,1.1254,7
99,547099950,50,36.742070506725,127.119204224173,51.782269815914,0.0077,0.0072,317.862406,1.1254,7
100,547100000,50,36.742070534635,127.119204207234,51.773961712606,0.0077,0.0072,333.967274,1.1254,7
101,547100050,50,36.742070514567,127.119204229131,51.784087718464,0.0077,0.0072,138.711480,1.1254,7
102,547100100,50,36.742070489443,127.119204208233,51.781858032569,0.0077,0.0072,213.800632,1.1254,7
103,547100150,50,36.742070504977,127.119204208658,51.780752879567,0.0077,0.0072,1.261950,1.1254,7
104,547100200,50,36.742070528097,127.119204215398,51.781796379946,0.0077,0.0072,13.202860,1.1254,7
105,547100250,50,36.742070499566,127.119204209474,51.779441495426,0.0077,0.0073,189.485886,1.1254,7
106,547100300,50,36.742070500042,127.119204238207,51.781048480421,0.0077,0.0073,88.822220,1.1254,7
107,547100350,50,36.742070520611,127.119204214351,51.780453460291,0.0077,0.0073,316.973110,1.1254,7
108,547100400,50,36.742070509037,127.119204240520,51.779292841442,0.0078,0.0073,118.791366,1.1254,7
109,547100450,50,36.742070496293,127.119204220865,51.777723964304,0.0077,0.0073,231.143127,1.1254,7
110,547100500,50,36.742070533636,127.119204230319,51.779554495588,0.0077,0.0073,11.516457,1.1254,7
111,547100550,50,36.742070514555,127.119204228355,51.777742465958,0.0078,0.0073,184.735913,1.1254,7
112,547100600,50,36.742070512717,127.119204219950,51.786456384696,0.0078,0.0073,254.801057,1.1254,7
113,547100650,50,36.742070498682,127.119204200215,51.779511833563,0.0078,0.0073,228.534367,1.1254,7
114,547100700,50,36.742070503416,127.119204223608,51.782060373574,0.0078,0.0073,75.885360,1.1254,7
115,547100750,50,36.742070508909,127.119204229621,51.782360158861,0.0078,0.0073,41.377459,1.1254,7
116,547100800,50,36.742070515284,127.119204194261,51.789361859672,0.0078,0.0076,41.377459,1.1254,7
117,547100850,50,36.742070527356,127.119204207436,51.785254389979,0.0078,0.0076,41.294468,1.1254,7
118,547100900,50,36.742070528196,127.119204212870,51.789815227501,0.0078,0.0076,79.123232,1.1254,7
119,547100950,50,36.742070526496,127.119204210425,51.787740970030,0.0078,0.0076,229.170522,1.1254,7
120,547101000,50,36.742070516985,127.119204208015,51.781617392786,0.0078,0.0076,191.523292,1.1254,7
121,547101050,50,36.742070540187,127.119204212196,51.781944155693,0.0078,0.0076,8.251556,1.1254,7
122,547101100,50,36.742070524841,127.119204189755,51.787184635177,0.0078,0.0076,229.646773,1.1254,7
123,547101150,50,36.742070497963,127.119204205525,51.786273502745,0.0078,0.0076,154.722472,1.1254,7
124,547101200,50,36.742070527401,127.119204216912,51.784965321422,0.0078,0.0077,17.291221,1.1254,7
125,547101250,50,36.742070520687,127.119204195288,51.785397151485,0.0078,0.0077,248.904423,1.1254,7
126,547101300,50,36.742070535409,127.119204228379,51.784702483565,0.0078,0.0077,61.067518,1.1254,7
127,547101350,50,36.742070535634,127.119204230144,51.780539525673,0.0078,0.0077,80.988903,1.1254,7
128,547101400,50,36.742070511216,127.119204198124,51.783288057894,0.0079,0.0077,226.543173,1.1254,7
129,547101450,50,36.742070546905,127.119204203387,51.785312378779,0.0079,0.0077,6.769228,1.1254,7
130,547101500,50,36.742070523251,127.119204220972,51.781614851207,0.0079,0.0077,149.108455,1.1254,7
131,547101550,50,36.742070528375,127.119204228493,51.780339678749,0.0079,0.0077,49.746792,1.1254,7
132,547101600,50,36.742070524670,127.119204223350,51.785341368057,0.0079,0.0077,228.167018,1.1254,7
133,547101650,50,36.742070547811,127.119204239175,51.787561677396,0.0079,0.0077,28.827978,1.0201,8
134,547101700,50,36.742070529231,127.119204213496,51.786683331244,0.0079,0.0077,228.044661,1.0201,8
135,547101750,50,36.742070523358,127.119204216293,51.789053964429,0.0079,0.0077,159.028601,1.0201,8
136,547101800,50,36.742070515293,127.119204208827,51.782377849333,0.0079,0.0077,216.685816,1.0201,8
137,547101850,50,36.742070505757,127.119204194007,51.784147099592,0.0079,0.0077,231.356871,1.0201,8
138,547101900,50,36.742070517569,127.119204204429,51.784446314909,0.0079,0.0077,35.379257,1.0201,8
139,547101950,50,36.742070545544,127.119204228706,51.784719149582,0.0079,0.0077,34.929925,1.0201,8
140,547102000,50,36.742070522597,127.119204189935,51.789283687249,0.0079,0.0077,233.668258,1.0201,8
141,547102050,50,36.742070519103,127.119204230914,51.784609237686,0.0079,0.0077,96.048887,1.0201,8
142,547102100,50,36.742070499934,127.119204198572,51.785202178173,0.0079,0.0077,233.630132,1.1259,7
143,547102150,50,36.742070533643,127.119204218703,51.784083310515,0.0078,0.0073,233.630132,1.1259,7
144,547102200,50,36.742070504473,127.119204201992,51.785165706649,0.0078,0.0073,204.752746,1.1259,7
145,547102250,50,36.742070496897,127.119204222505,51.784689365886,0.0078,0.0073,114.652509,1.1259,7
146,547102300,50,36.742070506138,127.119204203852,51.783384192735,0.0078,0.0073,301.617563,1.1259,7
147,547102350,50,36.742070495399,127.119204194829,51.786764618009,0.0078,0.0073,214.065262,1.1259,7
148,547102400,50,36.742070513125,127.119204218212,51.786226236261,0.0078,0.0073,46.712815,1.1259,7
149,547102450,50,36.742070521332,127.119204198513,51.788620631211,0.0078,0.0073,297.367924,1.1259,7
150,547102500,50,36.742070513099,127.119204205659,51.784532060847,0.0078,0.0073,145.064215,1.1259,7
151,547102550,50,36.742070480093,127.119204205649,51.788387727924,0.0078,0.0073,180.013289,1.1259,7
152,547102600,50,36.742070499646,127.119204218912,51.786275722086,0.0078,0.0073,28.628998,1.1259,7
153,547102650,50,36.742070523855,127.119204203005,51.783740877174,0.0077,0.0072,28.628998,1.1259,7
154,547102700,50,36.742070504042,127.119204184178,51.783538867719,0.0077,0.0072,217.407768,1.1259,7
155,547102750,50,36.742070492799,127.119204185269,51.780792330392,0.0077,0.0072,175.536670,1.1259,7
156,547102800,50,36.742070514516,127.119204193858,51.781969832256,0.0077,0.0072,17.657448,1.1259,7
157,547102850,50,36.742070490309,127.119204179540,51.788317739964,0.0077,0.0072,205.455227,1.1259,7
158,547102900,50,36.742070501819,127.119204174950,51.783829569817,0.0078,0.0072,342.202494,1.1259,7
159,547102950,50,36.742070509295,127.119204195331,51.782176773995,0.0078,0.0073,65.498248,1.1259,7
160,547103000,50,36.742070499670,127.119204179074,51.792364666238,0.0078,0.0073,233.662174,1.1259,7
161,547103050,50,36.742070502875,127.119204181311,51.788289445452,0.0078,0.0073,29.328658,1.1259,7
162,547103100,50,36.742070494842,127.119204176123,51.788856090046,0.0078,0.0073,207.465148,1.1259,7
163,547103150,50,36.742070515810,127.119204201627,51.782937712967,0.0078,0.0073,44.390679,1.1259,7
164,547103200,50,36.742070519570,127.119204173892,51.784537362866,0.0078,0.0073,279.562315,1.1259,7
165,547103250,50,36.742070519630,127.119204184795,51.790456757881,0.0078,0.0073,89.609455,1.1259,7
166,547103300,50,36.742070492362,127.119204192366,51.784871060401,0.0078,0.0073,167.404131,1.1259,7
167,547103350,50,36.742070512868,127.119204179690,51.785675815307,0.0078,0.0073,333.550749,1.1259,7
168,547103400,50,36.742070511715,127.119204184300,51.789225543849,0.0078,0.0073,107.257541,1.1259,7
169,547103450,50,36.742070506942,127.119204185266,51.790068756789,0.0078,0.0073,170.744980,1.1259,7
170,547103500,50,36.742070498915,127.119204163976,51.783124600537,0.0078,0.0073,244.898507,1.1259,7
171,547103550,50,36.742070526261,127.119204200627,51.789114061743,0.0078,0.0073,47.167951,1.1259,7
172,547103600,50,36.742070521938,127.119204195997,51.784880615771,0.0078,0.0073,220.765491,1.1259,7
173,547103650,50,36.742070518151,127.119204190551,51.785902535543,0.0077,0.0072,220.765494,1.1259,7
174,547103700,50,36.742070511001,127.119204186079,51.780179014429,0.0077,0.0072,206.714811,1.1259,7
175,547103750,50,36.742070522427,127.119204213153,51.781096124090,0.0077,0.0072,62.326643,1.1259,7
176,547103800,50,36.742070502391,127.119204162229,51.782877467573,0.0077,0.0072,243.947310,1.1259,7
177,547103850,50,36.742070505781,127.119204174847,51.784464414231,0.0077,0.0072,71.538392,1.1259,7
178,547103900,50,36.742070527010,127.119204193111,51.778038061224,0.0077,0.0072,34.699560,1.1259,7
179,547103950,50,36.742070527821,127.119204185114,51.786460663192,0.0077,0.0072,277.174875,1.1259,7
180,547104000,50,36.742070527073,127.119204182738,51.784533351660,0.0077,0.0072,248.655528,1.1259,7
181,547104050,50,36.742070495153,127.119204176243,51.782852450386,0.0077,0.0072,189.300324,1.1259,7
182,547104100,50,36.742070522030,127.119204179566,51.780420644209,0.0077,0.0072,5.682259,1.1259,7
183,547104150,50,36.742070529377,127.119204187231,51.785700836219,0.0077,0.0072,40.017458,1.1259,7
184,547104200,50,36.742070523643,127.119204186134,51.795036240481,0.0077,0.0072,188.749927,1.1259,7
185,547104250,50,36.742070502748,127.119204171218,51.780955636874,0.0077,0.0072,209.878057,1.1259,7
186,547104300,50,36.742070512732,127.119204173815,51.782016569749,0.0077,0.0072,11.821395,1.1259,7
187,547104350,50,36.742070532812,127.119204199408,51.787905590609,0.0077,0.0072,45.729396,1.1259,7
188,547104400,50,36.742070521079,127.119204152694,51.792657992803,0.0078,0.0073,252.668708,1.1259,7
189,547104450,50,36.742070513199,127.119204176557,51.785046923906,0.0078,0.0073,112.311306,1.1259,7
190,547104500,50,36.742070518613,127.119204173654,51.785521253012,0.0078,0.0073,336.663947,1.1259,7
191,547104550,50,36.742070531396,127.119204182372,51.790288714692,0.0078,0.0073,28.758703,1.1259,7
192,547104600,50,36.742070523245,127.119204182575,51.785197610036,0.0078,0.0073,178.847898,1.1259,7
193,547104650,50,36.742070520802,127.119204170414,51.787462881766,0.0077,0.0072,178.847897,1.1259,7
194,547104700,50,36.742070523782,127.119204170842,51.787608693354,0.0077,0.0072,6.587286,1.1259,7
195,547104750,50,36.742070551048,127.119204197081,51.788877207786,0.0077,0.0072,37.756662,1.1259,7
196,547104800,50,36.742070554241,127.119204184285,51.785797918215,0.0078,0.0075,287.222884,1.1259,7
197,547104850,50,36.742070541375,127.119204178768,51.791771766730,0.0078,0.0075,199.042011,1.1259,7
198,547104900,50,36.742070541847,127.119204170999,51.790163401514,0.0078,0.0075,274.314589,1.1259,7
199,547104950,50,36.742070532221,127.119204157610,51.787646625191,0.0078,0.0075,228.223633,1.1259,7
200,547105000,50,36.742070565162,127.119204217089,51.788146761246,0.0078,0.0075,55.465740,1.1259,7
201,547105050,50,36.742070543150,127.119204189421,51.789532547817,0.0078,0.0075,225.329872,1.1259,7
202,547105100,50,36.742070547753,127.119204213747,51.787245212123,0.0078,0.0076,76.769737,1.1259,7
203,547105150,50,36.742070520440,127.119204158887,51.793315621093,0.0078,0.0076,238.258425,1.1259,7
204,547105200,50,36.742070555805,127.119204205687,51.788320898078,0.0078,0.0076,46.803352,1.1259,7
205,547105250,50,36.742070554574,127.119204198657,51.791339283809,0.0078,0.0076,257.724879,1.1259,7
206,547105300,50,36.742070549178,127.119204194744,51.789917919785,0.0078,0.0076,210.268880,1.1259,7
207,547105350,50,36.742070519053,127.119204166428,51.790842618793,0.0078,0.0076,217.106989,1.1259,7
208,547105400,50,36.742070520296,127.119204185091,51.786172083579,0.0079,0.0079,85.268540,1.1259,7
209,547105450,50,36.742070535539,127.119204196345,51.790753355250,0.0079,0.0079,30.721611,1.1259,7
210,547105500,50,36.742070541502,127.119204181523,51.794414133765,0.0079,0.0078,296.560725,1.1259,7
211,547105550,50,36.742070517675,127.119204198733,51.787914064713,0.0079,0.0078,149.829881,1.1259,7
212,547105600,50,36.742070514213,127.119204203665,51.790192482062,0.0079,0.0078,131.096055,1.1259,7
213,547105650,50,36.742070535676,127.119204161438,51.793386477046,0.0079,0.0079,302.274453,1.1259,7
214,547105700,50,36.742070537770,127.119204171720,51.794519493356,0.0079,0.0078,75.796773,1.1259,7
215,547105750,50,36.742070514270,127.119204172803,51.793045689352,0.0079,0.0079,177.876206,1.1259,7
216,547105800,50,36.742070481142,127.119204174227,51.791873807088,0.0079,0.0079,178.018781,1.1259,7
217,547105850,50,36.742070525163,127.119204207119,51.788093776442,0.0079,0.0078,178.018781,1.1259,7
218,547105900,50,36.742070536910,127.119204143363,51.796896150336,0.0079,0.0078,282.894958,1.1259,7
219,547105950,50,36.742070518438,127.119204175244,51.792867247015,0.0079,0.0078,125.750900,1.1259,7
220,547106000,50,36.742070490107,127.119204169813,51.787749595940,0.0079,0.0078,188.771305,1.1259,7
221,547106050,50,36.742070508561,127.119204162805,51.788116178475,0.0079,0.0078,343.005776,1.1259,7
222,547106100,50,36.742070526504,127.119204167312,51.799114178866,0.0079,0.0078,11.428326,1.1259,7
223,547106150,50,36.742070528030,127.119204163923,51.783206443302,0.0079,0.0078,299.217942,1.1259,7
224,547106200,50,36.742070503785,127.119204158070,51.784925261512,0.0079,0.0078,190.994921,1.1259,7
225,547106250,50,36.742070523233,127.119204166792,51.789148559794,0.0079,0.0078,19.846745,1.1259,7
226,547106300,50,36.742070509631,127.119204177952,51.788909640163,0.0079,0.0078,146.563469,1.1259,7
227,547106350,50,36.742070503856,127.119204161114,51.792372224852,0.0079,0.0078,246.920183,1.1259,7
228,547106400,50,36.742070504747,127.119204155054,51.793881881051,0.0079,0.0078,280.346561,1.0209,8
229,547106450,50,36.742070508839,127.119204171701,51.787188884802,0.0079,0.0077,73.014573,1.0209,8
230,547106500,50,36.742070521338,127.119204163855,51.787252673879,0.0079,0.0077,333.197979,1.0209,8
231,547106550,50,36.742070512315,127.119204171874,51.783100400120,0.0079,0.0077,144.424142,1.0209,8
232,547106600,50,36.742070512854,127.119204167143,51.793836468831,0.0079,0.0077,278.049694,1.0209,8
233,547106650,50,36.742070516605,127.119204166178,51.792422967032,0.0079,0.0076,348.300722,1.0209,8
234,547106700,50,36.742070496460,127.119204172324,51.786912904121,0.0079,0.0076,166.203811,1.0209,8
235,547106750,50,36.742070516077,127.119204176855,51.786625397392,0.0079,0.0076,10.530836,1.0209,8
236,547106800,50,36.742070494629,127.119204141818,51.792140256613,0.0079,0.0076,232.743085,1.0209,8
237,547106850,50,36.742070514573,127.119204154352,51.785459578037,0.0079,0.0076,26.828974,1.0209,8
238,547106900,50,36.742070514491,127.119204148153,51.793405773118,0.0079,0.0076,269.057856,1.0209,8
239,547106950,50,36.742070506591,127.119204176003,51.785177778453,0.0079,0.0076,109.416748,1.0209,8
240,547107000,50,36.742070486637,127.119204165129,51.783468281850,0.0078,0.0076,109.416746,1.0209,8
241,547107050,50,36.742070484547,127.119204171082,51.780112138018,0.0078,0.0076,113.566898,1.0209,8
242,547107100,50,36.742070481322,127.119204211242,51.780439672992,0.0078,0.0075,95.698029,1.0209,8
243,547107150,50,36.742070467903,127.119204197173,51.783818474039,0.0078,0.0075,220.158452,1.0209,8
244,547107200,50,36.742070453491,127.119204251889,51.787065077573,0.0078,0.0075,108.122549,1.0209,8
245,547107250,50,36.742070440083,127.119204306229,51.780628120527,0.0078,0.0075,107.045055,1.0209,8
246,547107300,50,36.742070418684,127.119204337770,51.783455186523,0.0078,0.0075,130.130580,1.0209,8
247,547107350,50,36.742070395797,127.119204401108,51.783602740616,0.0078,0.0075,114.179451,1.1266,7
248,547107400,50,36.742070362074,127.119204508278,51.781497325748,0.0078,0.0075,111.355006,1.1266,7
249,547107450,50,36.742070322734,127.119204576442,51.783347011544,0.0078,0.0075,125.644713,1.1266,7
250,547107500,50,36.742070277450,127.119204681672,51.785216935910,0.0078,0.0075,118.134039,1.1266,7
251,547107550,50,36.742070240812,127.119204814521,51.788059552200,0.0078,0.0075,108.914894,1.1266,7
252,547107600,50,36.742070184714,127.119204930653,51.785182589665,0.0078,0.0074,120.973115,1.1266,7
253,547107650,50,36.742070168417,127.119205105369,51.783305527642,0.0078,0.0074,120.973114,1.1266,7
254,547107700,50,36.742070112574,127.119205251469,51.785962846130,0.0078,0.0074,115.404248,1.1266,7
255,547107750,50,36.742070028021,127.119205427432,51.785345112905,0.0078,0.0074,120.839698,1.1266,7
256,547107800,50,36.742069935989,127.119205645100,51.782367056236,0.0078,0.0074,117.715402,1.1266,7
257,547107850,50,36.742069834920,127.119205873918,51.785843530670,0.0078,0.0074,118.759399,1.1266,7
258,547107900,50,36.742069743098,127.119206156296,51.787608178332,0.0078,0.0074,112.000658,1.1266,7
259,547107950,50,36.742069666083,127.119206449778,51.786386279389,0.0078,0.0074,108.059374,1.1266,7
260,547108000,50,36.742069534523,127.119206762287,51.782615195960,0.0078,0.0074,117.613283,1.1266,7
261,547108050,50,36.742069405770,127.119207135980,51.784977606498,0.0078,0.0073,113.176060,1.1266,7
262,547108100,50,36.742069247165,127.119207484156,51.787819392048,0.0078,0.0073,119.510629,1.1266,7
263,547108150,50,36.742069127387,127.119207883900,51.781715287827,0.0078,0.0073,110.420705,1.1266,7
264,547108200,50,36.742068957140,127.119208280937,51.785084258765,0.0078,0.0073,118.048371,1.1266,7
265,547108250,50,36.742068773305,127.119208746523,51.783468049951,0.0078,0.0073,116.133100,1.1266,7
266,547108300,50,36.742068623825,127.119209264934,51.778575068340,0.0078,0.0073,109.711424,1.1266,7
267,547108350,50,36.742068428834,127.119209734233,51.780499785207,0.0078,0.0073,117.305884,1.1266,7
268,547108400,50,36.742068172264,127.119210245628,51.782862445340,0.0078,0.0073,121.938901,1.1266,7
269,547108450,50,36.742067978643,127.119210809466,51.778374142013,0.0079,0.0076,113.107227,1.1266,7
270,547108500,50,36.742067788917,127.119211420784,51.777979332022,0.0078,0.0075,111.088103,1.1266,7
271,547108550,50,36.742067560206,127.119212053800,51.773444867693,0.0078,0.0075,114.176888,1.1266,7
272,547108600,50,36.742067290132,127.119212692806,51.775150697678,0.0079,0.0077,117.706356,1.1266,7
273,547108650,50,36.742067011634,127.119213399995,51.780902209692,0.0078,0.0076,117.706359,1.1266,7
274,547108700,50,36.742066753366,127.119214090656,51.774029756896,0.0078,0.0076,114.921453,1.1266,7
275,547108750,50,36.742066476193,127.119214847250,51.780620931648,0.0078,0.0076,114.474739,1.1266,7
276,547108800,50,36.742066179085,127.119215616350,51.774491712451,0.0078,0.0076,115.641019,1.1266,7
277,547108850,50,36.742065847699,127.119216415494,51.774888393469,0.0078,0.0076,117.259834,1.1266,7
278,547108900,50,36.742065549144,127.119217250541,51.770909840241,0.0078,0.0076,113.952922,1.1266,7
279,547108950,50,36.742065240271,127.119218146930,51.783099794760,0.0078,0.0076,113.178079,1.1266,7
280,547109000,50,36.742064932400,127.119219079869,51.775662481785,0.0078,0.0076,112.295506,1.1266,7
281,547109050,50,36.742064524947,127.119220018701,51.771624553949,0.0078,0.0076,118.336244,1.1266,7
282,547109100,50,36.742064133229,127.119220990377,51.781288780272,0.0078,0.0075,116.606859,1.1266,7
283,547109150,50,36.742063780181,127.119222005206,51.771543195471,0.0078,0.0075,113.377142,1.1266,7
284,547109200,50,36.742063379434,127.119223010797,51.769677381963,0.0078,0.0075,116.343451,1.1266,7
285,547109250,50,36.742062963346,127.119224054805,51.777945097536,0.0078,0.0075,116.345157,1.1266,7
286,547109300,50,36.742062585093,127.119225199346,51.777065915987,0.0079,0.0075,112.324944,1.1266,7
287,547109350,50,36.742062157513,127.119226337503,51.778408599086,0.0079,0.0075,115.022863,1.1266,7
288,547109400,50,36.742061710020,127.119227491322,51.773838604800,0.0079,0.0075,115.729442,1.1266,7
289,547109450,50,36.742061290519,127.119228724235,51.775126011111,0.0079,0.0075,112.917463,1.1266,7
290,547109500,50,36.742060775151,127.119229889822,51.772528233007,0.0079,0.0075,118.784026,1.1266,7
291,547109550,50,36.742060318358,127.119231167000,51.781835679896,0.0079,0.0075,113.960539,1.1266,7
292,547109600,50,36.742059804262,127.119232472486,51.777817792259,0.0079,0.0075,116.072786,1.1266,7
293,547109650,50,36.742059369798,127.119233761139,51.782135766000,0.0078,0.0074,116.072793,1.1266,7
294,547109700,50,36.742058826001,127.119235095262,51.777742188424,0.0078,0.0074,116.860671,1.1266,7
295,547109750,50,36.742058321309,127.119236467572,51.782282697037,0.0078,0.0074,114.558743,1.1266,7
296,547109800,50,36.742057770746,127.119237833326,51.784161923453,0.0078,0.0074,116.605935,1.1266,7
297,547109850,50,36.742057189250,127.119239284691,51.779002265073,0.0078,0.0074,116.465386,1.1266,7
298,547109900,50,36.742056693228,127.119240775748,51.790209370665,0.0078,0.0074,112.457673,1.1266,7
299,547109950,50,36.742056126636,127.119242233914,51.793674598448,0.0079,0.0074,115.771511,1.1266,7
300,547110000,50,36.742055551390,127.119243756150,51.784651737660,0.0079,0.0074,115.152384,1.1266,7
301,547110050,50,36.742054978392,127.119245261831,51.788024823181,0.0079,0.0074,115.307403,1.1266,7
302,547110100,50,36.742054391521,127.119246852291,51.777716284618,0.0079,0.0074,114.630968,1.1266,7
303,547110150,50,36.742053784120,127.119248404903,51.778646639548,0.0079,0.0074,115.924191,1.1266,7
304,547110200,50,36.742053171989,127.119249988779,51.785639777780,0.0079,0.0076,115.650837,1.1266,7
305,547110250,50,36.742052572884,127.119251632737,51.783476762474,0.0079,0.0076,114.361739,1.1266,7
306,547110300,50,36.742051940244,127.119253300341,51.786185044795,0.0079,0.0076,115.238347,1.1266,7
307,547110350,50,36.742051274554,127.119254970488,51.778716731817,0.0079,0.0076,116.347025,1.1266,7
308,547110400,50,36.742050651902,127.119256679282,51.785661685281,0.0079,0.0076,114.358928,1.1266,7
309,547110450,50,36.742049983974,127.119258359936,51.785576511174,0.0079,0.0076,116.280641,1.1266,7
310,547110500,50,36.742049299052,127.119260138429,51.784660533071,0.0079,0.0076,115.571945,1.1266,7
311,547110550,50,36.742048618472,127.119261867611,51.783326189965,0.0079,0.0076,116.060670,1.1266,7
312,547110600,50,36.742047913146,127.119263661065,51.783605923876,0.0080,0.0077,116.042995,1.1266,7
313,547110650,50,36.742047234048,127.119265475180,51.779319107533,0.0080,0.0077,114.944644,1.1266,7
314,547110700,50,36.742046559465,127.119267328965,51.789781218395,0.0080,0.0077,114.330232,1.1266,7
315,547110750,50,36.742045770632,127.119269153399,51.791250770912,0.0080,0.0077,118.246345,1.1266,7
316,547110800,50,36.742045081900,127.119271029020,51.787266733125,0.0080,0.0077,114.525397,1.1266,7
317,547110850,50,36.742044387208,127.119272942018,51.785216620192,0.0079,0.0076,114.525412,1.1266,7
318,547110900,50,36.742043642861,127.119274888609,51.780027410015,0.0079,0.0076,115.413657,1.1266,7
319,547110950,50,36.742042906675,127.119276774671,51.779717871919,0.0079,0.0076,115.873328,1.1266,7
320,547111000,50,36.742042147617,127.119278710275,51.782959857956,0.0079,0.0077,115.978457,1.1266,7
321,547111050,50,36.742041418268,127.119280640143,51.779925782233,0.0080,0.0077,115.154190,1.1266,7
322,547111100,50,36.742040656870,127.119282601108,51.778761406429,0.0080,0.0077,115.754910,1.1266,7
323,547111150,50,36.742039882207,127.119284571578,51.786844989285,0.0080,0.0077,116.034863,1.0217,8
324,547111200,50,36.742039114416,127.119286562583,51.781388635747,0.0080,0.0077,115.601830,1.0217,8
325,547111250,50,36.742038326873,127.119288506824,51.783958589658,0.0080,0.0077,116.716421,1.0217,8
326,547111300,50,36.742037571832,127.119290546198,51.779603058472,0.0080,0.0077,114.703678,1.0217,8
327,547111350,50,36.742036793339,127.119292582700,51.779141083360,0.0080,0.0077,115.406940,1.0217,8
328,547111400,50,36.742036015219,127.119294575847,51.782074272633,0.0080,0.0077,115.877260,1.0217,8
329,547111450,50,36.742035190225,127.119296602279,51.785128883086,0.0080,0.0077,116.832854,1.0217,8
330,547111500,50,36.742034419429,127.119298671501,51.785185536370,0.0080,0.0077,114.837101,1.0217,8
331,547111550,50,36.742033642683,127.119300733753,51.778324029408,0.0080,0.0077,115.079619,1.0217,8
332,547111600,50,36.742032839620,127.119302805382,51.776058444753,0.0080,0.0077,115.718543,1.0217,8
333,547111650,50,36.742031970872,127.119304824152,51.782049792819,0.0080,0.0077,118.133725,1.0217,8
334,547111700,50,36.742031217850,127.119306993686,51.785970061086,0.0080,0.0077,113.329121,1.0217,8
335,547111750,50,36.742030369189,127.119309131958,51.787463789806,0.0080,0.0077,116.250262,1.0217,8
336,547111800,50,36.742029512485,127.119311204858,51.782411394641,0.0080,0.0077,117.181604,1.0217,8
337,547111850,50,36.742028678260,127.119313357584,51.781127040274,0.0080,0.0077,115.711149,1.0217,8
338,547111900,50,36.742027859567,127.119315586609,51.782729925588,0.0080,0.0077,114.530397,1.0217,8
339,547111950,50,36.742026953453,127.119317731265,51.789573835209,0.0080,0.0077,117.698095,1.0217,8
340,547112000,50,36.742026098994,127.119319951337,51.788485082798,0.0080,0.0077,115.558307,1.0217,8
341,547112050,50,36.742025189544,127.119322184748,51.784709112719,0.0080,0.0077,116.837739,1.0217,8
342,547112100,50,36.742024326088,127.119324444468,51.778428383172,0.0080,0.0076,115.397507,1.1273,7
343,547112150,50,36.742023387773,127.119326686956,51.802153320052,0.0079,0.0076,115.397528,1.1273,7
344,547112200,50,36.742022521292,127.119329073541,51.788160299882,0.0080,0.0078,114.281037,1.0219,8
345,547112250,50,36.742021544339,127.119331359726,51.785341910087,0.0080,0.0077,117.967005,1.1273,7
346,547112300,50,36.742020627972,127.119333759160,51.787116593681,0.0080,0.0077,115.386048,1.1273,7
347,547112350,50,36.742019678472,127.119336148178,51.794919305481,0.0080,0.0077,116.281896,1.1273,7
348,547112400,50,36.742018719932,127.119338599555,51.788027052768,0.0080,0.0077,115.913126,1.1273,7
349,547112450,50,36.742017746820,127.119341055820,51.781356555410,0.0080,0.0078,116.209276,1.1273,7
350,547112500,50,36.742016770515,127.119343522964,51.786595749669,0.0080,0.0077,116.183310,1.1273,7
351,547112550,50,36.742015774262,127.119346058512,51.784690262750,0.0080,0.0077,116.022070,1.1273,7
352,547112600,50,36.742014780355,127.119348568137,51.792478833348,0.0080,0.0078,116.201401,1.1273,7
353,547112650,50,36.742013758650,127.119351107855,51.794523661956,0.0080,0.0078,116.201425,1.1273,7
354,547112700,50,36.742012716263,127.119353664224,51.798506785184,0.0080,0.0078,116.869389,1.1273,7
355,547112750,50,36.742011679526,127.119356326512,51.791807052679,0.0080,0.0078,115.820629,1.1273,7
356,547112800,50,36.742010642923,127.119358988153,51.787689077668,0.0080,0.0078,115.823175,1.1273,7
357,547112850,50,36.742009594886,127.119361634847,51.789587119594,0.0080,0.0078,116.198056,1.1273,7
358,547112900,50,36.742008475781,127.119364266302,51.794990476221,0.0080,0.0078,117.853107,1.1273,7
359,547112950,50,36.742007406697,127.119367037085,51.798994194716,0.0080,0.0078,115.614101,0.9273,8
360,547113000,50,36.742006312870,127.119369786325,51.796034390107,0.0080,0.0078,116.306009,0.9273,8
361,547113050,50,36.742005210685,127.119372541436,51.798307427205,0.0080,0.0078,116.430926,1.1274,7
362,547113100,50,36.742004121568,127.119375317706,51.797039446421,0.0080,0.0078,115.986485,1.1274,7
363,547113150,50,36.742002944225,127.119378116333,51.795528468676,0.0080,0.0078,117.596833,1.1274,7
364,547113200,50,36.742001805018,127.119380948173,51.788575237617,0.0080,0.0079,116.558302,1.1274,7
365,547113250,50,36.742000674175,127.119383878848,51.787410530262,0.0082,0.0087,115.615391,1.1274,7
366,547113300,50,36.741999530905,127.119386781636,51.782973774709,0.0082,0.0087,116.075980,1.1274,7
367,547113350,50,36.741998321573,127.119389661870,51.786824318580,0.0082,0.0087,117.551339,1.4142,6
368,547113400,50,36.741997136210,127.119392631175,51.792833026499,0.0082,0.0087,116.382633,1.1274,7
369,547113450,50,36.741995945099,127.119395587478,51.780496972613,0.0082,0.0087,116.593636,1.1274,7
370,547113500,50,36.741994700054,127.119398559930,51.781603910960,0.0082,0.0087,117.494704,1.1274,7
371,547113550,50,36.741993521160,127.119401622440,51.778447368182,0.0083,0.0088,115.562052,1.1274,7
372,547113600,50,36.741992261298,127.119404621236,51.776500283740,0.0083,0.0088,117.565311,1.1274,7
373,547113650,50,36.741991037240,127.119407691570,51.786735379137,0.0082,0.0087,117.565340,1.1274,7
374,547113700,50,36.741989801100,127.119410814967,51.786285487004,0.0082,0.0087,116.185905,1.1274,7
375,547113750,50,36.741988525468,127.119413881031,51.787478744984,0.0082,0.0087,117.336933,1.1274,7
376,547113800,50,36.741987249403,127.119417052623,51.787721791305,0.0082,0.0087,116.561573,1.1274,7
377,547113850,50,36.741985967950,127.119420180516,51.778582191095,0.0082,0.0087,116.978319,1.1274,7
378,547113900,50,36.741984653524,127.119423374038,51.790350397117,0.0082,0.0087,117.085957,1.1274,7
379,547113950,50,36.741983410056,127.119426633695,51.783413775265,0.0082,0.0087,115.360566,1.1274,7
380,547114000,50,36.741982029778,127.119429850886,51.786773186177,0.0082,0.0087,118.061517,1.1274,7
381,547114050,50,36.741980701285,127.119433127048,51.781161203049,0.0082,0.0087,116.741297,1.1274,7
382,547114100,50,36.741979352245,127.119436368733,51.784886847250,0.0083,0.0087,117.342828,1.1274,7
383,547114150,50,36.741978001071,127.119439715727,51.788417746313,0.0083,0.0087,116.638733,1.1274,7
384,547114200,50,36.741976617779,127.119443034451,51.781475786120,0.0083,0.0087,117.379904,1.1274,7
385,547114250,50,36.741975262079,127.119446358788,51.785903519019,0.0083,0.0087,116.872185,1.1274,7
386,547114300,50,36.741973857575,127.119449776474,51.779927578755,0.0083,0.0087,117.049818,1.1274,7
387,547114350,50,36.741972464087,127.119453148913,51.783614148386,0.0083,0.0088,117.176574,1.1274,7
388,547114400,50,36.741971029120,127.119456521639,51.775361099280,0.0083,0.0088,117.863208,1.1274,7
389,547114450,50,36.741969631169,127.119460026182,51.779704243876,0.0083,0.0088,116.364970,1.1274,7
390,547114500,50,36.741968189577,127.119463483258,51.779146593995,0.0083,0.0088,117.390187,1.1274,7
391,547114550,50,36.741966729629,127.119466966826,51.789163069800,0.0083,0.0088,117.507790,1.1274,7
392,547114600,50,36.741965268999,127.119470490101,51.789942993782,0.0083,0.0088,117.253533,1.1274,7
393,547114650,50,36.741963804425,127.119473997888,51.785161633044,0.0082,0.0087,117.253569,1.1274,7
394,547114700,50,36.741962315139,127.119477560229,51.797064275481,0.0082,0.0087,117.450011,1.1274,7
395,547114750,50,36.741960841785,127.119481187220,51.792534884065,0.0082,0.0087,116.781986,1.1274,7
396,547114800,50,36.741959328851,127.119484808774,51.796362180263,0.0082,0.0087,117.432875,1.1274,7
397,547114850,50,36.741957777203,127.119488438018,51.787978002802,0.0082,0.0088,117.978725,1.1274,7
398,547114900,50,36.741956268571,127.119492108340,51.791313420050,0.0082,0.0088,117.054562,1.1274,7
399,547114950,50,36.741954643095,127.119495784416,51.781420229003,0.0082,0.0088,118.785259,1.1274,7
400,547115000,50,36.741953123569,127.119499530451,51.778545680456,0.0083,0.0088,116.748852,1.1274,7
401,547115050,50,36.741951555920,127.119503256909,51.790702505037,0.0083,0.0088,117.596515,1.1274,7
402,547115100,50,36.741949938266,127.119507023999,51.787719121203,0.0083,0.0088,118.082831,1.1274,7
403,547115150,50,36.741948365113,127.119510818945,51.798763453960,0.0083,0.0088,117.252024,1.1274,7
404,547115200,50,36.741946746495,127.119514593085,51.784916508943,0.0083,0.0088,118.052537,1.0224,8
405,547115250,50,36.741945146948,127.119518490837,51.778587840497,0.0083,0.0088,117.017328,1.0224,8
406,547115300,50,36.741943554208,127.119522334725,51.777787500061,0.0083,0.0088,117.241744,1.0224,8
407,547115350,50,36.741941880517,127.119526202837,51.775933660567,0.0083,0.0088,118.263840,1.0224,8
408,547115400,50,36.741940188057,127.119530046752,51.771541112103,0.0083,0.0088,118.682280,1.0224,8
409,547115450,50,36.741938567925,127.119534006848,51.763856529258,0.0083,0.0089,116.945956,1.0224,8
410,547115500,50,36.741936894258,127.119537834938,51.771865331568,0.0083,0.0089,118.512742,1.0224,8
411,547115550,50,36.741935222899,127.119541769159,51.769154231064,0.0083,0.0089,117.827766,1.1277,7
412,547115600,50,36.741933570023,127.119545733805,51.759588954039,0.0083,0.0089,117.384894,1.0224,8
413,547115650,50,36.741931877003,127.119549623791,51.759812162258,0.0083,0.0089,118.403682,1.0224,8
414,547115700,50,36.741930186994,127.119553598331,51.745946448296,0.0083,0.0089,117.849083,1.0224,8
415,547115750,50,36.741928530474,127.119557527299,51.751697680913,0.0084,0.0089,117.648799,1.0224,8
416,547115800,50,36.741926812650,127.119561506350,51.768772901036,0.0083,0.0089,117.648840,1.0224,8
417,547115850,50,36.741925082356,127.119565505472,51.756407448091,0.0083,0.0089,118.262693,1.0224,8
418,547115900,50,36.741923331227,127.119569468231,51.758615302853,0.0083,0.0089,118.769904,1.0224,8
419,547115950,50,36.741921627249,127.119573455938,51.758175607771,0.0083,0.0089,117.965798,1.0224,8
420,547116000,50,36.741919915872,127.119577484809,51.758562921546,0.0083,0.0089,117.825142,1.1278,7
421,547116050,50,36.741918149719,127.119581482729,51.761442659423,0.0083,0.0089,118.762873,1.0225,8
422,547116100,50,36.741916382799,127.119585578204,51.743660683744,0.0083,0.0089,118.194374,1.0225,8
423,547116150,50,36.741914609248,127.119589562744,51.746288388968,0.0083,0.0089,118.945273,1.0225,8
424,547116200,50,36.741912837584,127.119593688009,51.742457116954,0.0083,0.0089,118.085557,1.0225,8
425,547116250,50,36.741911082441,127.119597836041,51.749593772925,0.0083,0.0089,117.733081,1.0225,8
426,547116300,50,36.741909283053,127.119601878098,51.756397547200,0.0083,0.0089,118.948461,1.0225,8
427,547116350,50,36.741907500791,127.119606002423,51.760381483473,0.0083,0.0089,118.233146,1.0225,8
428,547116400,50,36.741905699157,127.119610080277,51.753897632472,0.0083,0.0089,118.765114,1.0225,8
429,547116450,50,36.741903905925,127.119614214480,51.748516040854,0.0083,0.0089,118.322659,1.0225,8
430,547116500,50,36.741902087869,127.119618304224,51.763466194272,0.0083,0.0089,118.914296,1.0225,8
431,547116550,50,36.741900287353,127.119622408639,51.747779156081,0.0083,0.0089,118.593521,1.0225,8
432,547116600,50,36.741898437018,127.119626507460,51.749576842412,0.0083,0.0089,119.288815,1.1279,7
433,547116650,50,36.741896655976,127.119630606896,51.745669260621,0.0083,0.0089,118.361514,1.1279,7
434,547116700,50,36.741894802045,127.119634749268,51.756216419861,0.0083,0.0089,119.078369,1.0226,8
435,547116750,50,36.741893012808,127.119638843579,51.757023985498,0.0083,0.0089,118.501637,1.1279,7
436,547116800,50,36.741891194572,127.119642993216,51.750408038497,0.0083,0.0089,118.565486,1.1279,7
437,547116850,50,36.741889349551,127.119647108262,51.755283583887,0.0083,0.0089,119.122211,1.0226,8
438,547116900,50,36.741887508490,127.119651308877,51.752459604293,0.0083,0.0089,118.571851,1.1279,7
439,547116950,50,36.741885677883,127.119655446845,51.759365117177,0.0084,0.0089,118.796993,1.1279,7
440,547117000,50,36.741883794368,127.119659535592,51.756282323971,0.0083,0.0088,118.797040,1.0227,8
441,547117050,50,36.741881908236,127.119663729425,51.746599165723,0.0083,0.0088,119.197131,1.0227,8
442,547117100,50,36.741880061311,127.119667866676,51.755451560952,0.0083,0.0088,119.016399,1.0227,8
443,547117150,50,36.741878183548,127.119671984233,51.755263072439,0.0083,0.0088,119.537704,1.0227,8
444,547117200,50,36.741876305778,127.119676159615,51.765945081599,0.0083,0.0088,119.196316,1.1279,7
445,547117250,50,36.741874414553,127.119680322804,51.747786988504,0.0083,0.0088,119.442492,1.1279,7
446,547117300,50,36.741872561896,127.119684467111,51.764305594377,0.0083,0.0088,119.050287,1.0227,8
447,547117350,50,36.741870689490,127.119688644372,51.765326240100,0.0083,0.0088,119.115595,1.0227,8
448,547117400,50,36.741868769055,127.119692795701,51.761439591646,0.0083,0.0088,119.890463,1.1280,7
449,547117450,50,36.741866898573,127.119696927932,51.762100934982,0.0083,0.0089,119.355130,1.0227,8
450,547117500,50,36.741864967407,127.119701132512,51.764872524887,0.0083,0.0089,119.713200,1.0227,8
451,547117550,50,36.741863108833,127.119705233210,51.765969364904,0.0083,0.0089,119.386315,1.0227,8
452,547117600,50,36.741861232032,127.119709410738,51.759544853121,0.0083,0.0089,119.171159,0.8253,9
453,547117650,50,36.741859281520,127.119713583384,51.755309651606,0.0082,0.0086,119.171206,0.8253,9
454,547117700,50,36.741857424239,127.119717785553,51.754301223904,0.0082,0.0086,118.774547,0.9275,8
455,547117750,50,36.741855502979,127.119721957142,51.750980698504,0.0082,0.0086,119.780734,0.9275,8
456,547117800,50,36.741853589895,127.119726120769,51.760283594951,0.0082,0.0086,119.722598,0.9275,8
457,547117850,50,36.741851642522,127.119730295959,51.759293432347,0.0082,0.0086,120.093849,0.9275,8
458,547117900,50,36.741849699176,127.119734450682,51.770661130548,0.0082,0.0086,120.164567,0.9275,8
459,547117950,50,36.741847784873,127.119738644367,51.774460907094,0.0082,0.0086,119.561129,0.9275,8
460,547118000,50,36.741845873419,127.119742800642,51.752709358931,0.0082,0.0086,119.745170,0.9275,8
461,547118050,50,36.741843929942,127.119747008139,51.760500042699,0.0082,0.0086,119.853028,0.9275,8
462,547118100,50,36.741841968588,127.119751153627,51.755986193195,0.0082,0.0086,120.450369,0.9275,8
463,547118150,50,36.741840045769,127.119755339216,51.756600851193,0.0082,0.0086,119.718008,0.9275,8
464,547118200,50,36.741838056393,127.119759487535,51.775113544427,0.0082,0.0086,120.789470,0.9275,8
465,547118250,50,36.741836142777,127.119763646135,51.761444016360,0.0082,0.0086,119.759262,0.9275,8
466,547118300,50,36.741834224589,127.119767799106,51.754187107086,0.0082,0.0086,119.851683,0.9275,8
467,547118350,50,36.741832288527,127.119771972808,51.763506317511,0.0082,0.0086,119.958066,1.1281,7
468,547118400,50,36.741830263595,127.119776137323,51.773544166237,0.0090,0.0086,121.138749,1.1281,7
469,547118450,50,36.741828331629,127.119780304684,51.759083737619,0.0089,0.0086,119.943246,0.9275,8
470,547118500,50,36.741826375717,127.119784510212,51.754624444991,0.0090,0.0086,120.022644,0.9275,8
471,547118550,50,36.741824411548,127.119788669837,51.775597379543,0.0090,0.0086,120.401038,0.9275,8
472,547118600,50,36.741822462999,127.119792827398,51.752603293397,0.0089,0.0086,120.214112,0.9275,8
473,547118650,50,36.741820510687,127.119797035517,51.743004908785,0.0088,0.0076,120.214164,0.9275,8
474,547118700,50,36.741818522850,127.119801187340,51.754107452929,0.0088,0.0076,120.748729,1.1281,7
475,547118750,50,36.741816556469,127.119805353410,51.745900281705,0.0088,0.0076,120.390513,0.9275,8
476,547118800,50,36.741814588798,127.119809491515,51.741079498082,0.0088,0.0076,120.575626,1.1282,7
477,547118850,50,36.741812616031,127.119813613690,51.750878885388,0.0088,0.0076,120.737568,0.8253,9
478,547118900,50,36.741810641991,127.119817798992,51.748578267172,0.0088,0.0076,120.372539,1.0230,8
479,547118950,50,36.741808689838,127.119821930687,51.750710853375,0.0088,0.0076,120.416086,0.8253,9
480,547119000,50,36.741806696302,127.119826108643,51.738407383673,0.0088,0.0076,120.662899,0.8253,9
481,547119050,50,36.741804700374,127.119830243546,51.743691273965,0.0088,0.0076,120.954185,0.8253,9
482,547119100,50,36.741802694703,127.119834347700,51.753751879558,0.0088,0.0076,121.266792,1.0230,8
483,547119150,50,36.741800753659,127.119838516023,51.741207099520,0.0088,0.0076,120.053829,0.8253,9
484,547119200,50,36.741798762511,127.119842637894,51.743964709342,0.0088,0.0076,120.973357,1.0230,8
485,547119250,50,36.741796751118,127.119846794508,51.738408578560,0.0088,0.0076,121.016919,1.0230,8
486,547119300,50,36.741794822954,127.119850902820,51.744791936129,0.0088,0.0076,120.249009,1.0230,8
487,547119350,50,36.741792811383,127.119855002079,51.742382407188,0.0088,0.0076,121.371885,1.0230,8
488,547119400,50,36.741790813702,127.119859110838,51.743145480752,0.0088,0.0076,121.136955,1.0230,8
489,547119450,50,36.741788802029,127.119863198020,51.735255217180,0.0088,0.0076,121.448349,1.0230,8
490,547119500,50,36.741786813763,127.119867323567,51.735837265849,0.0088,0.0076,120.914223,1.0230,8
491,547119550,50,36.741784835219,127.119871424875,51.735965587199,0.0088,0.0076,120.939236,1.0230,8
492,547119600,50,36.741782865030,127.119875574378,51.732439477928,0.0088,0.0076,120.538672,1.0230,8
493,547119650,50,36.741780847046,127.119879619427,51.737949539907,0.0088,0.0076,121.793519,1.0230,8
494,547119700,50,36.741778824307,127.119883708710,51.732632981613,0.0088,0.0076,121.575281,1.0230,8
495,547119750,50,36.741776837488,127.119887821072,51.738949206658,0.0088,0.0076,120.976686,1.0230,8
496,547119800,50,36.741774837812,127.119891883081,51.726134421304,0.0088,0.0076,121.453340,1.0230,8
497,547119850,50,36.741772850227,127.119895938605,51.723669736646,0.0088,0.0076,121.339540,1.0230,8
498,547119900,50,36.741770849571,127.119899992134,51.722415258177,0.0080,0.0074,121.339590,1.0230,8
499,547119950,50,36.741768844524,127.119904021415,51.726775622927,0.0080,0.0074,121.728783,1.0230,8
500,547120000,50,36.741766840240,127.119908088073,51.719079561532,0.0080,0.0074,121.482919,1.0230,8
501,547120050,50,36.741764849601,127.119912127148,51.727867601439,0.0080,0.0074,121.482274,1.0230,8
502,547120100,50,36.741762807823,127.119916179465,51.712070696987,0.0080,0.0074,122.048812,1.0230,8
503,547120150,50,36.741760873021,127.119920246629,51.718619634397,0.0080,0.0074,120.586794,1.0230,8
504,547120200,50,36.741758806459,127.119924271061,51.715852593072,0.0080,0.0074,122.539666,1.0230,8
505,547120250,50,36.741756806944,127.119928339253,51.718330070376,0.0080,0.0074,121.412537,1.0230,8
506,547120300,50,36.741754813496,127.119932360482,51.717764005996,0.0080,0.0074,121.631433,1.0230,8
507,547120350,50,36.741752750517,127.119936365987,51.713741661981,0.0080,0.0074,122.617108,1.0230,8
508,547120400,50,36.741750758365,127.119940388026,51.715798052959,0.0080,0.0074,121.609628,1.0230,8
509,547120450,50,36.741748707290,127.119944425394,51.706855877303,0.0080,0.0074,122.261478,1.0230,8
510,547120500,50,36.741746728727,127.119948452028,51.712648545392,0.0080,0.0075,121.405737,1.0230,8
511,547120550,50,36.741744709851,127.119952479424,51.713957120664,0.0080,0.0075,121.917211,1.0230,8
512,547120600,50,36.741742666082,127.119956420615,51.704342694953,0.0080,0.0075,122.795042,1.0230,8
513,547120650,50,36.741740665718,127.119960424464,51.703896859661,0.0080,0.0075,121.831185,1.0230,8
514,547120700,50,36.741738668995,127.119964443073,51.710755593143,0.0080,0.0075,121.690109,1.0230,8
515,547120750,50,36.741736628333,127.119968443675,51.712583016604,0.0080,0.0075,122.366505,1.0230,8
516,547120800,50,36.741734603954,127.119972470667,51.710968973115,0.0080,0.0075,121.989810,1.0230,8
517,547120850,50,36.741732620006,127.119976482733,51.703588425182,0.0080,0.0075,121.567579,1.0230,8
518,547120900,50,36.741730569843,127.119980446868,51.706302626058,0.0080,0.0075,122.725113,1.0230,8
519,547120950,50,36.741728510032,127.119984381798,51.701963631436,0.0081,0.0077,123.040948,1.0230,8
520,547121000,50,36.741726523296,127.119988359747,51.711650062352,0.0081,0.0077,121.822259,1.0230,8
521,547121050,50,36.741724485879,127.119992338771,51.701223473065,0.0081,0.0077,122.465453,1.0230,8
522,547121100,50,36.741722485421,127.119996321499,51.698220015503,0.0082,0.0079,121.968327,1.0230,8
523,547121150,50,36.741720454735,127.120000272979,51.704682542011,0.0082,0.0079,122.559896,1.0230,8
524,547121200,50,36.741718405768,127.120004219043,51.705820234492,0.0082,0.0079,122.829056,1.0230,8
525,547121250,50,36.741716367487,127.120008184511,51.700685922056,0.0081,0.0078,122.829152,1.0230,8
526,547121300,50,36.741714331873,127.120012145326,51.699294086546,0.0081,0.0078,122.561661,1.0230,8
527,547121350,50,36.741712332529,127.120016124648,51.693389858119,0.0081,0.0078,121.976076,1.0230,8
528,547121400,50,36.741710354945,127.120020087909,51.693665804341,0.0081,0.0079,121.798782,1.0230,8
529,547121450,50,36.741708439596,127.120024131656,51.686338642612,0.0081,0.0079,120.478235,1.0230,8
530,547121500,50,36.741706529685,127.120028111094,51.691100993194,0.0081,0.0079,120.809577,1.0230,8
531,547121550,50,36.741704598224,127.120032080520,51.695615230128,0.0081,0.0079,121.156994,1.0230,8
532,547121600,50,36.741702580594,127.120036020506,51.686124337837,0.0081,0.0080,122.468115,1.0230,8
533,547121650,50,36.741700513280,127.120039838630,51.692520573735,0.0081,0.0080,123.931280,1.0230,8
534,547121700,50,36.741698396239,127.120043667020,51.678369066678,0.0081,0.0080,124.492974,1.0230,8
535,547121750,50,36.741696299006,127.120047554457,51.684770924971,0.0081,0.0080,123.835221,1.0230,8
536,547121800,50,36.741694227962,127.120051451601,51.688901092857,0.0081,0.0080,123.437290,1.0230,8
537,547121850,50,36.741692255158,127.120055403337,51.688435547054,0.0082,0.0080,121.811381,1.0230,8
538,547121900,50,36.741690351972,127.120059402205,51.678750003688,0.0082,0.0080,120.598313,1.0230,8
539,547121950,50,36.741688422667,127.120063363275,51.693560866639,0.0082,0.0080,121.182094,1.0230,8
540,547122000,50,36.741686447879,127.120067211521,51.695950739086,0.0083,0.0080,122.522551,1.0230,8
541,547122050,50,36.741684427714,127.120071059781,51.692068173550,0.0083,0.0080,123.115298,1.0230,8
542,547122100,50,36.741682342963,127.120074900078,51.689305920154,0.0083,0.0079,124.000520,1.0230,8
543,547122150,50,36.741680203000,127.120078693940,51.670890971087,0.0083,0.0079,125.025073,1.1286,7
544,547122200,50,36.741678161592,127.120082545055,51.693289575167,0.0083,0.0079,123.370592,1.0235,8
545,547122250,50,36.741676099820,127.120086370382,51.674569149502,0.0082,0.0079,123.370592,1.0235,8
546,547122300,50,36.741674127067,127.120090291139,51.665966243483,0.0082,0.0079,122.013044,1.0235,8
547,547122350,50,36.741672238787,127.120094240306,51.679054600187,0.0082,0.0079,120.714982,0.8255,9
548,547122400,50,36.741670256000,127.120098111863,51.680703929625,0.0082,0.0079,122.470663,1.0236,8
549,547122450,50,36.741668238171,127.120101895061,51.681883384474,0.0083,0.0079,123.533318,1.0236,8
550,547122500,50,36.741666139529,127.120105655467,51.673700612970,0.0083,0.0079,124.739043,0.8255,9
551,547122550,50,36.741664008218,127.120109420105,51.663504217751,0.0083,0.0079,125.124257,1.0236,8
552,547122600,50,36.741661900363,127.120113186540,51.676851221360,0.0083,0.0079,124.813609,1.0236,8
553,547122650,50,36.741659832117,127.120116982602,51.676929364912,0.0083,0.0079,124.097159,1.0236,8
554,547122700,50,36.741657854365,127.120120856899,51.676526773721,0.0083,0.0079,122.386372,1.0236,8
555,547122750,50,36.741655924542,127.120124763078,51.675969663076,0.0083,0.0078,122.386420,1.0236,8
556,547122800,50,36.741653976267,127.120128606930,51.679305385798,0.0083,0.0078,122.201989,1.0236,8
557,547122850,50,36.741651969303,127.120132376718,51.674780592322,0.0083,0.0078,123.484594,1.0236,8
558,547122900,50,36.741649889005,127.120136068175,51.665907143615,0.0083,0.0078,125.000474,1.0236,8
559,547122950,50,36.741647759553,127.120139761105,51.657852061093,0.0083,0.0078,125.620783,1.0236,8
560,547123000,50,36.741645648503,127.120143495552,51.665987247601,0.0083,0.0078,125.083845,1.0236,8
561,547123050,50,36.741643565730,127.120147240317,51.667988752946,0.0083,0.0078,124.647283,1.0236,8
562,547123100,50,36.741641553816,127.120151043285,51.666970304213,0.0083,0.0078,123.318710,1.0236,8
563,547123150,50,36.741639593799,127.120154847672,51.672208532691,0.0083,0.0078,122.625326,1.0236,8
564,547123200,50,36.741637634151,127.120158630317,51.669824568555,0.0083,0.0078,122.769687,1.0236,8
565,547123250,50,36.741635610391,127.120162393993,51.671403854154,0.0083,0.0078,123.747593,1.0236,8
566,547123300,50,36.741633604444,127.120166130915,51.666211028583,0.0083,0.0078,123.702419,1.0236,8
567,547123350,50,36.741631467124,127.120169796545,51.661857748404,0.0083,0.0078,125.922610,1.0236,8
568,547123400,50,36.741629347955,127.120173431727,51.670771292411,0.0083,0.0078,125.917515,1.0236,8
569,547123450,50,36.741627248397,127.120177116969,51.671188022941,0.0083,0.0078,125.294416,1.0236,8
570,547123500,50,36.741625225696,127.120180845341,51.656814378686,0.0083,0.0078,123.983544,1.0236,8
571,547123550,50,36.741623246418,127.120184601630,51.658760420047,0.0083,0.0078,123.213466,1.0236,8
572,547123600,50,36.741621363378,127.120188447255,51.666684188880,0.0084,0.0080,121.316877,1.0236,8
573,547123650,50,36.741619314102,127.120192167316,51.665703457780,0.0084,0.0080,124.390574,1.0236,8
574,547123700,50,36.741617288996,127.120195825696,51.672105651349,0.0084,0.0080,124.520344,1.0236,8
575,547123750,50,36.741615178762,127.120199426455,51.665931297466,0.0084,0.0080,126.061590,1.0236,8
576,547123800,50,36.741613050935,127.120203056920,51.670151285827,0.0084,0.0080,126.063922,1.0236,8
577,547123850,50,36.741610895554,127.120206646199,51.675531080924,0.0084,0.0080,126.728242,1.0236,8
578,547123900,50,36.741608913102,127.120210374242,51.653549123555,0.0084,0.0079,126.728288,1.0236,8
579,547123950,50,36.741606913179,127.120214037494,51.657858783379,0.0084,0.0079,124.150933,1.0236,8
580,547124000,50,36.741604919922,127.120217781412,51.663324420340,0.0083,0.0079,123.485448,1.0236,8
581,547124050,50,36.741602934028,127.120221464389,51.661377680488,0.0084,0.0079,123.821387,1.0236,8
582,547124100,50,36.741600955199,127.120225163951,51.667191774584,0.0084,0.0080,123.608229,1.0236,8
583,547124150,50,36.741598864279,127.120228756028,51.666641836986,0.0084,0.0080,125.876928,1.0236,8
584,547124200,50,36.741596684702,127.120232277776,51.664797884412,0.0084,0.0080,127.559879,1.0236,8
585,547124250,50,36.741594529261,127.120235843176,51.660721828230,0.0084,0.0080,126.912501,1.0236,8
586,547124300,50,36.741592462000,127.120239484984,51.651632536203,0.0084,0.0080,125.195963,1.0236,8
587,547124350,50,36.741590413800,127.120243075277,51.658982651308,0.0084,0.0080,125.330555,1.0236,8
588,547124400,50,36.741588428695,127.120246805535,51.665467667393,0.0084,0.0080,123.473739,1.0236,8
589,547124450,50,36.741586487027,127.120250479978,51.650822616182,0.0084,0.0080,123.288203,1.0236,8
590,547124500,50,36.741584514937,127.120254080921,51.654758823104,0.0084,0.0080,124.234553,1.0236,8
591,547124550,50,36.741582380989,127.120257644218,51.660835246556,0.0084,0.0080,126.653332,1.0236,8
592,547124600,50,36.741580270967,127.120261222914,51.662140077911,0.0084,0.0080,126.226559,1.0236,8
593,547124650,50,36.741578115899,127.120264704883,51.656670007855,0.0084,0.0080,127.561260,1.0236,8
594,547124700,50,36.741576011278,127.120268238887,51.652435009368,0.0084,0.0080,126.500226,1.0236,8
595,547124750,50,36.741573934063,127.120271856608,51.661236954853,0.0083,0.0078,126.500271,1.0236,8
596,547124800,50,36.741571918097,127.120275431826,51.658383688889,0.0083,0.0078,125.016120,1.0236,8
597,547124850,50,36.741569942761,127.120279098985,51.658193639480,0.0083,0.0078,123.794198,1.0236,8
598,547124900,50,36.741567940090,127.120282731410,51.654154601507,0.0083,0.0078,124.412887,1.0236,8
599,547124950,50,36.741565864349,127.120286243904,51.655750221573,0.0083,0.0079,126.289224,1.0236,8
600,547125000,50,36.741563774107,127.120289744007,51.660703576170,0.0083,0.0079,126.576535,1.0236,8
601,547125050,50,36.741561625032,127.120293231293,51.653898582794,0.0083,0.0079,127.442006,1.0236,8
602,547125100,50,36.741559475164,127.120296653676,51.647279500961,0.0083,0.0078,127.973073,1.0236,8
603,547125150,50,36.741557391375,127.120300191418,51.655855090357,0.0083,0.0078,126.199258,1.0236,8
604,547125200,50,36.741555389106,127.120303758859,51.662146223709,0.0083,0.0078,124.891260,1.0236,8
605,547125250,50,36.741553382229,127.120307353942,51.648957692087,0.0083,0.0078,124.745704,1.0236,8
606,547125300,50,36.741551406533,127.120311017894,51.643376965076,0.0083,0.0080,123.822175,1.0236,8
607,547125350,50,36.741549344268,127.120314521422,51.651432638057,0.0083,0.0081,126.181076,1.0236,8
608,547125400,50,36.741547249522,127.120317983141,51.658612958156,0.0083,0.0082,126.938565,1.0236,8
609,547125450,50,36.741545125776,127.120321442435,51.647205411457,0.0083,0.0080,127.337026,1.0236,8
610,547125500,50,36.741542931727,127.120324879475,51.657809604891,0.0083,0.0080,128.420457,1.0236,8
611,547125550,50,36.741540787603,127.120328394468,51.652781831101,0.0083,0.0080,127.159702,1.0236,8
612,547125600,50,36.741538786347,127.120331890609,51.647734068334,0.0084,0.0081,125.422151,1.0236,8
613,547125650,50,36.741536727295,127.120335501054,51.652079354040,0.0084,0.0081,125.322062,1.0236,8
614,547125700,50,36.741534772427,127.120339088045,51.658235710114,0.0084,0.0081,124.104365,1.0236,8
615,547125750,50,36.741532735473,127.120342639426,51.644930385053,0.0084,0.0081,125.476374,1.0236,8
616,547125800,50,36.741530602359,127.120346110191,51.650945063680,0.0084,0.0081,127.367159,1.0236,8
617,547125850,50,36.741528456440,127.120349568337,51.642443664372,0.0077,0.0076,127.367202,1.0236,8
618,547125900,50,36.741526263703,127.120352939948,51.637976294383,0.0077,0.0077,128.941019,0.8256,9
619,547125950,50,36.741524078203,127.120356351537,51.647169150412,0.0077,0.0077,128.518945,1.0242,8
620,547126000,50,36.741521960587,127.120359811330,51.648371758871,0.0077,0.0077,127.253219,1.0242,8
621,547126050,50,36.741519917143,127.120363352261,51.642293875106,0.0077,0.0077,125.642524,1.0242,8
622,547126100,50,36.741517898486,127.120366934362,51.648534960113,0.0077,0.0077,125.000227,1.0242,8
623,547126150,50,36.741515823820,127.120370510673,51.645682936534,0.0077,0.0077,125.784290,1.0242,8
624,547126200,50,36.741513714933,127.120374010744,51.644049884751,0.0077,0.0077,126.820581,1.0242,8
625,547126250,50,36.741511571274,127.120377465542,51.647576870397,0.0077,0.0077,127.631216,1.0242,8
626,547126300,50,36.741509343776,127.120380858612,51.642879775725,0.0077,0.0077,129.204093,1.0242,8
627,547126350,50,36.741507149299,127.120384284842,51.634396437556,0.0077,0.0077,128.513803,1.0242,8
628,547126400,50,36.741504971734,127.120387775622,51.634107640013,0.0077,0.0077,127.779038,1.0242,8
629,547126450,50,36.741502868260,127.120391264390,51.639418723993,0.0077,0.0077,126.838823,1.0242,8
630,547126500,50,36.741500811948,127.120394814638,51.637773036025,0.0077,0.0077,125.741578,1.0242,8
631,547126550,50,36.741498758230,127.120398406288,51.637932902202,0.0077,0.0077,125.393041,1.0242,8
632,547126600,50,36.741496611714,127.120401973552,51.633811688051,0.0077,0.0076,126.784003,1.0242,8
633,547126650,50,36.741494452753,127.120405413231,51.633667043410,0.0077,0.0076,127.950229,1.0242,8
634,547126700,50,36.741492219557,127.120408884084,51.635544707999,0.0077,0.0076,128.640873,1.0242,8
635,547126750,50,36.741489961799,127.120412281917,51.634096988477,0.0077,0.0076,129.543790,1.0242,8
636,547126800,50,36.741487742157,127.120415756950,51.627915772609,0.0077,0.0076,128.437266,1.0242,8
637,547126850,50,36.741485562605,127.120419337193,51.632608833723,0.0077,0.0076,127.104391,1.0242,8
638,547126900,50,36.741483459474,127.120422890537,51.631901188754,0.0077,0.0076,126.331427,1.0242,8
639,547126950,50,36.741481368878,127.120426510779,51.631853837520,0.0077,0.0076,125.660412,1.0242,8
640,547127000,50,36.741479218743,127.120430102327,51.635887928307,0.0077,0.0076,126.643943,1.0242,8
641,547127050,50,36.741477005651,127.120433609540,51.631865880452,0.0077,0.0077,128.098111,1.0242,8
642,547127100,50,36.741474720485,127.120437051016,51.630205799825,0.0077,0.0077,129.524185,1.0242,8
643,547127150,50,36.741472394883,127.120440565841,51.623704938218,0.0077,0.0077,129.424384,1.0242,8
644,547127200,50,36.741470082616,127.120444004471,51.617930686101,0.0076,0.0076,129.424426,1.0242,8
645,547127250,50,36.741467809447,127.120447541630,51.628861110657,0.0076,0.0077,128.607852,1.0242,8
646,547127300,50,36.741465643192,127.120451196620,51.621405711398,0.0076,0.0077,126.368870,1.0242,8
647,547127350,50,36.741463439739,127.120454849507,51.629861257970,0.0076,0.0077,126.851621,1.0242,8
648,547127400,50,36.741461231179,127.120458471225,51.629675357603,0.0076,0.0077,127.151381,1.0242,8
649,547127450,50,36.741458991446,127.120462058341,51.619531574659,0.0076,0.0076,127.804696,1.0242,8
650,547127500,50,36.741456653152,127.120465573608,51.626186966896,0.0076,0.0076,129.573942,1.0242,8
651,547127550,50,36.741454278523,127.120469076179,51.622318964452,0.0076,0.0076,130.110496,1.0242,8
652,547127600,50,36.741451934041,127.120472602734,51.621849119663,0.0076,0.0076,129.558086,1.0242,8
653,547127650,50,36.741449541291,127.120476127072,51.624296593480,0.0076,0.0076,130.150197,1.0242,8
654,547127700,50,36.741447243479,127.120479746265,51.613833754323,0.0076,0.0076,128.269005,1.0242,8
655,547127750,50,36.741444988742,127.120483445843,51.625128907152,0.0076,0.0075,128.269047,1.0242,8
656,547127800,50,36.741442774437,127.120487139984,51.620471674949,0.0076,0.0076,126.678101,1.0242,8
657,547127850,50,36.741440478881,127.120490798115,51.614304125309,0.0076,0.0075,127.943957,1.0242,8
658,547127900,50,36.741438104060,127.120494426366,51.625854180194,0.0076,0.0075,129.120697,1.0242,8
659,547127950,50,36.741435716585,127.120497980145,51.612768081017,0.0076,0.0075,129.853273,1.0242,8
660,547128000,50,36.741433285611,127.120501563725,51.620629613288,0.0075,0.0075,130.127050,1.0242,8
661,547128050,50,36.741430858528,127.120505152705,51.612025857903,0.0076,0.0076,130.039325,1.0242,8
662,547128100,50,36.741428508671,127.120508835320,51.616162084974,0.0076,0.0075,128.409088,1.0242,8
663,547128150,50,36.741426237207,127.120512546325,51.617419299670,0.0076,0.0075,127.254285,1.0242,8
664,547128200,50,36.741423935824,127.120516231837,51.619874359109,0.0076,0.0075,127.807279,1.0242,8
665,547128250,50,36.741421626412,127.120519993235,51.618105133064,0.0076,0.0075,127.339343,1.0242,8
666,547128300,50,36.741419245983,127.120523593920,51.608415280469,0.0076,0.0075,129.401005,1.0242,8
667,547128350,50,36.741416807869,127.120527225808,51.608335552737,0.0076,0.0075,129.832027,1.0242,8
668,547128400,50,36.741414345798,127.120530799593,51.604122099467,0.0076,0.0075,130.563749,1.0242,8
669,547128450,50,36.741411844286,127.120534416558,51.610862825997,0.0076,0.0075,130.673663,1.0242,8
670,547128500,50,36.741409404769,127.120538081123,51.603267005645,0.0076,0.0075,129.595989,1.0242,8
671,547128550,50,36.741407021123,127.120541819345,51.605271974578,0.0076,0.0075,128.389252,1.0242,8
672,547128600,50,36.741404652157,127.120545605181,51.602417053655,0.0076,0.0074,127.865149,1.0242,8
673,547128650,50,36.741402333584,127.120549300866,51.597840871662,0.0076,0.0074,127.937342,1.0242,8
674,547128700,50,36.741399900092,127.120553003102,51.603303384036,0.0076,0.0074,129.239031,1.0242,8
675,547128750,50,36.741397402786,127.120556620684,51.602274095640,0.0076,0.0074,130.621161,1.0242,8
676,547128800,50,36.741394899809,127.120560204783,51.618191312999,0.0075,0.0074,130.621204,1.0242,8
677,547128850,50,36.741392365799,127.120563780350,51.606542812660,0.0075,0.0074,131.366485,1.0242,8
678,547128900,50,36.741389828457,127.120567395684,51.617013478652,0.0075,0.0074,131.089690,1.0242,8
679,547128950,50,36.741387392771,127.120571136862,51.610087574460,0.0075,0.0074,128.970893,1.0242,8
680,547129000,50,36.741385002581,127.120574878857,51.611355196685,0.0075,0.0074,128.437607,1.0242,8
681,547129050,50,36.741382599005,127.120578692019,51.600916256197,0.0075,0.0074,128.068358,1.0242,8
682,547129100,50,36.741380180888,127.120582387630,51.602064193226,0.0076,0.0074,129.111460,1.0242,8
683,547129150,50,36.741377650897,127.120586039136,51.600639649667,0.0076,0.0074,130.725111,1.0242,8
684,547129200,50,36.741375108037,127.120589676866,51.604706533253,0.0076,0.0074,130.976073,1.0242,8
685,547129250,50,36.741372535167,127.120593275095,51.606119026430,0.0076,0.0074,131.619549,1.0242,8
686,547129300,50,36.741370008894,127.120596888351,51.603349877521,0.0076,0.0074,130.981925,1.0242,8
687,547129350,50,36.741367482176,127.120600542314,51.602792309597,0.0076,0.0074,130.669365,1.0242,8
688,547129400,50,36.741365048580,127.120604299385,51.598514716141,0.0076,0.0074,128.828131,1.0242,8
689,547129450,50,36.741362621558,127.120608048387,51.596412398852,0.0076,0.0074,128.812585,1.0242,8
690,547129500,50,36.741360230608,127.120611786277,51.606850474142,0.0076,0.0075,128.477079,1.0242,8
691,547129550,50,36.741357697187,127.120615446152,51.604327139445,0.0076,0.0075,130.698603,1.0242,8
692,547129600,50,36.741355118849,127.120619111515,51.598540682346,0.0076,0.0075,131.154502,1.0242,8
693,547129650,50,36.741352527070,127.120622670990,51.598607323132,0.0076,0.0075,132.136420,1.0242,8
694,547129700,50,36.741349917531,127.120626194162,51.599931841716,0.0076,0.0075,132.623686,1.0242,8
695,547129750,50,36.741347375209,127.120629865005,51.596013801172,0.0076,0.0075,130.713181,1.0242,8
696,547129800,50,36.741344820575,127.120633530868,51.592548768967,0.0075,0.0075,130.713224,1.0242,8
697,547129850,50,36.741342386406,127.120637245797,51.592827485874,0.0075,0.0075,129.150796,1.0242,8
698,547129900,50,36.741339960750,127.120640978536,51.592640081421,0.0075,0.0075,128.918552,1.0242,8
699,547129950,50,36.741337377146,127.120644656694,51.587190954946,0.0076,0.0075,131.113514,1.0242,8
700,547130000,50,36.741334932622,127.120648296002,51.596039061435,0.0076,0.0075,129.848488,1.0242,8
701,547130050,50,36.741332277597,127.120651895853,51.595928228460,0.0076,0.0075,132.502395,1.0242,8
702,547130100,50,36.741329755689,127.120655417831,51.598887667060,0.0077,0.0075,131.659735,0.8258,9
703,547130150,50,36.741327212615,127.120658957069,51.595333131962,0.0077,0.0075,131.758453,0.8258,9
704,547130200,50,36.741324550033,127.120662557269,51.580031421036,0.0077,0.0075,132.580733,0.8258,9
705,547130250,50,36.741322027429,127.120666255163,51.583375525661,0.0077,0.0076,130.285136,0.8258,9
706,547130300,50,36.741319660142,127.120670051730,51.597036684863,0.0077,0.0076,127.766918,0.8258,9
707,547130350,50,36.741317287107,127.120673752954,51.592112761922,0.0089,0.0079,128.542293,0.8258,9
708,547130400,50,36.741314634793,127.120677313863,51.599029986188,0.0107,0.0080,132.783730,0.8258,9
709,547130450,50,36.741312031958,127.120680885207,51.585710333660,0.0113,0.0081,132.162865,0.8258,9
710,547130500,50,36.741309399499,127.120684385109,51.599725457840,0.0125,0.0084,133.062795,0.8258,9
711,547130550,50,36.741306828859,127.120687925902,51.587230426259,0.0125,0.0084,132.052966,0.8258,9
712,547130600,50,36.741304209750,127.120691521954,51.557309787720,0.0124,0.0084,132.143999,0.8258,9
713,547130650,50,36.741301708990,127.120695120192,51.571421307512,0.0123,0.0084,130.812169,0.8258,9
714,547130700,50,36.741299317580,127.120698767311,51.575400633737,0.0123,0.0084,129.170389,0.8258,9
715,547130750,50,36.741296935419,127.120702473361,51.604138148017,0.0122,0.0083,128.613072,0.8258,9
716,547130800,50,36.741294336817,127.120706001624,51.576790738851,0.0121,0.0084,132.462583,0.8258,9
717,547130850,50,36.741291754428,127.120709578482,51.564321646467,0.0121,0.0084,131.894164,1.0250,8
718,547130900,50,36.741289151828,127.120712973721,51.583082818426,0.0120,0.0084,133.604812,1.0250,8
719,547130950,50,36.741286471323,127.120716459695,51.560151168145,0.0117,0.0084,133.604856,1.0250,8
720,547131000,50,36.741283862884,127.120719927566,51.578627085313,0.0111,0.0083,133.063598,1.0250,8
721,547131050,50,36.741281303359,127.120723550465,51.567820788361,0.0111,0.0083,131.277444,1.0250,8
722,547131100,50,36.741278876270,127.120727134095,51.577130013146,0.0110,0.0083,130.081431,1.0250,8
723,547131150,50,36.741276404698,127.120730710926,51.563529287465,0.0110,0.0083,130.648635,1.0250,8
724,547131200,50,36.741273872210,127.120734319924,51.571008557454,0.0109,0.0083,131.085072,1.0250,8
725,547131250,50,36.741271353784,127.120737786474,51.562198248692,0.0109,0.0083,132.072061,1.0250,8
726,547131300,50,36.741268716468,127.120741196062,51.561098759994,0.0108,0.0083,133.863372,1.0250,8
727,547131350,50,36.741266087026,127.120744551913,51.555015626363,0.0108,0.0083,134.232605,1.0250,8
728,547131400,50,36.741263453590,127.120748025161,51.561995921656,0.0107,0.0083,133.291952,1.0250,8
729,547131450,50,36.741260903847,127.120751530694,51.556116509251,0.0105,0.0084,132.105570,1.0250,8
730,547131500,50,36.741258442826,127.120755091808,51.569363332354,0.0101,0.0083,130.652162,1.0250,8
731,547131550,50,36.741255966992,127.120758653065,51.558918408118,0.0101,0.0082,130.821036,1.0250,8
732,547131600,50,36.741253484739,127.120762194089,51.563478302211,0.0100,0.0082,131.056057,1.0250,8
733,547131650,50,36.741250941409,127.120765574513,51.553075384349,0.0100,0.0082,133.071055,1.0250,8
734,547131700,50,36.741248358241,127.120769025564,51.558026296087,0.0099,0.0082,132.924277,1.0250,8
735,547131750,50,36.741245648770,127.120772390571,51.556993490085,0.0099,0.0082,135.013346,1.0250,8
736,547131800,50,36.741243095622,127.120775775787,51.563355108723,0.0099,0.0082,133.140673,1.0250,8
737,547131850,50,36.741240552905,127.120779185225,51.559128765948,0.0098,0.0081,132.819951,1.0250,8
738,547131900,50,36.741237997852,127.120782678751,51.555049145594,0.0098,0.0082,132.262667,1.0250,8
739,547131950,50,36.741235493851,127.120786251376,51.558124643750,0.0096,0.0081,131.051444,1.0250,8
740,547132000,50,36.741232965710,127.120789706166,51.545211826451,0.0094,0.0081,132.278673,1.0250,8
741,547132050,50,36.741230473584,127.120793168768,51.560124541633,0.0093,0.0081,131.805469,1.0250,8
742,547132100,50,36.741227951468,127.120796566467,51.558276250958,0.0093,0.0080,132.686088,1.0250,8
743,547132150,50,36.741225341117,127.120799862569,51.552506496198,0.0092,0.0079,132.686131,1.0250,8
744,547132200,50,36.741222745272,127.120803222928,51.545435526408,0.0092,0.0079,133.825985,1.0250,8
745,547132250,50,36.741220116505,127.120806579423,51.544185378589,0.0092,0.0079,134.219736,1.0250,8
746,547132300,50,36.741217575610,127.120809967297,51.549840321764,0.0091,0.0079,132.980754,1.0250,8
