0,547949900,50,36.742009674934,127.119355817810,51.805175088346,0.0071,0.0073,237.272813,1.1825,8
1,547949950,50,36.742009693044,127.119355845816,51.800649207085,0.0072,0.0073,51.219574,1.1825,8
2,547950000,50,36.742009702186,127.119355854398,51.804797654971,0.0072,0.0073,37.071735,1.1825,8
3,547950050,50,36.742009681653,127.119355837331,51.805283429101,0.0072,0.0073,213.779984,1.1825,8
4,547950100,50,36.742009696804,127.119355841552,51.803352383897,0.0072,0.0073,12.637449,1.1825,8
5,547950150,50,36.742009672550,127.119355813693,51.801035588607,0.0072,0.0073,222.751582,1.1825,8
6,547950200,50,36.742009683085,127.119355838240,51.799219924957,0.0072,0.0073,61.930327,1.1825,8
7,547950250,50,36.742009677899,127.119355848935,51.799641696736,0.0072,0.0073,121.072172,1.1825,8
8,547950300,50,36.742009674523,127.119355823213,51.804069442675,0.0072,0.0073,260.738784,1.1825,8
9,547950350,50,36.742009655232,127.119355815084,51.804436354898,0.0072,0.0073,198.734664,1.1825,8
10,547950400,50,36.742009676128,127.119355827171,51.801886927336,0.0072,0.0073,24.963228,1.1825,8
11,547950450,50,36.742009657036,127.119355809131,51.805400793441,0.0072,0.0073,217.252522,1.1825,8
12,547950500,50,36.742009664270,127.119355835675,51.800120842643,0.0072,0.0073,71.293977,1.1825,8
13,547950550,50,36.742009675091,127.119355834429,51.801078957506,0.0072,0.0074,354.705086,1.1825,8
14,547950600,50,36.742009685012,127.119355841801,51.805864742026,0.0072,0.0074,30.879497,1.1825,8
15,547950650,50,36.742009676659,127.119355820284,51.803680893034,0.0072,0.0074,244.247386,1.1825,8
16,547950700,50,36.742009664747,127.119355820911,51.802429988980,0.0072,0.0074,177.573545,1.1825,8
17,547950750,50,36.742009664558,127.119355831377,51.798182995990,0.0072,0.0074,91.288823,1.1825,8
18,547950800,50,36.742009702959,127.119355820235,51.809387137182,0.0072,0.0073,91.288823,1.1825,8
19,547950850,50,36.742009712847,127.119355835034,51.810396812856,0.0072,0.0073,50.300063,1.1825,8
20,547950900,50,36.742009711138,127.119355836426,51.806183322333,0.0072,0.0073,146.749885,1.1825,8
21,547950950,50,36.742009705365,127.119355830735,51.809076163918,0.0072,0.0073,218.430083,1.1825,8
22,547951000,50,36.742009694149,127.119355811899,51.804690464400,0.0072,0.0073,233.502552,1.1825,8
23,547951050,50,36.742009716603,127.119355832430,51.804336212575,0.0072,0.0073,36.348756,1.1825,8
24,547951100,50,36.742009726174,127.119355863038,51.803241300397,0.0072,0.0073,68.765599,1.1825,8
25,547951150,50,36.742009726187,127.119355861972,51.807651249692,0.0072,0.0073,270.846440,1.1825,8
26,547951200,50,36.742009701793,127.119355831605,51.804335932247,0.0072,0.0073,225.053987,1.1825,8
27,547951250,50,36.742009704240,127.119355844633,51.807241613045,0.0072,0.0073,76.864105,1.1825,8
28,547951300,50,36.742009697984,127.119355842339,51.803317380138,0.0072,0.0073,196.447135,1.1825,8
29,547951350,50,36.742009717689,127.119355861176,51.801470823586,0.0072,0.0073,37.574339,1.1825,8
30,547951400,50,36.742009721020,127.119355837419,51.806106344797,0.0072,0.0073,279.883250,1.1825,8
31,547951450,50,36.742009698647,127.119355839352,51.807119254954,0.0072,0.0074,176.023886,1.1825,8
32,547951500,50,36.742009690206,127.119355827425,51.804823046550,0.0072,0.0074,228.669825,1.1825,8
33,547951550,50,36.742009700587,127.119355855556,51.801054598764,0.0072,0.0074,65.367024,1.1825,8
34,547951600,50,36.742009712496,127.119355841260,51.808272554539,0.0073,0.0074,315.987989,1.1825,8
35,547951650,50,36.742009716515,127.119355862340,51.804411587305,0.0073,0.0074,76.670829,1.1825,8
36,547951700,50,36.742009706180,127.119355846595,51.806163274683,0.0073,0.0074,230.799120,1.1825,8
37,547951750,50,36.742009701990,127.119355834739,51.805120642297,0.0073,0.0074,246.289878,1.1825,8
38,547951800,50,36.742009706454,127.119355836924,51.802799661644,0.0073,0.0074,21.495118,1.1825,8
39,547951850,50,36.742009703653,127.119355820850,51.807373215444,0.0073,0.0074,257.784677,1.1825,8
40,547951900,50,36.742009696352,127.119355832410,51.804700101726,0.0073,0.0074,128.123597,1.1825,8
41,547951950,50,36.742009700068,127.119355844844,51.804216005839,0.0073,0.0074,69.627767,1.1825,8
42,547952000,50,36.742009717418,127.119355851463,51.801642540842,0.0073,0.0074,17.068253,1.1825,8
43,547952050,50,36.742009700841,127.119355823633,51.805243568495,0.0073,0.0074,233.495032,1.1825,8
44,547952100,50,36.742009710576,127.119355842752,51.804711186327,0.0073,0.0074,57.680959,1.1825,8
45,547952150,50,36.742009741557,127.119355826417,51.813806349412,0.0072,0.0073,57.680959,1.1825,8
46,547952200,50,36.742009729239,127.119355812400,51.812837695703,0.0072,0.0074,222.484742,1.1825,8
47,547952250,50,36.742009738446,127.119355829497,51.808599634096,0.0072,0.0074,56.214983,1.1825,8
48,547952300,50,36.742009730939,127.119355833047,51.810725992545,0.0072,0.0074,159.166394,1.1825,8
49,547952350,50,36.742009747823,127.119355844536,51.805281781591,0.0072,0.0074,28.706968,1.1825,8
50,547952400,50,36.742009758112,127.119355853891,51.808405799791,0.0072,0.0074,36.196906,1.1825,8
51,547952450,50,36.742009741829,127.119355831980,51.807973217219,0.0072,0.0074,227.281893,1.1825,8
52,547952500,50,36.742009753768,127.119355830068,51.811801645905,0.0072,0.0074,352.654316,1.1825,8
53,547952550,50,36.742009731500,127.119355825362,51.809337936342,0.0072,0.0074,189.652211,1.1825,8
54,547952600,50,36.742009754541,127.119355821957,51.808804652654,0.0073,0.0074,353.218005,1.1825,8
55,547952650,50,36.742009758215,127.119355840603,51.807769004256,0.0072,0.0073,353.218005,1.1825,8
56,547952700,50,36.742009755191,127.119355818056,51.810303592123,0.0072,0.0073,260.539683,1.1825,8
57,547952750,50,36.742009761138,127.119355858253,51.804879302159,0.0072,0.0073,79.583914,1.1825,8
58,547952800,50,36.742009740246,127.119355835168,51.802979499102,0.0072,0.0073,221.646753,1.1825,8
59,547952850,50,36.742009741477,127.119355824743,51.807925732806,0.0072,0.0073,278.343266,1.1825,8
60,547952900,50,36.742009765150,127.119355849802,51.804851837456,0.0072,0.0073,40.429140,1.1825,8
61,547952950,50,36.742009742977,127.119355806987,51.805194720626,0.0072,0.0073,237.240109,1.1825,8
62,547953000,50,36.742009749038,127.119355827116,51.810786084272,0.0072,0.0073,69.488983,1.1825,8
63,547953050,50,36.742009749775,127.119355845635,51.797675135545,0.0072,0.0073,87.167156,1.1825,8
64,547953100,50,36.742009758787,127.119355838018,51.806419866160,0.0072,0.0074,325.775379,1.1825,8
65,547953150,50,36.742009738604,127.119355832637,51.806838253513,0.0072,0.0074,192.109824,1.1825,8
66,547953200,50,36.742009757258,127.119355834631,51.805844008923,0.0072,0.0074,4.916861,1.1825,8
67,547953250,50,36.742009753710,127.119355811359,51.812162366696,0.0072,0.0074,259.273441,1.1825,8
68,547953300,50,36.742009737450,127.119355794222,51.803168486804,0.0072,0.0074,220.302484,1.1825,8
69,547953350,50,36.742009739068,127.119355828094,51.803046532907,0.0072,0.0074,86.602119,1.1825,8
70,547953400,50,36.742009746367,127.119355813263,51.807521058246,0.0072,0.0074,301.445920,1.1825,8
71,547953450,50,36.742009754145,127.119355826884,51.806570448913,0.0072,0.0074,54.644025,1.1825,8
72,547953500,50,36.742009741923,127.119355824617,51.807881139219,0.0072,0.0074,188.491027,1.1825,8
73,547953550,50,36.742009740052,127.119355839007,51.801977115683,0.0072,0.0074,99.178500,1.1825,8
74,547953600,50,36.742009738410,127.119355817436,51.805553431623,0.0073,0.0074,264.598073,1.1825,8
75,547953650,50,36.742009751768,127.119355853586,51.805699852295,0.0072,0.0073,264.598074,1.1825,8
76,547953700,50,36.742009749751,127.119355848205,51.798830519430,0.0072,0.0073,245.030608,1.1825,8
77,547953750,50,36.742009749315,127.119355838038,51.804828548804,0.0072,0.0073,266.951021,1.1825,8
78,547953800,50,36.742009764426,127.119355842198,51.803848951124,0.0072,0.0073,12.492725,1.1825,8
79,547953850,50,36.742009763991,127.119355834098,51.804279459640,0.0072,0.0073,266.178912,1.1825,8
80,547953900,50,36.742009767328,127.119355853429,51.804669220932,0.0072,0.0073,77.890946,1.1825,8
81,547953950,50,36.742009759606,127.119355838257,51.801752564497,0.0072,0.0073,237.690541,1.1825,8
82,547954000,50,36.742009749241,127.119355832103,51.808627775870,0.0072,0.0074,205.537951,1.1825,8
83,547954050,50,36.742009770335,127.119355831437,51.804831825197,0.0072,0.0074,358.544559,1.1825,8
84,547954100,50,36.742009758726,127.119355826730,51.799917917699,0.0072,0.0074,198.073954,1.1825,8
85,547954150,50,36.742009784319,127.119355855386,51.806787019596,0.0072,0.0074,42.023569,1.1825,8
86,547954200,50,36.742009770045,127.119355845827,51.804011764936,0.0073,0.0078,208.323060,1.1825,8
87,547954250,50,36.742009759260,127.119355830136,51.803580285981,0.0073,0.0077,229.501615,1.1825,8
88,547954300,50,36.742009783397,127.119355814366,51.807500213385,0.0073,0.0077,332.264993,1.1825,8
89,547954350,50,36.742009797524,127.119355834407,51.810223681852,0.0073,0.0077,48.786040,1.1825,8
90,547954400,50,36.742009775826,127.119355847050,51.803849311545,0.0073,0.0077,154.875503,1.1825,8
91,547954450,50,36.742009787751,127.119355827732,51.814998466522,0.0073,0.0077,307.487965,1.1825,8
92,547954500,50,36.742009776120,127.119355837007,51.802250144072,0.0074,0.0079,147.309466,1.1825,8
93,547954550,50,36.742009784316,127.119355823176,51.808723572642,0.0074,0.0079,306.365943,1.1825,8
94,547954600,50,36.742009795906,127.119355834475,51.806724875234,0.0074,0.0079,38.118324,1.1825,8
95,547954650,50,36.742009804937,127.119355839051,51.805683519691,0.0073,0.0078,38.118324,1.1825,8
96,547954700,50,36.742009792229,127.119355827525,51.804150708020,0.0073,0.0078,216.125672,1.1825,8
97,547954750,50,36.742009800292,127.119355837327,51.800090529956,0.0073,0.0078,44.371774,1.1825,8
98,547954800,50,36.742009828542,127.119355866765,51.805084967986,0.0073,0.0078,39.984898,1.1825,8
99,547954850,50,36.742009803340,127.119355827112,51.799948415719,0.0073,0.0078,231.701001,1.1825,8
100,547954900,50,36.742009823346,127.119355835542,51.804503656924,0.0073,0.0078,18.733566,1.1825,8
101,547954950,50,36.742009831098,127.119355862115,51.805398350582,0.0073,0.0078,70.074580,1.1825,8
102,547955000,50,36.742009825405,127.119355846745,51.801144546829,0.0073,0.0077,245.284047,1.1825,8
103,547955050,50,36.742009808061,127.119355833408,51.802902178839,0.0073,0.0077,211.752574,1.1825,8
104,547955100,50,36.742009824305,127.119355836233,51.802889336832,0.0073,0.0077,7.966164,1.1825,8
105,547955150,50,36.742009820202,127.119355830433,51.803113796748,0.0073,0.0077,228.682259,1.1825,8
106,547955200,50,36.742009847537,127.119355848023,51.804220041260,0.0073,0.0077,27.379036,1.1825,8
107,547955250,50,36.742009837289,127.119355854941,51.800811759196,0.0073,0.0077,151.481943,1.1825,8
108,547955300,50,36.742009832973,127.119355852380,51.801216823980,0.0073,0.0077,205.524862,1.1825,8
109,547955350,50,36.742009847134,127.119355854171,51.803856314160,0.0073,0.0077,5.810849,1.1825,8
110,547955400,50,36.742009838688,127.119355836100,51.801842126995,0.0073,0.0077,239.855071,1.1825,8
111,547955450,50,36.742009848287,127.119355843249,51.802337767556,0.0073,0.0077,30.940189,1.1825,8
112,547955500,50,36.742009859264,127.119355847750,51.803356927820,0.0073,0.0076,18.263938,1.1825,8
113,547955550,50,36.742009864725,127.119355864302,51.798239318654,0.0073,0.0076,67.707830,1.1825,8
114,547955600,50,36.742009862982,127.119355850436,51.801551116630,0.0073,0.0076,261.122560,1.1825,8
115,547955650,50,36.742009854300,127.119355851033,51.805423695594,0.0073,0.0076,176.833345,1.1825,8
116,547955700,50,36.742009851675,127.119355843305,51.799318734556,0.0073,0.0076,247.114060,1.1825,8
117,547955750,50,36.742009870572,127.119355836931,51.803369605914,0.0073,0.0076,344.813110,1.1825,8
118,547955800,50,36.742009811682,127.119355832169,51.797163998708,0.0072,0.0076,344.813110,1.1825,8
119,547955850,50,36.742009798157,127.119355833612,51.801353977062,0.0073,0.0076,175.093102,1.1825,8
120,547955900,50,36.742009798465,127.119355818698,51.797529773787,0.0073,0.0075,271.469116,1.1825,8
121,547955950,50,36.742009804557,127.119355836560,51.802801104262,0.0073,0.0075,67.033638,1.1825,8
122,547956000,50,36.742009805761,127.119355818902,51.796751540154,0.0072,0.0075,274.841025,1.1825,8
123,547956050,50,36.742009818063,127.119355835977,51.796794945374,0.0072,0.0075,48.164401,1.1825,8
124,547956100,50,36.742009830063,127.119355840642,51.803037660196,0.0073,0.0075,17.373082,1.1825,8
125,547956150,50,36.742009827099,127.119355820506,51.798850804567,0.0073,0.0075,259.634642,1.1825,8
126,547956200,50,36.742009830684,127.119355852141,51.800192223862,0.0073,0.0075,81.985486,1.1825,8
127,547956250,50,36.742009830151,127.119355857202,51.798731516115,0.0073,0.0075,97.451630,1.1825,8
128,547956300,50,36.742009812541,127.119355817808,51.802394781262,0.0073,0.0075,240.950707,1.1825,8
129,547956350,50,36.742009821485,127.119355835262,51.800807071850,0.0073,0.0075,57.514842,1.1825,8
130,547956400,50,36.742009824489,127.119355839877,51.801038645208,0.0073,0.0075,51.036953,1.1825,8
131,547956450,50,36.742009817941,127.119355838696,51.798599044792,0.0073,0.0075,188.259985,1.1825,8
132,547956500,50,36.742009820360,127.119355813032,51.802206335589,0.0073,0.0075,276.680967,1.1825,8
133,547956550,50,36.742009821500,127.119355809766,51.801323366351,0.0073,0.0075,293.433586,1.1825,8
134,547956600,50,36.742009816579,127.119355820421,51.804449562915,0.0073,0.0075,119.846743,1.1825,8
135,547956650,50,36.742009834093,127.119355846221,51.799412868917,0.0073,0.0075,49.852485,1.1825,8
136,547956700,50,36.742009830674,127.119355827885,51.806758080609,0.0073,0.0075,256.954544,1.1825,8
137,547956750,50,36.742009811103,127.119355807714,51.803230758756,0.0073,0.0075,219.674896,1.1825,8
138,547956800,50,36.742009807289,127.119355821411,51.805785150267,0.0073,0.0075,109.086261,1.1825,8
139,547956850,50,36.742009826995,127.119355832680,51.802036617883,0.0073,0.0075,24.712858,1.1825,8
140,547956900,50,36.742009830556,127.119355851077,51.802881900221,0.0073,0.0075,76.475473,1.1825,8
141,547956950,50,36.742009816539,127.119355862649,51.804753853939,0.0073,0.0075,146.399882,1.1825,8
142,547957000,50,36.742009785160,127.119355900205,51.804105510004,0.0072,0.0074,146.399883,1.1825,8
143,547957050,50,36.742009755188,127.119355943638,51.806096144952,0.0072,0.0074,130.611774,1.1825,8
144,547957100,50,36.742009726811,127.119355971592,51.805791817605,0.0072,0.0074,141.592336,1.1825,8
145,547957150,50,36.742009717871,127.119356031928,51.808461996727,0.0072,0.0074,100.431791,1.1825,8
146,547957200,50,36.742009684147,127.119356106064,51.803066400811,0.0073,0.0074,119.476468,1.1825,8
147,547957250,50,36.742009660656,127.119356181118,51.806394534186,0.0073,0.0074,111.250766,1.1825,8
148,547957300,50,36.742009633631,127.119356262337,51.803168468177,0.0073,0.0074,112.462588,1.1825,8
149,547957350,50,36.742009603885,127.119356349661,51.806967748329,0.0073,0.0074,112.940390,1.1825,8
150,547957400,50,36.742009556769,127.119356460259,51.805682739243,0.0073,0.0074,117.893771,1.1825,8
151,547957450,50,36.742009530921,127.119356590671,51.805779516697,0.0073,0.0074,103.835133,1.1825,8
152,547957500,50,36.742009463361,127.119356706066,51.801010268740,0.0073,0.0074,126.034838,1.1825,8
153,547957550,50,36.742009393787,127.119356880461,51.800370232202,0.0073,0.0074,116.367710,1.2585,7
154,547957600,50,36.742009360103,127.119357024601,51.810044482350,0.0073,0.0074,106.191363,1.2585,7
155,547957650,50,36.742009261603,127.119357222988,51.804944576696,0.0072,0.0073,106.191363,1.1874,8
156,547957700,50,36.742009167399,127.119357413665,51.811551803723,0.0072,0.0073,121.544748,1.2585,7
157,547957750,50,36.742009077293,127.119357665984,51.804847671650,0.0072,0.0073,113.928043,1.1874,8
158,547957800,50,36.742008977436,127.119357942297,51.806088480167,0.0072,0.0074,114.181870,1.1874,8
159,547957850,50,36.742008839047,127.119358228088,51.804004216567,0.0072,0.0074,121.034463,1.1874,8
160,547957900,50,36.742008715344,127.119358490902,51.805965280160,0.0072,0.0074,120.321050,1.1874,8
161,547957950,50,36.742008573720,127.119358829048,51.799277935177,0.0073,0.0074,117.492558,1.1874,8
162,547958000,50,36.742008418551,127.119359201067,51.802427955903,0.0073,0.0074,117.396040,1.1874,8
163,547958050,50,36.742008258268,127.119359605252,51.807252925821,0.0073,0.0074,116.231313,1.1874,8
164,547958100,50,36.742008113911,127.119360041036,51.801863153465,0.0073,0.0074,112.372107,1.1874,8
165,547958150,50,36.742007963037,127.119360534774,51.800790089183,0.0073,0.0074,110.791047,1.1874,8
166,547958200,50,36.742007786138,127.119361007374,51.804471493699,0.0073,0.0074,114.942979,1.1874,8
167,547958250,50,36.742007579704,127.119361535661,51.810205121525,0.0073,0.0074,115.898184,1.1874,8
168,547958300,50,36.742007334277,127.119362031393,51.807114941068,0.0073,0.0074,121.597934,1.1874,8
169,547958350,50,36.742007121079,127.119362621392,51.803903094493,0.0073,0.0074,114.179813,1.1874,8
170,547958400,50,36.742006877543,127.119363243490,51.801243335009,0.0073,0.0074,115.939349,1.1874,8
171,547958450,50,36.742006661763,127.119363872655,51.806318991818,0.0073,0.0074,113.080884,1.1874,8
172,547958500,50,36.742006401695,127.119364541552,51.811273803934,0.0073,0.0074,115.785207,1.1874,8
173,547958550,50,36.742006078655,127.119365261224,51.811499801464,0.0073,0.0074,119.150119,1.1874,8
174,547958600,50,36.742005808976,127.119366004676,51.802589490078,0.0073,0.0074,114.261851,1.1874,8
175,547958650,50,36.742005460447,127.119366772853,51.806705798954,0.0072,0.0074,114.261853,1.1874,8
176,547958700,50,36.742005148930,127.119367626499,51.802583037876,0.0072,0.0074,114.391124,1.2587,7
177,547958750,50,36.742004837265,127.119368510991,51.794746385887,0.0073,0.0074,113.645085,1.2587,7
178,547958800,50,36.742004518661,127.119369341818,51.806734693237,0.0073,0.0074,115.477127,1.1876,8
179,547958850,50,36.742004098861,127.119370245473,51.802673142403,0.0073,0.0074,119.994833,1.1876,8
180,547958900,50,36.742003767086,127.119371269219,51.793646883219,0.0073,0.0074,111.933702,1.1876,8
181,547958950,50,36.742003317715,127.119372209426,51.796487623826,0.0073,0.0074,120.704734,1.1876,8
182,547959000,50,36.742002984061,127.119373305310,51.790916217491,0.0074,0.0079,110.721850,1.1876,8
183,547959050,50,36.742002544176,127.119374350851,51.801779292524,0.0074,0.0079,117.599008,1.1876,8
184,547959100,50,36.742002148249,127.119375413012,51.798738853075,0.0074,0.0079,114.851806,1.1876,8
185,547959150,50,36.742001671591,127.119376606030,51.791417281143,0.0074,0.0079,116.401765,1.1876,8
186,547959200,50,36.742001217502,127.119377749199,51.791325292550,0.0074,0.0078,116.269091,1.1876,8
187,547959250,50,36.742000743272,127.119378907247,51.801082062535,0.0074,0.0078,116.968310,1.1876,8
188,547959300,50,36.742000263856,127.119380149724,51.794948360883,0.0074,0.0078,115.614849,1.1876,8
189,547959350,50,36.741999753529,127.119381431379,51.794853300788,0.0074,0.0078,116.323937,1.1876,8
190,547959400,50,36.741999223667,127.119382682729,51.794730294496,0.0075,0.0078,117.750191,1.1876,8
191,547959450,50,36.741998728607,127.119384036282,51.796266529709,0.0075,0.0078,114.439684,1.1876,8
192,547959500,50,36.741998198083,127.119385387937,51.788811966777,0.0075,0.0080,115.998264,0.8694,9
193,547959550,50,36.741997617549,127.119386747817,51.799139935523,0.0075,0.0081,117.943238,0.8694,9
194,547959600,50,36.741997093705,127.119388151512,51.792002705857,0.0076,0.0081,114.877232,0.8694,9
195,547959650,50,36.741996528709,127.119389573919,51.799913693219,0.0074,0.0080,114.877241,0.9597,8
196,547959700,50,36.741995962986,127.119391045754,51.807616111822,0.0074,0.0080,115.528621,0.9597,8
197,547959750,50,36.741995363884,127.119392541083,51.796223594807,0.0075,0.0081,116.465049,0.8694,9
198,547959800,50,36.741994736783,127.119394001721,51.810129725374,0.0075,0.0081,118.078264,0.8694,9
199,547959850,50,36.741994168530,127.119395556295,51.802356816828,0.0075,0.0080,114.427172,0.8694,9
200,547959900,50,36.741993517164,127.119397012479,51.795025759377,0.0075,0.0080,119.065248,0.8694,9
201,547959950,50,36.741992903188,127.119398635479,51.799437945709,0.0075,0.0080,115.175755,0.8694,9
202,547960000,50,36.741992263811,127.119400215974,51.805033957586,0.0075,0.0081,116.686742,0.8694,9
203,547960050,50,36.741991657127,127.119401815480,51.804050461389,0.0075,0.0081,115.233911,0.8694,9
204,547960100,50,36.741990972583,127.119403446246,51.807185534388,0.0075,0.0081,117.545504,0.8694,9
205,547960150,50,36.741990347481,127.119405091334,51.805105075240,0.0076,0.0083,115.273855,0.8694,9
206,547960200,50,36.741989659109,127.119406739015,51.804869045503,0.0076,0.0083,117.434246,0.8694,9
207,547960250,50,36.741988995528,127.119408405289,51.805841217749,0.0076,0.0083,116.327617,0.8694,9
208,547960300,50,36.741988324029,127.119410118799,51.806283066981,0.0075,0.0081,115.962880,0.8694,9
209,547960350,50,36.741987656908,127.119411854410,51.806804198772,0.0076,0.0081,115.528965,0.8694,9
210,547960400,50,36.741986978606,127.119413604952,51.802840903401,0.0076,0.0081,115.708918,0.8694,9
211,547960450,50,36.741986257013,127.119415336487,51.814320996404,0.0076,0.0082,117.375517,0.8694,9
212,547960500,50,36.741985575680,127.119417138613,51.808745270595,0.0076,0.0083,115.162610,0.8694,9
213,547960550,50,36.741984847785,127.119418920096,51.810149173252,0.0076,0.0083,116.916298,0.8694,9
214,547960600,50,36.741984160323,127.119420782896,51.810399584472,0.0076,0.0083,114.634065,0.9597,8
215,547960650,50,36.741983406465,127.119422630709,51.800285860896,0.0077,0.0083,116.881391,0.8695,9
216,547960700,50,36.741982634954,127.119424424910,51.803817670792,0.0076,0.0082,118.115266,0.8695,9
217,547960750,50,36.741981880794,127.119426318674,51.809885030612,0.0077,0.0084,116.327091,0.9597,8
218,547960800,50,36.741981126410,127.119428225190,51.799435696565,0.0076,0.0084,116.327107,0.9597,8
219,547960850,50,36.741980399529,127.119430093770,51.802712383680,0.0076,0.0084,115.796732,0.9597,8
220,547960900,50,36.741979605427,127.119431990704,51.801126001403,0.0076,0.0082,117.481408,0.9597,8
221,547960950,50,36.741978830589,127.119433935476,51.798098413274,0.0076,0.0082,116.337812,0.9597,8
222,547961000,50,36.741978086691,127.119435888202,51.799592566676,0.0079,0.0092,115.330460,0.9597,8
223,547961050,50,36.741977305393,127.119437838520,51.797728933394,0.0079,0.0092,116.462282,0.9597,8
224,547961100,50,36.741976518209,127.119439757481,51.797463024035,0.0079,0.0092,117.008147,0.9597,8
225,547961150,50,36.741975734214,127.119441713530,51.797331617214,0.0079,0.0092,116.473994,1.2968,7
226,547961200,50,36.741974954233,127.119443682685,51.798811004497,0.0079,0.0092,116.204891,0.9622,8
227,547961250,50,36.741974174518,127.119445664355,51.806666920893,0.0079,0.0092,116.053649,0.8695,9
228,547961300,50,36.741973375521,127.119447637778,51.797626917250,0.0079,0.0092,116.705863,0.9597,8
229,547961350,50,36.741972526959,127.119449614489,51.801940999925,0.0079,0.0092,118.075237,0.9597,8
230,547961400,50,36.741971788423,127.119451669357,51.798579435796,0.0079,0.0092,114.064443,0.9597,8
231,547961450,50,36.741970935137,127.119453718134,51.802188413218,0.0079,0.0093,117.361454,0.9597,8
232,547961500,50,36.741970112368,127.119455724410,51.799536384642,0.0080,0.0093,117.001598,0.9597,8
233,547961550,50,36.741969243989,127.119457806128,51.796986006200,0.0080,0.0093,117.398481,0.9597,8
234,547961600,50,36.741968454555,127.119459917507,51.805455887690,0.0080,0.0093,114.918517,0.9597,8
235,547961650,50,36.741967589362,127.119461999374,51.794269480743,0.0080,0.0093,117.310870,0.9597,8
236,547961700,50,36.741966784154,127.119464112418,51.803056125529,0.0080,0.0093,115.336951,0.9597,8
237,547961750,50,36.741965889225,127.119466214749,51.794152837247,0.0080,0.0093,117.875566,0.9597,8
238,547961800,50,36.741964992922,127.119468383203,51.796544003300,0.0080,0.0093,117.184379,0.9597,8
239,547961850,50,36.741964108607,127.119470574800,51.805550797842,0.0080,0.0093,116.627613,0.9597,8
240,547961900,50,36.741963199711,127.119472830003,51.787802258506,0.0080,0.0093,116.600256,0.9597,8
241,547961950,50,36.741962336749,127.119475095501,51.788446812890,0.0081,0.0093,115.328157,0.9597,8
242,547962000,50,36.741961411810,127.119477346689,51.794505161233,0.0081,0.0093,117.045053,0.9597,8
243,547962050,50,36.741960464289,127.119479666052,51.800563458353,0.0081,0.0093,116.912696,0.9597,8
244,547962100,50,36.741959523730,127.119481907913,51.786564594135,0.0081,0.0093,117.532920,0.9597,8
245,547962150,50,36.741958581591,127.119484315255,51.792735826224,0.0080,0.0093,117.532943,0.9597,8
246,547962200,50,36.741957614587,127.119486642675,51.798201970756,0.0080,0.0093,117.305130,0.9597,8
247,547962250,50,36.741956640553,127.119489103523,51.799028128386,0.0080,0.0093,116.188444,0.9597,8
248,547962300,50,36.741955599888,127.119491464187,51.794339411892,0.0080,0.0093,118.711886,0.9597,8
249,547962350,50,36.741954630758,127.119493977823,51.795927303843,0.0080,0.0093,115.597109,0.9597,8
250,547962400,50,36.741953572419,127.119496454952,51.795000904240,0.0080,0.0093,117.962304,0.9597,8
251,547962450,50,36.741952523979,127.119498967014,51.789251085371,0.0080,0.0093,117.410647,0.9597,8
252,547962500,50,36.741951514718,127.119501551875,51.795601246879,0.0080,0.0093,115.880270,0.9597,8
253,547962550,50,36.741950478885,127.119504141032,51.795244353823,0.0080,0.0093,116.431756,0.9597,8
254,547962600,50,36.741949398284,127.119506721444,51.792615093291,0.0080,0.0093,117.489610,0.9597,8
255,547962650,50,36.741948319983,127.119509353377,51.788409499452,0.0079,0.0092,117.489633,0.9597,8
256,547962700,50,36.741947254156,127.119512034247,51.791518635117,0.0079,0.0092,116.288984,0.9597,8
257,547962750,50,36.741946135636,127.119514716220,51.795593613759,0.0079,0.0092,117.393228,0.9597,8
258,547962800,50,36.741945032081,127.119517476558,51.782635441050,0.0079,0.0092,116.416002,0.9597,8
259,547962850,50,36.741943899644,127.119520151633,51.787901292555,0.0079,0.0092,117.744423,0.9597,8
260,547962900,50,36.741942790371,127.119523004065,51.796627651900,0.0079,0.0092,115.790065,0.9597,8
261,547962950,50,36.741941635704,127.119525813160,51.778847094625,0.0079,0.0092,117.055164,0.8696,9
262,547963000,50,36.741940436113,127.119528593477,51.781067516655,0.0079,0.0092,118.195829,0.8696,9
263,547963050,50,36.741939267295,127.119531464293,51.777633790858,0.0079,0.0092,116.834064,0.8696,9
264,547963100,50,36.741938100240,127.119534323053,51.793592005968,0.0079,0.0092,116.896383,0.8696,9
265,547963150,50,36.741936897208,127.119537249270,51.775278314948,0.0079,0.0093,117.059447,0.8696,9
266,547963200,50,36.741935675309,127.119540170772,51.776314401999,0.0080,0.0093,117.460059,0.8696,9
267,547963250,50,36.741934477268,127.119543157199,51.770033436827,0.0080,0.0093,116.494303,0.8696,9
268,547963300,50,36.741933290409,127.119546144860,51.773908063769,0.0080,0.0093,116.270980,0.8696,9
269,547963350,50,36.741932026570,127.119549175200,51.769730023108,0.0091,0.0105,117.393792,0.8696,9
270,547963400,50,36.741930739566,127.119552201549,51.769476320595,0.0080,0.0093,117.852311,0.8696,9
271,547963450,50,36.741929494902,127.119555231507,51.779951903038,0.0080,0.0093,117.040435,0.8696,9
272,547963500,50,36.741928202632,127.119558340511,51.779189904220,0.0080,0.0093,117.314726,0.8696,9
273,547963550,50,36.741926918732,127.119561440734,51.766506681219,0.0080,0.0093,117.229085,0.8696,9
274,547963600,50,36.741925597681,127.119564587439,51.768630967475,0.0090,0.0105,117.548365,0.8696,9
275,547963650,50,36.741924308455,127.119567765461,51.765859239735,0.0077,0.0089,117.548395,0.8696,9
276,547963700,50,36.741923011213,127.119570950607,51.766223983839,0.0077,0.0089,116.842043,0.8696,9
277,547963750,50,36.741921686243,127.119574177201,51.763425942510,0.0077,0.0089,117.032243,0.8696,9
278,547963800,50,36.741920313100,127.119577381564,51.767836347222,0.0078,0.0089,118.033264,0.8696,9
279,547963850,50,36.741918974009,127.119580661965,51.760263397358,0.0078,0.0089,116.894777,0.9599,8
280,547963900,50,36.741917587782,127.119583974350,51.755126161501,0.0078,0.0089,117.474343,0.9599,8
281,547963950,50,36.741916219648,127.119587285383,51.757429189049,0.0078,0.0089,117.176893,0.8697,9
282,547964000,50,36.741914833486,127.119590653183,51.757876496762,0.0078,0.0089,117.086001,0.8697,9
283,547964050,50,36.741913430275,127.119594009437,51.744277582504,0.0078,0.0089,117.451382,0.8697,9
284,547964100,50,36.741912022798,127.119597459716,51.761853406206,0.0078,0.0089,116.878994,0.9599,8
285,547964150,50,36.741910616991,127.119600839767,51.762180062942,0.0078,0.0090,117.329275,0.8697,9
286,547964200,50,36.741909163657,127.119604266772,51.754983757623,0.0078,0.0090,117.786392,0.8697,9
287,547964250,50,36.741907708409,127.119607721821,51.749443875626,0.0078,0.0090,117.625225,0.8697,9
288,547964300,50,36.741906267883,127.119611246034,51.750088058412,0.0078,0.0090,116.925408,0.9599,8
289,547964350,50,36.741904828306,127.119614764600,51.748274303041,0.0078,0.0090,116.947254,0.9599,8
290,547964400,50,36.741903352025,127.119618306466,51.757194451988,0.0078,0.0090,117.379579,0.9599,8
291,547964450,50,36.741901838298,127.119621841906,51.760818663053,0.0078,0.0090,118.012980,0.8697,9
292,547964500,50,36.741900324818,127.119625416467,51.752923386171,0.0078,0.0090,117.748494,0.9599,8
293,547964550,50,36.741898846898,127.119629018636,51.748823377304,0.0079,0.0090,117.012191,0.8697,9
294,547964600,50,36.741897317833,127.119632637494,51.751602141187,0.0079,0.0090,117.699621,0.8697,9
295,547964650,50,36.741895780606,127.119636290843,51.754686552100,0.0079,0.0090,117.601582,0.8697,9
296,547964700,50,36.741894283444,127.119639988628,51.742366880178,0.0072,0.0080,117.601620,0.8697,9
297,547964750,50,36.741892690128,127.119643697558,51.742352603003,0.0072,0.0080,118.092356,0.8697,9
298,547964800,50,36.741891159402,127.119647467525,51.750975296833,0.0072,0.0079,116.771308,0.8697,9
299,547964850,50,36.741889537022,127.119651177976,51.750144511461,0.0072,0.0079,118.514903,0.8697,9
300,547964900,50,36.741887964475,127.119654928936,51.764290526509,0.0072,0.0079,117.515810,0.8697,9
301,547964950,50,36.741886370579,127.119658735443,51.754302717745,0.0072,0.0079,117.487272,0.8697,9
302,547965000,50,36.741884758198,127.119662504134,51.750608493574,0.0072,0.0078,117.995119,0.9599,8
303,547965050,50,36.741883160399,127.119666324965,51.760815192945,0.0072,0.0078,117.456550,0.9599,8
304,547965100,50,36.741881424895,127.119670122183,51.755685968325,0.0072,0.0078,119.592010,0.9599,8
305,547965150,50,36.741879865711,127.119674070830,51.754382008687,0.0072,0.0078,116.134089,0.8698,9
306,547965200,50,36.741878240524,127.119677902312,51.753026466817,0.0072,0.0078,117.791062,0.8698,9
307,547965250,50,36.741876585569,127.119681825423,51.764195148833,0.0072,0.0078,117.661693,0.8698,9
308,547965300,50,36.741874948292,127.119685746973,51.754252513871,0.0072,0.0078,117.418760,0.8698,9
309,547965350,50,36.741873246035,127.119689626101,51.764158918522,0.0072,0.0078,118.601586,0.9599,8
310,547965400,50,36.741871593223,127.119693540249,51.755251139402,0.0073,0.0078,117.685053,0.9599,8
311,547965450,50,36.741869906084,127.119697458222,51.754017296247,0.0073,0.0078,118.149136,0.8698,9
312,547965500,50,36.741868232409,127.119701384553,51.760650714859,0.0072,0.0077,117.908073,0.8698,9
313,547965550,50,36.741866541910,127.119705284818,51.755155966617,0.0072,0.0077,118.304790,0.8698,9
314,547965600,50,36.741864860476,127.119709267664,51.750723345205,0.0072,0.0077,117.679627,0.8698,9
315,547965650,50,36.741863158770,127.119713207274,51.766463235952,0.0072,0.0077,118.222828,0.8698,9
316,547965700,50,36.741861430907,127.119717186932,51.757819344290,0.0072,0.0077,118.345710,0.9599,8
317,547965750,50,36.741859722620,127.119721184720,51.763762923889,0.0073,0.0077,117.965778,0.9599,8
318,547965800,50,36.741857976174,127.119725146191,51.764857682399,0.0073,0.0077,118.713011,0.8698,9
319,547965850,50,36.741856287660,127.119729191754,51.760165945627,0.0073,0.0077,117.411257,0.8698,9
320,547965900,50,36.741854573505,127.119733180685,51.751771853305,0.0073,0.0077,118.099978,0.8698,9
321,547965950,50,36.741852719891,127.119737182839,51.750285286456,0.0072,0.0076,118.100021,0.9599,8
322,547966000,50,36.741851000632,127.119741277761,51.759550949559,0.0071,0.0075,117.550094,0.8698,9
323,547966050,50,36.741849243675,127.119745336084,51.754178500734,0.0071,0.0075,118.276935,0.9600,8
324,547966100,50,36.741847469808,127.119749437242,51.759026001208,0.0071,0.0075,118.254937,0.9600,8
325,547966150,50,36.741845652299,127.119753479434,51.760140144266,0.0071,0.0075,119.191430,0.8698,9
326,547966200,50,36.741843921252,127.119757606800,51.761305509135,0.0071,0.0075,117.525222,0.8698,9
327,547966250,50,36.741842156110,127.119761656022,51.750558719039,0.0071,0.0075,118.442003,0.8698,9
328,547966300,50,36.741840376371,127.119765734870,51.751323138364,0.0072,0.0075,118.464688,0.8698,9
329,547966350,50,36.741838612202,127.119769831395,51.750755555928,0.0072,0.0075,118.151070,0.8698,9
330,547966400,50,36.741836836819,127.119773928549,51.762304957025,0.0072,0.0075,118.298675,0.9600,8
331,547966450,50,36.741835057026,127.119777971441,51.751242754050,0.0072,0.0075,118.678498,0.8699,9
332,547966500,50,36.741833226864,127.119782111454,51.746965451166,0.0071,0.0075,118.779167,0.8699,9
333,547966550,50,36.741831463474,127.119786221424,51.741868133657,0.0071,0.0075,118.062512,0.9600,8
334,547966600,50,36.741829663945,127.119790342701,51.745526567101,0.0071,0.0075,118.481720,0.8699,9
335,547966650,50,36.741827848342,127.119794440042,51.745930803940,0.0071,0.0075,118.836603,0.8699,9
336,547966700,50,36.741826068141,127.119798595273,51.744184988551,0.0072,0.0075,118.027700,0.8699,9
337,547966750,50,36.741824219483,127.119802722748,51.753298046999,0.0072,0.0075,119.096693,0.8699,9
338,547966800,50,36.741822397880,127.119806803524,51.747574476525,0.0072,0.0075,119.014878,0.8699,9
339,547966850,50,36.741820610316,127.119810950002,51.740586497821,0.0072,0.0075,118.176144,0.8699,9
340,547966900,50,36.741818782360,127.119815092740,51.736609091051,0.0072,0.0075,118.734106,0.8699,9
341,547966950,50,36.741816963106,127.119819203678,51.743315987289,0.0072,0.0075,118.805017,0.8699,9
342,547967000,50,36.741815121599,127.119823295695,51.740124752745,0.0072,0.0074,119.212535,0.8699,9
343,547967050,50,36.741813280000,127.119827477657,51.728294802830,0.0072,0.0074,118.686108,0.8699,9
344,547967100,50,36.741811485683,127.119831645429,51.733852220699,0.0072,0.0074,118.143907,0.8699,9
345,547967150,50,36.741809626672,127.119835801591,51.736375715584,0.0072,0.0074,119.064036,0.8699,9
346,547967200,50,36.741807791554,127.119839935384,51.739633400925,0.0071,0.0074,119.064083,0.8699,9
347,547967250,50,36.741805947147,127.119844132928,51.733777508140,0.0071,0.0074,118.633198,0.8699,9
348,547967300,50,36.741804093376,127.119848250202,51.734383422881,0.0071,0.0074,119.224387,0.8699,9
349,547967350,50,36.741802242364,127.119852401676,51.737809622660,0.0071,0.0074,118.986682,0.8699,9
350,547967400,50,36.741800392497,127.119856552258,51.736754676327,0.0071,0.0073,118.976864,0.8699,9
351,547967450,50,36.741798520545,127.119860685341,51.734360087663,0.0070,0.0073,119.369308,0.8699,9
352,547967500,50,36.741796664356,127.119864872569,51.731783687137,0.0070,0.0073,118.846452,0.8699,9
353,547967550,50,36.741794816524,127.119869026113,51.722316421568,0.0070,0.0073,118.932820,0.8699,9
354,547967600,50,36.741792986953,127.119873208169,51.722777223215,0.0070,0.0073,118.527766,0.8699,9
355,547967650,50,36.741791079526,127.119877365757,51.724151105620,0.0071,0.0073,119.685320,0.8699,9
356,547967700,50,36.741789211724,127.119881564084,51.730697032064,0.0071,0.0073,118.933429,0.8699,9
357,547967750,50,36.741787310748,127.119885734779,51.725663442165,0.0071,0.0073,119.524465,0.8699,9
358,547967800,50,36.741785425760,127.119889899135,51.728835374117,0.0070,0.0073,119.524513,0.8699,9
359,547967850,50,36.741783575130,127.119894089736,51.731726264581,0.0070,0.0073,118.754442,0.8699,9
360,547967900,50,36.741781667370,127.119898234136,51.732811593451,0.0070,0.0073,119.768040,0.8699,9
361,547967950,50,36.741779794724,127.119902425780,51.727867375128,0.0070,0.0073,119.035050,0.8699,9
362,547968000,50,36.741777912829,127.119906617832,51.721062268130,0.0070,0.0072,119.152630,0.8699,9
363,547968050,50,36.741776047714,127.119910786100,51.722385346889,0.0070,0.0072,119.073060,0.8699,9
364,547968100,50,36.741774171154,127.119914983177,51.720684277825,0.0070,0.0072,119.054324,0.8699,9
365,547968150,50,36.741772269914,127.119919140593,51.723355853930,0.0070,0.0072,119.606336,0.9600,8
366,547968200,50,36.741770349755,127.119923336161,51.721111789346,0.0070,0.0072,119.625187,0.9600,8
367,547968250,50,36.741768454425,127.119927519658,51.723101108335,0.0070,0.0072,119.376339,0.8700,9
368,547968300,50,36.741766570625,127.119931729592,51.716823007911,0.0070,0.0072,119.073589,0.9601,8
369,547968350,50,36.741764645901,127.119935937548,51.715972253121,0.0070,0.0072,119.611054,0.8700,9
370,547968400,50,36.741762747540,127.119940129178,51.717499526218,0.0070,0.0072,119.367902,0.8700,9
371,547968450,50,36.741760862110,127.119944331674,51.723823404871,0.0070,0.0072,119.137692,0.8700,9
372,547968500,50,36.741758931902,127.119948506430,51.718082104810,0.0070,0.0072,119.876771,0.8700,9
373,547968550,50,36.741757042284,127.119952708544,51.707888999023,0.0070,0.0072,119.194007,0.8700,9
374,547968600,50,36.741755130257,127.119956858961,51.710790064186,0.0070,0.0072,119.787335,0.8700,9
375,547968650,50,36.741753199069,127.119961058770,51.720300373621,0.0070,0.0072,119.741444,0.8700,9
376,547968700,50,36.741751261956,127.119965235299,51.719726710580,0.0070,0.0072,119.954682,0.8700,9
377,547968750,50,36.741749355027,127.119969431004,51.716401410289,0.0069,0.0072,119.954732,0.8700,9
378,547968800,50,36.741747429802,127.119973642704,51.709944342263,0.0069,0.0072,119.595606,0.8700,9
379,547968850,50,36.741745479567,127.119977794449,51.717344610021,0.0069,0.0072,120.270596,0.8700,9
380,547968900,50,36.741743515390,127.119981975497,51.711100571789,0.0069,0.0072,120.272846,0.8700,9
381,547968950,50,36.741741597439,127.119986186345,51.708991954103,0.0069,0.0072,119.507504,0.8700,9
382,547969000,50,36.741739697304,127.119990371037,51.703476287425,0.0069,0.0072,119.431395,0.8700,9
383,547969050,50,36.741737765107,127.119994508920,51.704275509343,0.0069,0.0072,120.122432,0.8700,9
384,547969100,50,36.741735793271,127.119998663359,51.703762058169,0.0069,0.0072,120.529829,0.8700,9
385,547969150,50,36.741733881744,127.120002826013,51.701398689300,0.0069,0.0072,119.708230,0.8700,9
386,547969200,50,36.741731960761,127.120006995448,51.704156623222,0.0069,0.0072,119.789862,0.8700,9
387,547969250,50,36.741730008484,127.120011114486,51.709703902714,0.0069,0.0072,120.494445,0.8700,9
388,547969300,50,36.741728086653,127.120015311280,51.704815458506,0.0070,0.0072,119.639416,0.8700,9
389,547969350,50,36.741726165429,127.120019503760,51.703510665335,0.0070,0.0072,119.656955,0.8700,9
390,547969400,50,36.741724184016,127.120023597043,51.705638599582,0.0070,0.0072,121.025400,0.8700,9
391,547969450,50,36.741722248132,127.120027752721,51.694823061116,0.0070,0.0072,120.063139,0.8700,9
392,547969500,50,36.741720320933,127.120031902033,51.708218716085,0.0070,0.0072,119.989578,0.8700,9
393,547969550,50,36.741718411300,127.120036053262,51.705919931643,0.0070,0.0072,119.751558,0.8700,9
394,547969600,50,36.741716464535,127.120040106251,51.701877923682,0.0070,0.0072,120.829648,0.8700,9
395,547969650,50,36.741714521037,127.120044234870,51.695999047719,0.0070,0.0072,120.323592,0.8700,9
396,547969700,50,36.741712580864,127.120048343248,51.695793507621,0.0070,0.0072,120.403615,0.8700,9
397,547969750,50,36.741710643015,127.120052491147,51.686254388653,0.0070,0.0072,120.134914,0.9601,8
398,547969800,50,36.741708713485,127.120056620185,51.689385118894,0.0069,0.0072,120.134964,0.8701,9
399,547969850,50,36.741706767893,127.120060762281,51.698678902350,0.0069,0.0072,120.269157,0.8701,9
400,547969900,50,36.741704801108,127.120064838482,51.706011500210,0.0069,0.0072,120.943797,0.8701,9
401,547969950,50,36.741702870428,127.120068968362,51.701764836907,0.0069,0.0072,120.151049,0.8701,9
402,547970000,50,36.741700919376,127.120073021755,51.699568639509,0.0069,0.0072,120.882663,0.8701,9
403,547970050,50,36.741699009087,127.120077142208,51.685169551522,0.0069,0.0072,119.944115,0.8701,9
404,547970100,50,36.741697107605,127.120081223681,51.697933309712,0.0069,0.0072,120.065311,0.8701,9
405,547970150,50,36.741695138935,127.120085309441,51.698873646557,0.0070,0.0072,120.908805,0.8701,9
406,547970200,50,36.741693214382,127.120089370091,51.686782152392,0.0070,0.0072,120.493781,0.8701,9
407,547970250,50,36.741691282405,127.120093472716,51.691511312500,0.0070,0.0072,120.332850,0.8701,9
408,547970300,50,36.741689316809,127.120097509503,51.701852774248,0.0070,0.0072,121.174491,0.8701,9
409,547970350,50,36.741687365130,127.120101592610,51.699611332268,0.0070,0.0072,120.706691,0.8701,9
410,547970400,50,36.741685438135,127.120105654960,51.700152688660,0.0070,0.0072,120.515067,0.8701,9
411,547970450,50,36.741683475990,127.120109718363,51.691332026385,0.0070,0.0072,120.963525,0.8701,9
412,547970500,50,36.741681556558,127.120113772184,51.691225673072,0.0070,0.0072,120.469199,0.8701,9
413,547970550,50,36.741679612153,127.120117837967,51.696207434870,0.0070,0.0072,120.719704,0.8701,9
414,547970600,50,36.741677657211,127.120121872458,51.695344908163,0.0070,0.0072,121.051125,0.8701,9
415,547970650,50,36.741675701712,127.120125931436,51.693115426227,0.0070,0.0072,120.905331,0.8701,9
416,547970700,50,36.741673797529,127.120130014288,51.687036361545,0.0070,0.0073,120.092156,0.8701,9
417,547970750,50,36.741671834958,127.120134010021,51.698801896535,0.0070,0.0073,121.395206,0.8701,9
418,547970800,50,36.741669905927,127.120137991555,51.696090991609,0.0069,0.0072,121.395256,0.8701,9
419,547970850,50,36.741667987638,127.120142037117,51.699047701433,0.0069,0.0072,120.505394,0.8701,9
420,547970900,50,36.741666063849,127.120146070117,51.699974219315,0.0069,0.0072,120.655273,0.8701,9
421,547970950,50,36.741664117583,127.120150081100,51.693493548781,0.0069,0.0072,121.086512,0.8701,9
422,547971000,50,36.741662165406,127.120154067101,51.700994956307,0.0069,0.0072,121.322137,0.8701,9
423,547971050,50,36.741660214441,127.120158088004,51.700706277974,0.0069,0.0072,121.085012,0.8701,9
424,547971100,50,36.741658266366,127.120162073245,51.699756315909,0.0070,0.0072,121.273489,0.8701,9
425,547971150,50,36.741656327073,127.120166094476,51.696898861788,0.0070,0.0072,120.931144,0.8701,9
426,547971200,50,36.741654368856,127.120170097289,51.702229121700,0.0070,0.0072,121.293639,0.8701,9
427,547971250,50,36.741652471663,127.120174092529,51.693089037202,0.0070,0.0072,120.541922,0.8701,9
428,547971300,50,36.741650539151,127.120178048876,51.688855511136,0.0070,0.0072,121.254548,0.8701,9
429,547971350,50,36.741648570161,127.120181992601,51.695724450052,0.0070,0.0072,121.813773,0.8701,9
430,547971400,50,36.741646646172,127.120185947497,51.699326642789,0.0070,0.0072,121.151629,0.8701,9
431,547971450,50,36.741644720550,127.120189947530,51.699102687649,0.0070,0.0072,120.885950,0.8701,9
432,547971500,50,36.741642799152,127.120193947404,51.696890003048,0.0070,0.0072,120.831557,0.8701,9
433,547971550,50,36.741640894085,127.120197932678,51.702806031331,0.0070,0.0072,120.708657,0.8701,9
434,547971600,50,36.741638931599,127.120201848009,51.699163099751,0.0070,0.0072,121.914371,0.8701,9
435,547971650,50,36.741637011109,127.120205827375,51.691974458285,0.0070,0.0072,120.949374,0.8701,9
436,547971700,50,36.741635083840,127.120209734960,51.696525367908,0.0070,0.0072,121.501197,0.8701,9
437,547971750,50,36.741633148766,127.120213685840,51.694349315017,0.0070,0.0072,121.323365,0.8701,9
438,547971800,50,36.741631212700,127.120217629702,51.697505640797,0.0070,0.0072,121.381683,0.8701,9
439,547971850,50,36.741629272198,127.120221552608,51.697848073207,0.0070,0.0072,121.576024,0.8701,9
440,547971900,50,36.741627340221,127.120225489898,51.703234493732,0.0070,0.0072,121.370310,0.8701,9
441,547971950,50,36.741625400811,127.120229436535,51.700748210773,0.0070,0.0073,121.407712,0.8701,9
442,547972000,50,36.741623473241,127.120233344630,51.706028422341,0.0070,0.0073,121.501835,0.8701,9
443,547972050,50,36.741621555144,127.120237286125,51.696437906474,0.0070,0.0073,121.159900,0.8701,9
444,547972100,50,36.741619607443,127.120241168586,51.698519739322,0.0070,0.0073,121.936672,0.8701,9
445,547972150,50,36.741617667344,127.120245080176,51.700608140789,0.0069,0.0072,121.936721,0.8701,9
446,547972200,50,36.741615714783,127.120248966739,51.698636463843,0.0070,0.0072,121.973662,0.8701,9
447,547972250,50,36.741613774227,127.120252866160,51.693034450524,0.0070,0.0072,121.730444,0.8701,9
448,547972300,50,36.741611856143,127.120256804583,51.688372786157,0.0070,0.0072,121.179536,0.8701,9
449,547972350,50,36.741609892428,127.120260651351,51.691456365399,0.0070,0.0072,122.386583,0.8701,9
450,547972400,50,36.741607961890,127.120264523653,51.701273366809,0.0070,0.0072,121.776665,0.8701,9
451,547972450,50,36.741606025496,127.120268409480,51.694673112594,0.0070,0.0072,121.764926,0.8701,9
452,547972500,50,36.741604090232,127.120272285522,51.695072965696,0.0070,0.0072,121.814615,0.8701,9
453,547972550,50,36.741602168491,127.120276149357,51.696703622118,0.0070,0.0072,121.715685,0.8701,9
454,547972600,50,36.741600236734,127.120280029493,51.696085983887,0.0070,0.0072,121.741014,0.8701,9
455,547972650,50,36.741598267891,127.120283884271,51.697552503087,0.0070,0.0072,122.400241,0.8701,9
456,547972700,50,36.741596326316,127.120287757396,51.695124497637,0.0069,0.0072,122.400287,0.8701,9
457,547972750,50,36.741594383117,127.120291588185,51.696075432934,0.0069,0.0072,122.222527,0.8701,9
458,547972800,50,36.741592410163,127.120295433530,51.693096656352,0.0069,0.0072,122.517971,0.8701,9
459,547972850,50,36.741590490174,127.120299298121,51.696561337449,0.0069,0.0072,121.687347,0.8701,9
460,547972900,50,36.741588556752,127.120303111028,51.700018685311,0.0069,0.0072,122.213072,0.8701,9
461,547972950,50,36.741586645968,127.120306953935,51.695109562017,0.0069,0.0072,121.708363,0.8701,9
462,547973000,50,36.741584695070,127.120310778132,51.692431104369,0.0069,0.0072,122.369394,0.8701,9
463,547973050,50,36.741582753293,127.120314588745,51.696403409354,0.0069,0.0072,122.340183,0.8701,9
464,547973100,50,36.741580779457,127.120318365506,51.699217873625,0.0069,0.0072,122.998815,0.8701,9
465,547973150,50,36.741578869913,127.120322229729,51.694698269479,0.0070,0.0072,121.550220,0.8701,9
466,547973200,50,36.741576939668,127.120326052605,51.698492850177,0.0070,0.0072,122.103181,0.8701,9
467,547973250,50,36.741574979836,127.120329851028,51.688605324365,0.0070,0.0072,122.663681,0.8701,9
468,547973300,50,36.741573047130,127.120333643150,51.690689384937,0.0070,0.0072,122.344868,0.8701,9
469,547973350,50,36.741571104307,127.120337419160,51.696002527140,0.0070,0.0072,122.590858,0.8701,9
470,547973400,50,36.741569179346,127.120341237349,51.694623218849,0.0070,0.0072,122.064123,0.8701,9
471,547973450,50,36.741567259405,127.120345047325,51.695661376230,0.0070,0.0072,122.052322,0.9603,8
472,547973500,50,36.741565309762,127.120348829686,51.695011449978,0.0070,0.0072,122.638281,0.8703,9
473,547973550,50,36.741563395278,127.120352613803,51.694708653726,0.0070,0.0072,122.154556,0.8703,9
474,547973600,50,36.741561425395,127.120356410162,51.694403938949,0.0070,0.0072,122.811139,0.8703,9
475,547973650,50,36.741559482706,127.120360156856,51.692403011955,0.0069,0.0072,122.811185,0.8703,9
476,547973700,50,36.741557548043,127.120363918279,51.697712073103,0.0069,0.0072,122.582074,0.8703,9
477,547973750,50,36.741555629112,127.120367663808,51.697465233505,0.0069,0.0072,122.479974,0.8703,9
478,547973800,50,36.741553682073,127.120371430041,51.696212814189,0.0069,0.0072,122.714782,0.8703,9
479,547973850,50,36.741551730527,127.120375170450,51.694421913475,0.0069,0.0072,122.954720,0.8703,9
480,547973900,50,36.741549829227,127.120378947416,51.691915959120,0.0069,0.0072,122.025156,0.8703,9
481,547973950,50,36.741547891147,127.120382676956,51.689293446951,0.0069,0.0072,122.849835,0.8703,9
482,547974000,50,36.741545947240,127.120386393718,51.688659528270,0.0069,0.0072,123.018038,0.8703,9
483,547974050,50,36.741543992713,127.120390156101,51.687687021680,0.0069,0.0072,122.841535,0.8703,9
484,547974100,50,36.741542053187,127.120393902629,51.691342265345,0.0069,0.0072,122.750706,0.9603,8
485,547974150,50,36.741540164627,127.120397693665,51.690243746154,0.0069,0.0072,121.756805,0.8704,9
486,547974200,50,36.741538198792,127.120401375031,51.695393056609,0.0070,0.0072,123.564434,0.8704,9
487,547974250,50,36.741536298960,127.120405162767,51.696691646241,0.0070,0.0072,121.931989,0.8704,9
488,547974300,50,36.741534338982,127.120408859959,51.697711772285,0.0070,0.0072,123.372716,0.8704,9
489,547974350,50,36.741532426587,127.120412565718,51.699862273410,0.0070,0.0072,122.668746,0.8704,9
490,547974400,50,36.741530505912,127.120416251569,51.690921820700,0.0070,0.0072,122.921956,0.8704,9
491,547974450,50,36.741528576968,127.120419956559,51.692022884265,0.0070,0.0072,122.898888,0.8704,9
492,547974500,50,36.741526655241,127.120423696928,51.687845097855,0.0070,0.0072,122.553548,0.8704,9
493,547974550,50,36.741524712927,127.120427410316,51.702031217515,0.0070,0.0072,123.020322,0.8704,9
494,547974600,50,36.741522750447,127.120431036973,51.709031619132,0.0070,0.0072,123.915442,0.8704,9
495,547974650,50,36.741520859609,127.120434677902,51.697200919501,0.0069,0.0072,123.915487,0.8704,9
496,547974700,50,36.741518936138,127.120438434705,51.681680096313,0.0069,0.0072,122.463297,0.8704,9
497,547974750,50,36.741517019591,127.120442151763,51.687473575585,0.0069,0.0072,122.645971,0.8704,9
498,547974800,50,36.741515033844,127.120445817056,51.693103647791,0.0069,0.0072,123.947039,0.8704,9
499,547974850,50,36.741513104866,127.120449511101,51.696544373408,0.0069,0.0072,122.976712,0.8704,9
500,547974900,50,36.741511182756,127.120453217458,51.679955460131,0.0069,0.0072,122.796614,0.8704,9
501,547974950,50,36.741509305117,127.120456878542,51.691449626349,0.0070,0.0072,122.507218,0.8704,9
502,547975000,50,36.741507336050,127.120460483125,51.693018796854,0.0070,0.0072,124.166775,0.8704,9
503,547975050,50,36.741505361604,127.120464139801,51.689968770370,0.0070,0.0072,123.858067,0.8704,9
504,547975100,50,36.741503409911,127.120467783861,51.687590747140,0.0070,0.0073,123.642760,0.8704,9
505,547975150,50,36.741501468452,127.120471429512,51.682532710955,0.0070,0.0073,123.492468,0.8704,9
506,547975200,50,36.741499562232,127.120475097875,51.685850521550,0.0070,0.0073,122.848851,0.8704,9
507,547975250,50,36.741497751251,127.120478880702,51.685055679642,0.0070,0.0073,120.746033,0.8704,9
508,547975300,50,36.741496003698,127.120482668557,51.686798094772,0.0070,0.0073,119.823395,0.8704,9
509,547975350,50,36.741494293599,127.120486519399,51.687427395955,0.0070,0.0073,118.889309,0.8704,9
510,547975400,50,36.741492525181,127.120490269038,51.689182002097,0.0070,0.0073,120.370479,0.8704,9
511,547975450,50,36.741490731222,127.120493983258,51.691403764300,0.0071,0.0073,120.969506,0.8704,9
512,547975500,50,36.741488894642,127.120497708461,51.683757735416,0.0071,0.0073,121.490951,0.8704,9
513,547975550,50,36.741486959655,127.120501340459,51.686548481695,0.0071,0.0073,123.503308,0.8704,9
514,547975600,50,36.741484941939,127.120504950127,51.686798526905,0.0071,0.0073,124.781563,0.8704,9
515,547975650,50,36.741482870758,127.120508500726,51.685478708707,0.0071,0.0073,125.934816,0.8704,9
516,547975700,50,36.741480814925,127.120512019065,51.685569970869,0.0071,0.0073,125.980818,0.8704,9
517,547975750,50,36.741478756749,127.120515591731,51.684829654172,0.0071,0.0073,125.595300,0.8704,9
518,547975800,50,36.741476762351,127.120519182095,51.680298962630,0.0071,0.0073,124.613645,0.8704,9
519,547975850,50,36.741474855763,127.120522877030,51.684185585938,0.0071,0.0073,122.665677,0.8704,9
520,547975900,50,36.741473061454,127.120526602655,51.680301285349,0.0070,0.0073,122.665721,0.8704,9
521,547975950,50,36.741471321644,127.120530364641,51.674151660874,0.0071,0.0073,119.883068,0.8704,9
522,547976000,50,36.741469568335,127.120534159367,51.672797690146,0.0071,0.0073,119.859909,0.8704,9
523,547976050,50,36.741467813887,127.120537918456,51.681085720658,0.0071,0.0073,120.110034,0.8704,9
524,547976100,50,36.741465986594,127.120541622864,51.684906568378,0.0071,0.0073,121.504429,0.8704,9
525,547976150,50,36.741464072776,127.120545287530,51.678623288870,0.0071,0.0073,122.979158,0.8704,9
526,547976200,50,36.741462067897,127.120548889125,51.674457646906,0.0071,0.0073,124.670429,0.8704,9
527,547976250,50,36.741459986701,127.120552388736,51.665195463225,0.0071,0.0073,126.461499,0.8704,9
528,547976300,50,36.741457833537,127.120555898803,51.679303548299,0.0071,0.0073,127.314527,0.8704,9
529,547976350,50,36.741455684937,127.120559413004,51.678770251572,0.0071,0.0073,127.223438,0.8704,9
530,547976400,50,36.741453650126,127.120563016032,51.672607135028,0.0072,0.0073,125.057956,0.8704,9
531,547976450,50,36.741451647392,127.120566646592,51.683548358269,0.0072,0.0073,124.427404,0.8704,9
532,547976500,50,36.741449753152,127.120570392904,51.685075516813,0.0072,0.0073,122.139300,0.8704,9
533,547976550,50,36.741447905870,127.120574120618,51.689708118327,0.0072,0.0073,121.622164,0.8704,9
534,547976600,50,36.741446169573,127.120578034323,51.682724844664,0.0073,0.0078,118.865301,0.8704,9
535,547976650,50,36.741444384088,127.120581787530,51.687377407216,0.0073,0.0078,120.587203,0.8704,9
536,547976700,50,36.741442467580,127.120585522001,51.677328635007,0.0079,0.0081,122.523859,0.8704,9
537,547976750,50,36.741440544513,127.120589284850,51.680490785278,0.0079,0.0081,122.416071,0.8704,9
538,547976800,50,36.741438499866,127.120592946518,51.681280490011,0.0079,0.0082,124.753514,0.8704,9
539,547976850,50,36.741436398433,127.120596555567,51.671431092545,0.0079,0.0082,125.885040,0.8704,9
540,547976900,50,36.741434201297,127.120600048612,51.678105287254,0.0079,0.0082,128.009449,0.8704,9
541,547976950,50,36.741432006259,127.120603593921,51.675731785595,0.0080,0.0082,127.570893,0.8704,9
542,547977000,50,36.741429825284,127.120607181127,51.680294700898,0.0080,0.0084,127.068785,0.8704,9
543,547977050,50,36.741427686838,127.120610801448,51.681250378489,0.0076,0.0081,127.068829,0.8704,9
544,547977100,50,36.741425613554,127.120614524818,51.669443943538,0.0076,0.0081,124.678389,0.8704,9
545,547977150,50,36.741423661834,127.120618308643,51.677414714359,0.0076,0.0081,122.655903,0.8704,9
546,547977200,50,36.741421750356,127.120622174822,51.684872567654,0.0076,0.0081,121.563095,0.8704,9
547,547977250,50,36.741419862190,127.120626100354,51.673854067922,0.0079,0.0084,120.864634,0.8704,9
548,547977300,50,36.741417943207,127.120629939834,51.670762876980,0.0079,0.0084,121.840995,1.1916,8
549,547977350,50,36.741415978682,127.120633768063,51.673460558988,0.0079,0.0084,122.522558,0.8706,9
550,547977400,50,36.741413924102,127.120637526268,51.673519819975,0.0079,0.0083,124.187399,0.8706,9
551,547977450,50,36.741411743000,127.120641237790,51.679624757729,0.0079,0.0083,126.136102,0.8706,9
552,547977500,50,36.741409533634,127.120644829864,51.673575132154,0.0079,0.0084,127.388353,0.8706,9
553,547977550,50,36.741407194091,127.120648401381,51.673307883553,0.0079,0.0084,129.142922,0.8706,9
554,547977600,50,36.741404922310,127.120652034562,51.665081535466,0.0079,0.0083,127.844851,0.8706,9
555,547977650,50,36.741402681107,127.120655695787,51.662969434634,0.0079,0.0083,127.256822,0.8706,9
556,547977700,50,36.741400447720,127.120659422444,51.670865246095,0.0078,0.0082,127.256866,0.8706,9
557,547977750,50,36.741398317060,127.120663254929,51.670642334968,0.0078,0.0082,124.635888,0.8706,9
558,547977800,50,36.741396337545,127.120667139219,51.670572484843,0.0078,0.0082,122.342669,0.8706,9
559,547977850,50,36.741394367923,127.120671106901,51.671413967386,0.0078,0.0082,121.666689,0.8706,9
560,547977900,50,36.741392394489,127.120675030532,51.668162030168,0.0078,0.0082,122.002985,0.8706,9
561,547977950,50,36.741390333827,127.120678935021,51.670716439374,0.0078,0.0082,123.255426,0.8706,9
562,547978000,50,36.741388224203,127.120682780227,51.665717666969,0.0078,0.0082,124.282082,0.8706,9
563,547978050,50,36.741386060515,127.120686559534,51.674414104782,0.0078,0.0082,125.426398,0.8706,9
564,547978100,50,36.741383735176,127.120690293291,51.670129621401,0.0078,0.0082,127.733750,0.8706,9
565,547978150,50,36.741381428057,127.120693937452,51.670374789275,0.0078,0.0082,128.190088,0.8706,9
566,547978200,50,36.741378976927,127.120697534141,51.664892822504,0.0079,0.0082,130.257116,0.8706,9
567,547978250,50,36.741376632513,127.120701269329,51.664691291749,0.0079,0.0082,127.949881,0.8706,9
568,547978300,50,36.741374342859,127.120705043291,51.671364789829,0.0079,0.0082,127.010314,0.8706,9
569,547978350,50,36.741372083705,127.120708865127,51.665243517607,0.0080,0.0082,126.296451,0.8706,9
570,547978400,50,36.741369888973,127.120712676766,51.667873419821,0.0080,0.0082,125.581524,0.8706,9
571,547978450,50,36.741367739872,127.120716580392,51.658166133799,0.0080,0.0082,124.374399,0.8706,9
572,547978500,50,36.741365710590,127.120720630739,51.662949686870,0.0080,0.0082,121.903176,0.8706,9
573,547978550,50,36.741363675022,127.120724652538,51.674826922826,0.0080,0.0082,122.165073,0.8706,9
574,547978600,50,36.741361460464,127.120728535823,51.667570890859,0.0080,0.0082,125.320826,0.8706,9
575,547978650,50,36.741359304526,127.120732459896,51.662934508175,0.0080,0.0082,124.319737,0.8706,9
576,547978700,50,36.741356883332,127.120736144534,51.668341109529,0.0079,0.0081,124.319782,0.8706,9
577,547978750,50,36.741354468520,127.120739885593,51.666960571893,0.0079,0.0081,128.730852,0.8706,9
578,547978800,50,36.741352048295,127.120743528281,51.665440266021,0.0079,0.0081,129.541080,0.8706,9
579,547978850,50,36.741349510663,127.120747136916,51.667547779158,0.0079,0.0081,131.145572,0.8706,9
580,547978900,50,36.741347076807,127.120750839196,51.659380655736,0.0079,0.0081,129.242903,0.8706,9
581,547978950,50,36.741344699772,127.120754599326,51.655849052593,0.0080,0.0081,128.149083,0.8706,9
582,547979000,50,36.741342368553,127.120758432765,51.666871826164,0.0080,0.0080,127.075152,0.8706,9
583,547979050,50,36.741340189528,127.120762373416,51.654950930737,0.0080,0.0080,124.491668,0.8706,9
584,547979100,50,36.741338060166,127.120766377401,51.661965323612,0.0080,0.0080,123.456226,0.8706,9
585,547979150,50,36.741335907342,127.120770334525,51.663143879734,0.0080,0.0080,124.057885,0.8706,9
586,547979200,50,36.741333712117,127.120774267104,51.654180606827,0.0080,0.0080,124.744988,0.8706,9
587,547979250,50,36.741331456602,127.120778149189,51.660039274022,0.0080,0.0080,125.826029,0.8706,9
588,547979300,50,36.741329136284,127.120782037151,51.656504943036,0.0080,0.0080,126.558117,0.8706,9
589,547979350,50,36.741326740697,127.120785753797,51.661585518159,0.0080,0.0080,128.690392,0.8706,9
590,547979400,50,36.741324197004,127.120789330638,51.648982263170,0.0080,0.0080,131.464725,0.8706,9
591,547979450,50,36.741321692984,127.120793021211,51.657696193084,0.0080,0.0080,130.132232,0.8706,9
592,547979500,50,36.741319207772,127.120796683499,51.656084000133,0.0080,0.0080,130.136599,0.8706,9
593,547979550,50,36.741316726268,127.120800402678,51.660666696727,0.0080,0.0080,129.659871,0.8706,9
594,547979600,50,36.741314359796,127.120804202681,51.653298710473,0.0080,0.0079,127.732246,0.8706,9
595,547979650,50,36.741311996371,127.120808028167,51.643265621737,0.0079,0.0079,127.732292,0.8706,9
596,547979700,50,36.741309784859,127.120811997421,51.643377548084,0.0079,0.0079,124.694293,0.8706,9
597,547979750,50,36.741307671332,127.120816022489,51.643926658668,0.0079,0.0079,123.121963,0.8706,9
598,547979800,50,36.741305432915,127.120819920754,51.645410754718,0.0079,0.0079,125.506630,0.8706,9
599,547979850,50,36.741303227809,127.120823851815,51.652558236383,0.0079,0.0079,124.875971,0.8706,9
600,547979900,50,36.741300915402,127.120827700056,51.645286649466,0.0079,0.0079,126.746201,0.8706,9
601,547979950,50,36.741298533531,127.120831460207,51.639088341035,0.0079,0.0079,128.205482,0.8706,9
602,547980000,50,36.741296019499,127.120835120620,51.648431976326,0.0079,0.0078,130.476966,0.8706,9
603,547980050,50,36.741293466290,127.120838736211,51.640446198173,0.0079,0.0078,131.264624,0.8706,9
604,547980100,50,36.741290931116,127.120842366019,51.640166016296,0.0079,0.0078,130.952028,0.8706,9
605,547980150,50,36.741288355282,127.120845963231,51.639928636141,0.0079,0.0078,131.660309,0.8706,9
606,547980200,50,36.741285911861,127.120849634018,51.638018504716,0.0079,0.0078,129.593214,0.8706,9
607,547980250,50,36.741283549446,127.120853446880,51.645534994081,0.0079,0.0078,127.591085,0.8706,9
608,547980300,50,36.741281203191,127.120857226668,51.638065317646,0.0079,0.0079,127.642280,0.8706,9
609,547980350,50,36.741278966663,127.120861100525,51.641749337316,0.0079,0.0079,125.654003,0.8706,9
610,547980400,50,36.741276828803,127.120865063668,51.639426682144,0.0079,0.0079,123.832379,0.8706,9
611,547980450,50,36.741274574860,127.120868930226,51.634850780480,0.0080,0.0079,125.916066,0.8706,9
612,547980500,50,36.741272208200,127.120872703715,51.635724717751,0.0080,0.0079,127.928785,0.8706,9
613,547980550,50,36.741269827043,127.120876417511,51.641077518463,0.0080,0.0079,128.542992,0.8706,9
614,547980600,50,36.741267372108,127.120880084550,51.635630607605,0.0080,0.0079,129.754294,0.8706,9
615,547980650,50,36.741264844931,127.120883677445,51.637635253370,0.0080,0.0079,131.152385,0.8706,9
616,547980700,50,36.741262309833,127.120887173777,51.635658599436,0.0080,0.0081,132.016307,0.8706,9
617,547980750,50,36.741259711088,127.120890699895,51.639363839291,0.0080,0.0081,132.481477,0.8706,9
618,547980800,50,36.741257215981,127.120894273403,51.635196858086,0.0080,0.0081,130.943508,0.8706,9
619,547980850,50,36.741254716080,127.120897900664,51.640566691756,0.0082,0.0082,130.574864,0.8706,9
620,547980900,50,36.741252317084,127.120901563166,51.637415298261,0.0081,0.0082,130.574910,0.8706,9
621,547980950,50,36.741250030262,127.120905364819,51.630433512852,0.0081,0.0081,126.775141,0.8706,9
622,547981000,50,36.741247862217,127.120909271445,51.637226798572,0.0081,0.0083,124.588503,0.8706,9
623,547981050,50,36.741245663776,127.120913091627,51.640886523761,0.0081,0.0083,125.566579,0.8706,9
624,547981100,50,36.741243387747,127.120916873651,51.635911586694,0.0082,0.0083,126.787380,0.8706,9
625,547981150,50,36.741240956018,127.120920495166,51.636006519198,0.0082,0.0083,129.838681,0.8706,9
626,547981200,50,36.741238513439,127.120924084861,51.630030252039,0.0082,0.0083,130.213323,0.8706,9
627,547981250,50,36.741236017957,127.120927634046,51.629308849573,0.0082,0.0083,131.141582,0.8706,9
628,547981300,50,36.741233413664,127.120931051600,51.627716459334,0.0082,0.0083,133.436009,0.8706,9
629,547981350,50,36.741230812555,127.120934446700,51.626727793366,0.0082,0.0083,133.589593,0.8706,9
630,547981400,50,36.741228258923,127.120937936885,51.629913884215,0.0082,0.0083,132.274111,0.8706,9
631,547981450,50,36.741225739667,127.120941439614,51.626062083058,0.0082,0.0083,131.785701,0.8706,9
632,547981500,50,36.741223367172,127.120945030015,51.632182028145,0.0082,0.0082,129.387491,0.8706,9
633,547981550,50,36.741220975211,127.120948682578,51.614623277448,0.0082,0.0082,129.134974,0.8706,9
634,547981600,50,36.741218714782,127.120952385161,51.621463761665,0.0082,0.0082,127.182486,0.8706,9
635,547981650,50,36.741216478179,127.120956110819,51.626584248617,0.0082,0.0082,126.719819,0.8706,9
636,547981700,50,36.741214180534,127.120959837640,51.624570556916,0.0082,0.0082,127.453352,0.8706,9
637,547981750,50,36.741211850193,127.120963491489,51.616747989319,0.0082,0.0082,128.395094,0.8706,9
638,547981800,50,36.741209474126,127.120967077504,51.619056015275,0.0082,0.0082,129.464107,0.8706,9
639,547981850,50,36.741206972982,127.120970540845,51.611161005683,0.0082,0.0082,131.902243,0.8706,9
640,547981900,50,36.741204424562,127.120973926298,51.616462226026,0.0082,0.0082,133.085665,0.8706,9
641,547981950,50,36.741201831115,127.120977272749,51.615810191259,0.0082,0.0082,133.918201,0.8706,9
642,547982000,50,36.741199221839,127.120980611614,51.617877490819,0.0082,0.0081,134.157395,0.8706,9
643,547982050,50,36.741196693946,127.120984030048,51.619161612354,0.0082,0.0081,132.577702,0.8706,9
644,547982100,50,36.741194232214,127.120987484304,51.618226415478,0.0082,0.0081,131.524948,0.8706,9
645,547982150,50,36.741191772139,127.120991047886,51.612048168667,0.0080,0.0080,131.524993,0.8706,9
646,547982200,50,36.741189508402,127.120994703896,51.611306246370,0.0080,0.0080,127.572787,0.8706,9
647,547982250,50,36.741187240231,127.120998355593,51.618783782236,0.0080,0.0080,127.659685,0.8706,9
648,547982300,50,36.741184971689,127.121001999463,51.619475235231,0.0080,0.0080,127.723698,0.8706,9
649,547982350,50,36.741182630847,127.121005611195,51.612599633634,0.0080,0.0080,128.844666,0.8706,9
650,547982400,50,36.741180298108,127.121009132086,51.613641883247,0.0080,0.0080,129.461981,0.8706,9
651,547982450,50,36.741177836209,127.121012597965,51.621787995100,0.0080,0.0080,131.431385,0.8706,9
652,547982500,50,36.741175304125,127.121015908706,51.615892811678,0.0080,0.0079,133.539958,0.8706,9
653,547982550,50,36.741172689297,127.121019197232,51.608472384512,0.0080,0.0079,134.653392,0.8706,9
654,547982600,50,36.741170106251,127.121022440580,51.606903493404,0.0080,0.0079,134.699345,0.8706,9
655,547982650,50,36.741167515898,127.121025713933,51.596074158326,0.0080,0.0079,134.516483,0.8706,9
656,547982700,50,36.741164998633,127.121029040559,51.605357717723,0.0075,0.0076,134.516525,0.8706,9
657,547982750,50,36.741162504913,127.121032443839,51.601132265292,0.0075,0.0076,132.316152,0.8706,9
658,547982800,50,36.741160130907,127.121035961716,51.599786633626,0.0075,0.0076,129.979970,0.8706,9
659,547982850,50,36.741157824748,127.121039501031,51.606263031252,0.0075,0.0076,128.993855,0.8706,9
660,547982900,50,36.741155600425,127.121043094309,51.604956476018,0.0075,0.0076,127.565668,0.8706,9
661,547982950,50,36.741153290428,127.121046639749,51.602602926083,0.0075,0.0076,128.991988,0.8706,9
662,547983000,50,36.741150950728,127.121050155809,51.601072813384,0.0075,0.0076,129.584416,0.8706,9
663,547983050,50,36.741148521633,127.121053535502,51.592776780948,0.0075,0.0076,131.766128,0.8706,9
664,547983100,50,36.741146038596,127.121056874835,51.601683584042,0.0075,0.0076,132.734989,0.8706,9
665,547983150,50,36.741143455476,127.121060057536,51.592829860747,0.0075,0.0076,135.240922,0.8706,9
